#!ascii label  , from subject sub-MOT05 vox2ras=TkReg
745
37879  -21.345  -57.767  77.577 0.0000000000
55271  -42.056  -41.721  73.158 0.0000000000
59629  -46.920  -37.789  67.898 0.0000000000
58571  -52.846  -38.434  61.099 0.0000000000
52031  -39.284  -45.135  74.684 0.0000000000
59676  -50.260  -37.566  63.662 0.0000000000
65514  -53.275  -31.026  56.446 0.0000000000
66545  -57.146  -30.045  54.862 0.0000000000
53176  -45.146  -42.724  71.748 0.0000000000
56304  -49.454  -40.427  70.826 0.0000000000
58381  -44.272  -39.220  71.307 0.0000000000
41317  -22.540  -54.783  81.993 0.0000000000
42492  -26.163  -53.256  79.272 0.0000000000
40287  -28.277  -55.578  74.708 0.0000000000
40319  -32.283  -55.642  72.483 0.0000000000
42509  -35.581  -52.727  77.165 0.0000000000
47853  -39.104  -48.469  77.267 0.0000000000
50956  -43.044  -45.512  74.889 0.0000000000
57376  -50.622  -39.301  67.470 0.0000000000
67549  -58.564  -28.794  54.051 0.0000000000
56280  -43.912  -41.435  73.647 0.0000000000
56293  -44.918  -40.486  72.274 0.0000000000
57319  -43.201  -39.764  71.916 0.0000000000
43576  -22.016  -53.744  79.961 0.0000000000
42462  -24.271  -53.222  81.033 0.0000000000
46741  -35.526  -49.739  77.490 0.0000000000
44691  -37.303  -51.293  77.332 0.0000000000
48878  -36.620  -48.021  77.267 0.0000000000
53128  -40.797  -43.864  73.773 0.0000000000
51989  -40.782  -44.496  76.408 0.0000000000
54188  -42.936  -42.727  74.970 0.0000000000
52056  -43.956  -44.417  73.455 0.0000000000
59604  -49.021  -38.146  70.042 0.0000000000
56323  -50.089  -39.937  69.425 0.0000000000
59623  -50.699  -37.542  67.910 0.0000000000
58540  -51.398  -38.561  61.795 0.0000000000
58480  -52.073  -38.918  64.391 0.0000000000
56419  -52.920  -40.298  62.504 0.0000000000
56444  -54.107  -39.881  60.517 0.0000000000
64533  -56.597  -32.637  57.410 0.0000000000
64514  -54.861  -32.954  58.786 0.0000000000
48915  -37.337  -47.276  74.093 0.0000000000
58598  -50.156  -38.362  59.904 0.0000000000
66532  -55.579  -30.551  55.485 0.0000000000
65527  -57.865  -31.655  55.710 0.0000000000
65591  -57.875  -30.949  51.609 0.0000000000
51004  -48.136  -45.051  70.460 0.0000000000
54221  -47.339  -42.088  71.140 0.0000000000
58384  -46.850  -39.071  71.467 0.0000000000
39065  -22.094  -56.499  80.232 0.0000000000
40261  -26.178  -55.239  76.326 0.0000000000
40263  -27.339  -55.070  76.642 0.0000000000
37910  -27.572  -56.905  74.185 0.0000000000
37925  -28.955  -57.472  72.855 0.0000000000
36804  -31.567  -58.032  72.000 0.0000000000
36795  -33.764  -57.407  73.115 0.0000000000
42541  -33.661  -53.963  75.508 0.0000000000
42543  -37.555  -53.366  75.541 0.0000000000
50887  -38.706  -45.940  77.075 0.0000000000
48896  -41.109  -47.503  76.262 0.0000000000
47877  -43.308  -48.745  74.573 0.0000000000
48917  -44.906  -47.317  73.419 0.0000000000
49924  -46.634  -46.579  71.829 0.0000000000
58452  -51.556  -38.252  66.134 0.0000000000
62627  -52.570  -34.408  59.483 0.0000000000
60659  -54.623  -37.206  60.449 0.0000000000
36750  -21.876  -57.978  79.443 0.0000000000
55265  -43.172  -41.649  74.142 0.0000000000
57303  -43.543  -40.504  73.218 0.0000000000
56292  -42.716  -40.759  72.975 0.0000000000
46761  -35.677  -49.595  76.433 0.0000000000
47834  -36.362  -48.823  77.670 0.0000000000
48886  -36.301  -48.191  76.482 0.0000000000
54193  -41.785  -42.515  74.261 0.0000000000
53097  -41.678  -43.177  75.513 0.0000000000
55258  -42.897  -42.126  74.560 0.0000000000
55259  -43.214  -42.245  74.484 0.0000000000
59612  -49.575  -37.857  69.358 0.0000000000
59631  -49.021  -37.151  67.591 0.0000000000
58541  -52.445  -38.721  61.799 0.0000000000
58517  -52.904  -39.238  62.440 0.0000000000
58518  -53.740  -39.240  61.994 0.0000000000
56431  -53.870  -40.125  61.301 0.0000000000
58543  -54.350  -38.684  61.454 0.0000000000
63591  -56.383  -33.307  57.001 0.0000000000
63590  -55.737  -33.644  57.788 0.0000000000
63606  -54.936  -34.244  56.651 0.0000000000
66543  -54.829  -30.569  54.436 0.0000000000
66533  -56.724  -30.493  55.684 0.0000000000
66525  -57.155  -30.891  56.442 0.0000000000
66534  -57.843  -30.758  55.741 0.0000000000
65539  -57.850  -31.751  54.769 0.0000000000
66535  -58.489  -30.671  55.110 0.0000000000
66558  -58.929  -30.047  53.501 0.0000000000
52089  -47.254  -44.129  71.029 0.0000000000
53179  -47.805  -43.082  70.927 0.0000000000
54220  -46.379  -42.000  71.290 0.0000000000
58372  -45.224  -39.450  71.782 0.0000000000
57313  -46.131  -39.743  71.716 0.0000000000
58383  -45.931  -39.012  71.354 0.0000000000
59601  -46.437  -38.321  70.562 0.0000000000
58409  -45.552  -38.401  69.964 0.0000000000
41331  -22.304  -54.832  80.109 0.0000000000
41324  -22.617  -54.518  80.835 0.0000000000
42482  -25.658  -52.975  80.278 0.0000000000
42539  -28.173  -54.343  74.972 0.0000000000
41381  -27.929  -54.937  75.969 0.0000000000
39097  -27.482  -56.136  75.216 0.0000000000
39108  -28.294  -56.626  74.199 0.0000000000
37924  -28.351  -57.382  73.367 0.0000000000
39122  -28.912  -56.923  73.317 0.0000000000
39136  -32.205  -56.629  72.433 0.0000000000
37940  -32.924  -57.195  72.826 0.0000000000
39137  -32.841  -56.252  72.922 0.0000000000
43598  -34.077  -52.446  77.207 0.0000000000
43614  -33.346  -52.582  76.535 0.0000000000
41382  -34.614  -53.759  76.040 0.0000000000
40275  -35.188  -55.043  74.867 0.0000000000
41384  -35.697  -53.849  75.786 0.0000000000
41404  -36.421  -54.509  75.072 0.0000000000
42526  -36.443  -53.179  76.335 0.0000000000
46762  -38.583  -49.404  77.260 0.0000000000
44706  -38.786  -51.446  76.095 0.0000000000
45760  -39.388  -50.537  76.137 0.0000000000
46780  -40.644  -49.688  75.727 0.0000000000
49895  -37.840  -46.330  75.379 0.0000000000
50934  -38.847  -45.350  75.471 0.0000000000
50912  -41.892  -44.926  76.262 0.0000000000
50911  -41.432  -45.490  76.440 0.0000000000
50935  -41.827  -46.045  75.952 0.0000000000
48898  -42.490  -47.789  75.227 0.0000000000
49905  -43.088  -46.804  74.894 0.0000000000
49906  -43.684  -46.747  74.353 0.0000000000
53154  -44.425  -43.146  72.661 0.0000000000
50987  -45.160  -45.338  72.384 0.0000000000
51001  -45.706  -44.694  71.676 0.0000000000
49932  -47.124  -46.210  71.369 0.0000000000
41322  -21.689  -54.952  81.351 0.0000000000
40182  -22.115  -55.690  82.761 0.0000000000
39045  -22.305  -56.504  81.944 0.0000000000
54237  -49.270  -42.071  70.658 0.0000000000
54254  -49.857  -41.865  69.812 0.0000000000
57358  -50.419  -39.320  68.205 0.0000000000
59665  -49.309  -37.305  64.559 0.0000000000
59644  -50.748  -37.456  66.047 0.0000000000
59656  -50.781  -37.563  65.179 0.0000000000
56410  -51.836  -40.546  63.519 0.0000000000
56388  -51.925  -39.747  65.204 0.0000000000
62630  -54.865  -34.814  59.173 0.0000000000
63561  -53.999  -34.018  59.526 0.0000000000
62629  -54.297  -34.782  59.552 0.0000000000
61665  -53.878  -35.519  59.830 0.0000000000
60674  -54.679  -36.819  59.744 0.0000000000
58628  -54.668  -38.328  59.347 0.0000000000
67547  -56.611  -29.390  53.372 0.0000000000
67542  -58.364  -29.523  54.397 0.0000000000
68654  -56.969  -28.260  53.367 0.0000000000
69692  -57.612  -26.893  54.075 0.0000000000
54207  -44.518  -42.049  72.675 0.0000000000
54208  -44.878  -41.588  72.199 0.0000000000
56287  -44.228  -40.761  73.104 0.0000000000
57311  -44.553  -39.980  72.410 0.0000000000
57320  -43.821  -39.515  71.826 0.0000000000
42460  -22.408  -53.899  80.964 0.0000000000
42461  -23.112  -53.796  80.935 0.0000000000
44653  -25.779  -52.126  80.012 0.0000000000
43588  -35.219  -51.679  78.025 0.0000000000
43601  -36.717  -52.155  77.232 0.0000000000
45740  -36.534  -50.473  78.127 0.0000000000
46750  -37.219  -49.264  77.957 0.0000000000
47844  -38.581  -48.121  77.605 0.0000000000
52054  -40.209  -44.620  73.729 0.0000000000
52008  -39.473  -44.798  75.672 0.0000000000
53096  -40.790  -43.631  75.718 0.0000000000
53087  -41.963  -43.787  76.194 0.0000000000
52011  -42.879  -44.312  75.380 0.0000000000
50972  -43.509  -45.159  74.271 0.0000000000
53110  -43.485  -43.448  74.500 0.0000000000
54195  -43.830  -42.510  73.938 0.0000000000
41338  -21.494  -54.579  79.901 0.0000000000
58386  -48.906  -39.095  70.943 0.0000000000
56312  -50.141  -40.219  69.925 0.0000000000
58401  -50.159  -38.935  69.995 0.0000000000
58412  -50.150  -38.472  69.415 0.0000000000
57347  -50.965  -38.489  68.020 0.0000000000
59686  -50.406  -37.876  62.906 0.0000000000
59668  -51.336  -38.002  64.230 0.0000000000
58498  -52.146  -39.266  63.378 0.0000000000
57437  -52.613  -39.817  62.974 0.0000000000
65499  -55.242  -31.669  57.770 0.0000000000
64531  -54.622  -32.207  58.409 0.0000000000
64532  -55.624  -32.649  58.188 0.0000000000
63578  -55.218  -33.740  58.854 0.0000000000
54206  -41.747  -42.425  72.285 0.0000000000
53153  -41.454  -43.290  72.519 0.0000000000
59641  -48.162  -37.412  66.696 0.0000000000
59695  -48.985  -37.620  62.153 0.0000000000
58539  -50.302  -38.300  61.835 0.0000000000
58569  -50.758  -38.477  60.813 0.0000000000
58599  -51.180  -38.171  59.843 0.0000000000
66522  -54.041  -30.760  56.024 0.0000000000
65516  -55.799  -31.151  57.117 0.0000000000
64534  -57.174  -32.226  56.845 0.0000000000
64567  -56.722  -32.691  55.683 0.0000000000
66547  -58.728  -30.239  54.420 0.0000000000
65572  -57.919  -31.185  52.655 0.0000000000
51017  -48.550  -44.788  70.033 0.0000000000
53199  -48.676  -42.940  70.641 0.0000000000
55284  -48.554  -41.182  71.219 0.0000000000
56300  -46.442  -40.718  71.637 0.0000000000
56301  -46.963  -40.358  71.607 0.0000000000
57323  -48.452  -39.685  71.288 0.0000000000
58398  -47.562  -38.503  70.909 0.0000000000
59610  -47.426  -37.861  69.730 0.0000000000
57318  -42.610  -40.241  71.812 0.0000000000
58379  -42.766  -39.742  70.979 0.0000000000
58407  -43.534  -39.149  69.602 0.0000000000
39074  -21.703  -56.662  78.735 0.0000000000
40235  -21.972  -55.278  78.711 0.0000000000
40286  -26.507  -56.040  74.571 0.0000000000
44671  -25.674  -51.250  78.728 0.0000000000
43585  -26.570  -52.520  78.976 0.0000000000
41351  -27.168  -53.941  78.110 0.0000000000
39096  -27.205  -56.071  75.360 0.0000000000
36802  -29.710  -58.330  72.032 0.0000000000
36816  -31.331  -58.436  71.526 0.0000000000
41439  -32.229  -54.360  73.149 0.0000000000
43645  -32.723  -53.361  75.179 0.0000000000
41440  -32.912  -54.749  73.702 0.0000000000
40288  -34.201  -55.700  74.113 0.0000000000
39110  -34.600  -56.544  73.735 0.0000000000
43602  -37.431  -51.988  76.850 0.0000000000
49887  -37.147  -47.035  76.187 0.0000000000
49879  -38.064  -46.658  77.089 0.0000000000
48881  -39.114  -47.127  77.552 0.0000000000
50910  -40.239  -45.589  76.967 0.0000000000
49889  -40.144  -46.613  77.203 0.0000000000
47855  -40.659  -48.152  76.317 0.0000000000
47863  -41.227  -48.622  75.763 0.0000000000
46782  -42.312  -49.682  74.729 0.0000000000
47909  -45.696  -47.717  72.296 0.0000000000
50973  -44.080  -45.552  73.564 0.0000000000
49922  -45.339  -46.227  72.783 0.0000000000
47910  -46.439  -47.450  71.777 0.0000000000
48949  -47.463  -47.066  71.203 0.0000000000
37858  -22.153  -57.407  80.716 0.0000000000
59632  -50.011  -37.104  67.330 0.0000000000
59624  -51.041  -37.797  67.231 0.0000000000
57360  -51.151  -38.523  67.215 0.0000000000
58467  -51.985  -38.711  65.210 0.0000000000
56369  -51.922  -39.354  65.847 0.0000000000
56386  -49.963  -40.243  65.459 0.0000000000
59733  -50.708  -37.564  58.937 0.0000000000
59721  -53.266  -37.489  60.412 0.0000000000
64512  -53.000  -32.820  58.803 0.0000000000
63575  -52.622  -33.427  59.217 0.0000000000
61688  -51.996  -35.745  59.254 0.0000000000
60672  -53.501  -36.375  60.056 0.0000000000
59708  -54.295  -37.672  61.032 0.0000000000
57487  -55.020  -38.955  60.475 0.0000000000
56277  -42.776  -41.117  73.668 0.0000000000
56278  -42.970  -41.047  73.869 0.0000000000
56284  -42.566  -41.113  73.303 0.0000000000
45776  -35.720  -50.200  75.489 0.0000000000
47850  -35.887  -48.953  76.486 0.0000000000
47861  -36.263  -48.562  75.667 0.0000000000
55264  -42.582  -41.640  74.071 0.0000000000
59620  -47.718  -37.633  68.797 0.0000000000
59621  -48.818  -37.426  68.626 0.0000000000
59630  -47.984  -37.491  67.758 0.0000000000
58542  -53.411  -38.726  61.721 0.0000000000
57457  -54.082  -39.626  61.754 0.0000000000
63608  -56.331  -33.218  56.256 0.0000000000
63607  -55.572  -33.912  56.729 0.0000000000
66546  -58.193  -30.068  54.995 0.0000000000
52088  -46.294  -43.957  71.272 0.0000000000
53178  -46.844  -43.033  71.099 0.0000000000
53177  -45.894  -42.868  71.346 0.0000000000
58382  -45.096  -39.078  71.353 0.0000000000
58396  -45.805  -38.581  70.814 0.0000000000
58395  -44.864  -38.821  70.693 0.0000000000
40189  -22.703  -54.999  81.830 0.0000000000
41318  -22.690  -54.636  81.508 0.0000000000
42491  -25.511  -53.540  78.845 0.0000000000
41420  -28.298  -54.746  74.685 0.0000000000
41400  -28.110  -54.815  75.381 0.0000000000
39098  -27.998  -55.978  75.103 0.0000000000
40304  -28.740  -55.919  73.673 0.0000000000
40328  -31.683  -55.312  71.997 0.0000000000
39146  -31.671  -56.100  71.995 0.0000000000
40320  -32.839  -55.464  73.041 0.0000000000
42508  -34.828  -52.931  77.062 0.0000000000
42507  -34.323  -53.099  76.851 0.0000000000
42525  -35.391  -53.364  76.487 0.0000000000
41383  -35.050  -53.810  75.917 0.0000000000
41385  -36.214  -54.007  75.547 0.0000000000
45759  -38.555  -50.414  76.766 0.0000000000
46763  -39.378  -49.490  76.625 0.0000000000
46779  -39.932  -49.936  76.063 0.0000000000
46764  -40.098  -49.275  76.230 0.0000000000
50933  -38.350  -45.875  75.050 0.0000000000
50936  -42.306  -45.461  75.749 0.0000000000
49904  -42.577  -46.433  75.273 0.0000000000
50955  -42.708  -46.045  75.155 0.0000000000
53155  -44.842  -43.264  72.003 0.0000000000
52074  -44.893  -44.109  72.096 0.0000000000
52087  -45.432  -43.629  71.618 0.0000000000
51002  -46.663  -45.165  71.386 0.0000000000
41316  -21.945  -54.860  82.162 0.0000000000
41311  -22.245  -55.185  82.452 0.0000000000
40188  -22.455  -55.526  82.152 0.0000000000
55285  -49.170  -41.191  70.946 0.0000000000
54238  -49.730  -42.010  70.214 0.0000000000
55296  -49.623  -41.210  70.519 0.0000000000
56349  -50.008  -39.621  67.801 0.0000000000
56367  -50.399  -39.687  66.597 0.0000000000
59666  -50.150  -37.401  64.468 0.0000000000
59655  -50.079  -37.287  65.358 0.0000000000
65497  -52.778  -31.700  57.361 0.0000000000
62646  -54.916  -35.136  58.826 0.0000000000
61666  -54.469  -35.663  59.584 0.0000000000
55272  -44.252  -41.576  73.302 0.0000000000
57304  -44.042  -40.245  72.978 0.0000000000
57310  -43.777  -39.907  72.510 0.0000000000
42468  -22.101  -53.896  80.590 0.0000000000
44652  -25.214  -52.002  80.374 0.0000000000
45739  -35.100  -50.377  77.059 0.0000000000
45725  -34.654  -51.129  77.626 0.0000000000
45726  -35.157  -50.517  77.793 0.0000000000
44675  -35.553  -51.115  78.207 0.0000000000
45727  -36.017  -50.206  78.215 0.0000000000
47842  -37.033  -48.525  77.789 0.0000000000
46743  -36.509  -49.343  77.998 0.0000000000
47843  -37.873  -48.399  77.736 0.0000000000
53108  -40.392  -43.943  74.776 0.0000000000
53109  -41.057  -43.287  74.684 0.0000000000
54187  -42.414  -42.537  74.943 0.0000000000
53098  -42.506  -43.491  75.621 0.0000000000
53088  -42.320  -43.982  76.096 0.0000000000
53099  -43.119  -43.465  75.101 0.0000000000
55266  -43.580  -41.958  74.082 0.0000000000
54194  -43.566  -42.642  74.360 0.0000000000
55267  -44.071  -42.070  73.719 0.0000000000
54199  -44.164  -42.382  73.382 0.0000000000
42467  -21.811  -54.205  80.220 0.0000000000
42459  -21.871  -54.347  80.844 0.0000000000
58399  -48.566  -38.523  70.675 0.0000000000
58400  -49.594  -38.726  70.304 0.0000000000
59605  -49.530  -38.223  69.868 0.0000000000
59613  -50.291  -37.836  68.736 0.0000000000
58425  -50.697  -38.167  68.462 0.0000000000
58515  -50.982  -38.356  62.771 0.0000000000
58496  -51.114  -38.154  63.367 0.0000000000
58516  -51.933  -38.835  62.659 0.0000000000
57456  -53.373  -39.789  62.268 0.0000000000
56430  -52.803  -40.690  61.678 0.0000000000
65500  -56.271  -31.865  57.527 0.0000000000
62647  -55.133  -34.590  58.493 0.0000000000
59696  -49.785  -37.869  62.263 0.0000000000
58597  -49.174  -38.352  59.785 0.0000000000
58570  -51.839  -38.465  60.937 0.0000000000
66531  -54.451  -30.658  55.284 0.0000000000
66523  -55.151  -30.782  56.259 0.0000000000
66524  -56.266  -30.791  56.421 0.0000000000
65518  -57.454  -31.573  56.537 0.0000000000
64552  -57.416  -32.233  56.188 0.0000000000
64551  -56.834  -32.707  56.599 0.0000000000
64568  -57.499  -32.197  55.340 0.0000000000
67543  -58.886  -29.523  54.046 0.0000000000
65573  -58.531  -30.575  52.673 0.0000000000
49945  -48.113  -45.947  70.129 0.0000000000
51030  -48.495  -45.239  69.577 0.0000000000
54222  -48.317  -42.075  71.033 0.0000000000
54236  -48.855  -42.225  70.853 0.0000000000
55283  -47.710  -41.208  71.358 0.0000000000
55277  -45.254  -41.036  72.008 0.0000000000
56294  -45.936  -40.358  71.809 0.0000000000
58374  -46.400  -39.441  71.590 0.0000000000
57321  -46.715  -39.663  71.640 0.0000000000
57322  -47.526  -39.654  71.531 0.0000000000
58385  -48.010  -39.009  71.233 0.0000000000
59609  -46.471  -38.078  69.994 0.0000000000
59602  -47.118  -38.183  70.458 0.0000000000
39075  -21.908  -56.533  79.452 0.0000000000
40221  -21.814  -55.954  78.956 0.0000000000
40222  -22.065  -55.580  79.587 0.0000000000
41332  -22.829  -54.036  79.724 0.0000000000
42470  -24.252  -53.265  80.455 0.0000000000
41398  -25.530  -54.643  75.975 0.0000000000
40270  -26.006  -55.368  75.282 0.0000000000
44663  -26.120  -51.896  79.327 0.0000000000
41366  -27.380  -54.290  77.318 0.0000000000
40250  -27.132  -54.726  77.342 0.0000000000
39106  -27.220  -56.501  74.651 0.0000000000
39121  -26.865  -56.730  73.899 0.0000000000
37922  -27.312  -57.058  73.876 0.0000000000
37934  -27.346  -57.291  73.304 0.0000000000
37936  -28.905  -57.873  72.512 0.0000000000
37935  -28.061  -57.909  72.648 0.0000000000
36801  -28.968  -58.284  71.938 0.0000000000
37950  -31.135  -57.167  72.006 0.0000000000
37938  -30.719  -57.617  72.123 0.0000000000
36803  -30.528  -58.160  72.014 0.0000000000
37941  -33.332  -57.438  72.915 0.0000000000
36806  -33.267  -57.707  72.690 0.0000000000
36807  -33.788  -57.572  72.905 0.0000000000
37942  -34.168  -57.510  72.771 0.0000000000
37928  -34.204  -57.120  73.348 0.0000000000
43630  -32.821  -53.060  75.696 0.0000000000
42560  -33.331  -54.008  75.034 0.0000000000
41421  -33.020  -54.384  74.304 0.0000000000
41422  -33.621  -54.730  74.532 0.0000000000
41441  -33.431  -55.240  73.841 0.0000000000
40289  -34.727  -55.785  74.277 0.0000000000
40290  -35.342  -55.859  74.218 0.0000000000
39111  -35.224  -56.532  73.572 0.0000000000
41405  -37.099  -54.243  74.896 0.0000000000
40278  -37.090  -54.665  74.517 0.0000000000
41406  -37.761  -53.795  74.809 0.0000000000
48903  -36.788  -47.648  75.084 0.0000000000
48904  -37.072  -47.192  74.889 0.0000000000
50908  -38.299  -45.883  76.195 0.0000000000
49880  -38.876  -46.576  77.412 0.0000000000
48880  -38.433  -47.424  77.537 0.0000000000
52009  -40.102  -44.215  75.748 0.0000000000
51988  -39.928  -44.763  76.428 0.0000000000
49896  -41.528  -46.640  76.114 0.0000000000
49890  -40.875  -46.531  76.743 0.0000000000
48890  -40.430  -47.441  76.797 0.0000000000
47865  -42.820  -48.486  74.934 0.0000000000
47864  -42.202  -48.767  75.210 0.0000000000
47876  -42.757  -49.112  74.772 0.0000000000
48916  -44.273  -47.586  73.963 0.0000000000
47894  -45.312  -47.653  73.029 0.0000000000
52055  -43.634  -44.427  74.087 0.0000000000
49923  -46.019  -46.309  72.272 0.0000000000
48931  -46.392  -47.111  72.088 0.0000000000
48948  -46.839  -47.286  71.593 0.0000000000
48932  -46.953  -46.919  71.652 0.0000000000
51003  -47.585  -45.181  70.994 0.0000000000
49933  -47.746  -46.100  70.775 0.0000000000
39055  -22.188  -56.527  81.117 0.0000000000
37853  -22.252  -57.577  81.651 0.0000000000
37865  -22.041  -57.304  79.882 0.0000000000
55311  -49.900  -40.951  69.594 0.0000000000
56322  -49.918  -40.366  69.283 0.0000000000
59653  -48.288  -37.418  65.649 0.0000000000
59642  -49.141  -37.114  66.529 0.0000000000
59634  -51.172  -37.809  66.536 0.0000000000
59633  -50.691  -37.462  66.947 0.0000000000
58438  -51.279  -38.192  66.839 0.0000000000
58479  -51.695  -38.360  64.700 0.0000000000
56387  -51.078  -40.091  65.394 0.0000000000
56368  -51.493  -39.518  66.092 0.0000000000
59720  -51.826  -37.558  59.596 0.0000000000
59734  -51.535  -36.928  59.031 0.0000000000
64530  -53.488  -32.201  58.258 0.0000000000
64513  -54.040  -32.810  58.855 0.0000000000
63560  -53.132  -33.916  59.495 0.0000000000
63559  -52.487  -33.867  59.395 0.0000000000
63574  -51.652  -33.854  59.174 0.0000000000
62645  -51.819  -34.929  59.327 0.0000000000
61664  -52.839  -35.436  59.590 0.0000000000
60673  -54.302  -36.385  60.127 0.0000000000
59722  -54.058  -36.966  60.536 0.0000000000
59709  -55.110  -37.804  60.825 0.0000000000
59699  -54.773  -38.164  61.224 0.0000000000
56279  -43.587  -41.062  73.657 0.0000000000
57298  -43.236  -40.857  73.613 0.0000000000
57302  -43.114  -40.750  73.450 0.0000000000
57309  -42.983  -40.401  72.729 0.0000000000
46749  -35.482  -49.710  77.030 0.0000000000
46742  -35.872  -49.569  77.863 0.0000000000
47840  -35.761  -49.042  77.079 0.0000000000
48877  -36.088  -48.528  77.138 0.0000000000
53129  -41.268  -43.173  73.613 0.0000000000
59611  -48.482  -37.780  69.523 0.0000000000
59622  -49.838  -37.392  68.330 0.0000000000
56420  -53.572  -40.214  61.987 0.0000000000
57472  -54.719  -39.350  61.031 0.0000000000
66544  -55.935  -30.310  54.641 0.0000000000
65528  -58.259  -31.217  55.258 0.0000000000
65540  -58.457  -31.074  54.541 0.0000000000
68644  -58.909  -27.967  53.689 0.0000000000
67550  -59.152  -29.074  53.356 0.0000000000
66567  -58.994  -29.898  52.576 0.0000000000
52090  -48.123  -44.110  70.782 0.0000000000
57312  -45.434  -39.855  71.951 0.0000000000
58373  -45.970  -39.415  71.602 0.0000000000
58397  -46.627  -38.539  70.997 0.0000000000
59608  -46.081  -38.308  70.380 0.0000000000
40210  -22.184  -55.669  80.553 0.0000000000
41323  -22.363  -55.128  80.745 0.0000000000
40248  -26.396  -54.969  77.113 0.0000000000
40264  -27.731  -55.054  76.224 0.0000000000
40273  -27.726  -55.483  75.668 0.0000000000
39107  -27.715  -56.626  74.588 0.0000000000
37923  -27.730  -57.339  73.656 0.0000000000
37911  -27.907  -57.083  74.079 0.0000000000
37939  -31.843  -57.423  72.211 0.0000000000
39124  -33.384  -56.577  73.287 0.0000000000
44687  -33.804  -51.686  76.997 0.0000000000
43615  -33.911  -52.960  76.833 0.0000000000
42523  -34.046  -53.527  76.324 0.0000000000
41401  -34.508  -54.342  75.476 0.0000000000
41403  -35.814  -54.530  75.255 0.0000000000
42542  -36.727  -53.876  75.440 0.0000000000
45758  -37.807  -50.663  77.197 0.0000000000
44705  -37.956  -51.370  76.723 0.0000000000
49902  -37.566  -46.782  74.695 0.0000000000
49894  -37.320  -46.817  75.528 0.0000000000
50909  -39.190  -45.277  76.602 0.0000000000
51990  -41.610  -44.457  76.352 0.0000000000
48897  -41.778  -47.669  75.649 0.0000000000
49897  -42.144  -46.724  75.538 0.0000000000
49898  -42.712  -47.135  75.176 0.0000000000
48905  -43.076  -47.825  74.913 0.0000000000
48906  -43.662  -47.756  74.528 0.0000000000
49914  -44.302  -46.640  73.811 0.0000000000
52073  -44.354  -44.281  72.778 0.0000000000
50986  -44.389  -45.140  72.966 0.0000000000
50988  -46.023  -45.568  71.873 0.0000000000
49931  -46.522  -46.027  71.747 0.0000000000
40187  -21.460  -55.711  81.980 0.0000000000
40181  -21.823  -55.533  82.544 0.0000000000
39034  -22.103  -56.461  82.552 0.0000000000
56336  -50.097  -39.765  69.096 0.0000000000
56335  -49.980  -39.785  68.710 0.0000000000
59654  -49.221  -37.227  65.514 0.0000000000
59643  -50.035  -37.188  66.315 0.0000000000
59645  -51.290  -37.831  65.758 0.0000000000
57418  -52.250  -39.647  64.074 0.0000000000
56389  -52.153  -39.695  64.694 0.0000000000
63563  -55.042  -34.220  59.193 0.0000000000
63577  -54.460  -33.480  59.185 0.0000000000
63562  -54.723  -34.158  59.327 0.0000000000
62628  -53.490  -34.651  59.612 0.0000000000
59723  -55.076  -37.782  60.119 0.0000000000
66557  -57.091  -29.609  54.091 0.0000000000
67541  -57.743  -29.598  54.547 0.0000000000
67548  -57.551  -29.003  53.874 0.0000000000
68643  -57.874  -27.887  53.922 0.0000000000
53175  -44.713  -42.648  72.219 0.0000000000
54218  -44.860  -42.132  72.053 0.0000000000
55276  -44.655  -41.192  72.658 0.0000000000
58371  -44.445  -39.506  71.903 0.0000000000
42453  -22.435  -54.225  81.560 0.0000000000
42454  -22.749  -54.333  81.570 0.0000000000
43560  -22.984  -53.437  80.878 0.0000000000
43563  -25.047  -53.032  81.332 0.0000000000
42472  -25.451  -52.874  80.805 0.0000000000
43579  -26.069  -52.579  79.818 0.0000000000
41458  -31.890  -54.659  72.425 0.0000000000
44688  -34.344  -51.624  77.540 0.0000000000
43599  -34.912  -52.151  77.750 0.0000000000
42510  -36.137  -52.539  77.197 0.0000000000
43600  -35.842  -51.927  77.840 0.0000000000
44690  -36.565  -51.202  77.911 0.0000000000
45728  -36.705  -49.889  78.109 0.0000000000
45741  -37.288  -50.276  77.813 0.0000000000
46751  -37.928  -49.339  77.720 0.0000000000
47852  -38.426  -48.730  77.579 0.0000000000
52053  -39.656  -45.026  74.027 0.0000000000
52032  -39.801  -44.557  74.788 0.0000000000
53086  -41.354  -43.809  76.205 0.0000000000
52010  -42.520  -44.393  75.875 0.0000000000
50937  -42.710  -44.885  75.549 0.0000000000
52033  -43.263  -44.354  74.743 0.0000000000
54189  -43.319  -42.768  74.709 0.0000000000
53111  -43.731  -43.086  74.118 0.0000000000
53131  -43.995  -43.337  73.505 0.0000000000
41330  -21.460  -54.939  80.473 0.0000000000
42452  -21.952  -54.376  81.385 0.0000000000
57324  -49.174  -39.728  71.011 0.0000000000
56311  -49.882  -40.360  70.398 0.0000000000
57329  -49.651  -39.644  70.628 0.0000000000
57330  -50.051  -39.507  70.221 0.0000000000
57337  -50.229  -39.338  69.658 0.0000000000
58411  -49.757  -38.275  69.760 0.0000000000
57346  -50.464  -39.124  68.773 0.0000000000
57359  -50.854  -38.927  67.777 0.0000000000
59667  -50.854  -37.662  64.369 0.0000000000
59677  -51.006  -37.900  63.672 0.0000000000
58497  -51.560  -38.393  63.699 0.0000000000
56411  -52.266  -40.301  63.428 0.0000000000
65515  -54.619  -31.070  56.954 0.0000000000
65498  -54.031  -31.539  57.644 0.0000000000
62631  -55.128  -34.331  58.977 0.0000000000
55275  -41.970  -41.559  71.909 0.0000000000
50970  -39.264  -45.662  73.632 0.0000000000
53152  -41.140  -43.785  72.997 0.0000000000
54198  -41.643  -42.584  73.216 0.0000000000
59640  -47.169  -37.784  66.832 0.0000000000
59652  -47.311  -37.726  65.777 0.0000000000
59674  -48.542  -37.346  63.702 0.0000000000
59675  -49.435  -37.392  63.690 0.0000000000
59685  -49.608  -37.518  62.899 0.0000000000
59697  -50.232  -38.016  62.361 0.0000000000
65517  -56.779  -31.311  56.997 0.0000000000
65501  -56.985  -31.915  57.158 0.0000000000
63626  -56.269  -33.060  55.806 0.0000000000
64585  -57.499  -32.121  54.859 0.0000000000
65558  -58.513  -30.791  53.625 0.0000000000
52102  -48.723  -43.993  70.331 0.0000000000
52103  -49.090  -43.899  69.874 0.0000000000
54223  -48.905  -41.768  71.004 0.0000000000
54219  -45.447  -41.875  71.682 0.0000000000
55281  -46.038  -41.150  71.639 0.0000000000
55282  -46.821  -41.215  71.432 0.0000000000
56302  -48.046  -40.400  71.442 0.0000000000
56303  -48.866  -40.429  71.207 0.0000000000
59603  -48.064  -38.099  70.278 0.0000000000
56291  -42.470  -40.808  72.506 0.0000000000
58380  -43.485  -39.400  71.205 0.0000000000
58394  -43.941  -39.104  70.544 0.0000000000
58408  -44.493  -38.819  69.848 0.0000000000
58451  -46.248  -38.234  66.943 0.0000000000
39081  -21.551  -56.807  77.916 0.0000000000
40234  -21.666  -55.813  78.181 0.0000000000
42469  -23.368  -53.550  80.137 0.0000000000
44662  -25.413  -51.652  79.561 0.0000000000
41350  -26.717  -53.960  78.563 0.0000000000
40262  -26.811  -55.406  76.567 0.0000000000
40272  -27.229  -55.764  75.909 0.0000000000
40271  -26.750  -55.839  75.577 0.0000000000
39133  -29.281  -56.930  72.872 0.0000000000
39123  -29.273  -57.280  72.788 0.0000000000
37937  -29.682  -57.777  72.423 0.0000000000
36805  -32.509  -57.880  72.319 0.0000000000
36818  -33.101  -58.049  72.122 0.0000000000
41459  -32.523  -54.943  72.894 0.0000000000
42558  -32.379  -53.536  74.532 0.0000000000
40305  -33.253  -55.696  73.402 0.0000000000
40306  -33.707  -55.759  73.768 0.0000000000
39125  -34.041  -56.528  73.641 0.0000000000
40274  -34.482  -55.137  74.657 0.0000000000
39109  -34.413  -56.167  73.928 0.0000000000
39126  -34.284  -56.766  73.565 0.0000000000
37913  -34.661  -56.886  73.472 0.0000000000
42527  -37.292  -52.934  76.191 0.0000000000
43617  -37.952  -52.387  76.180 0.0000000000
43631  -38.469  -52.799  75.517 0.0000000000
48894  -36.598  -47.898  75.698 0.0000000000
48887  -36.784  -47.561  76.401 0.0000000000
49878  -37.268  -47.188  76.853 0.0000000000
49888  -37.639  -46.605  76.257 0.0000000000
48879  -37.526  -47.641  77.469 0.0000000000
48888  -38.997  -47.703  77.535 0.0000000000
50888  -39.407  -45.944  77.291 0.0000000000
50889  -39.849  -46.160  77.295 0.0000000000
49881  -39.528  -46.620  77.435 0.0000000000
48889  -39.654  -47.478  77.296 0.0000000000
47854  -39.990  -48.438  76.680 0.0000000000
47862  -40.524  -48.829  76.120 0.0000000000
46781  -41.569  -49.707  75.188 0.0000000000
50957  -43.684  -45.957  74.134 0.0000000000
50974  -44.771  -45.808  72.976 0.0000000000
49915  -44.887  -46.465  73.263 0.0000000000
48969  -47.731  -47.322  70.657 0.0000000000
48950  -47.864  -46.775  70.588 0.0000000000
36743  -22.106  -58.179  80.223 0.0000000000
37873  -21.813  -57.230  79.232 0.0000000000
55297  -49.991  -41.139  70.097 0.0000000000
58426  -51.148  -38.027  67.680 0.0000000000
57377  -51.128  -39.110  66.916 0.0000000000
59657  -51.299  -37.938  64.976 0.0000000000
58466  -51.648  -38.293  65.464 0.0000000000
58453  -51.841  -38.604  65.768 0.0000000000
57379  -52.063  -38.910  65.630 0.0000000000
57378  -51.722  -38.836  66.263 0.0000000000
58625  -50.444  -38.114  59.397 0.0000000000
59719  -51.243  -37.822  59.395 0.0000000000
58600  -52.356  -38.098  60.386 0.0000000000
58601  -53.087  -38.101  60.708 0.0000000000
64529  -52.305  -32.367  58.074 0.0000000000
63576  -53.566  -33.377  59.253 0.0000000000
64511  -51.914  -32.963  58.749 0.0000000000
61687  -51.243  -35.576  58.890 0.0000000000
60671  -52.424  -36.570  59.490 0.0000000000
59707  -53.775  -37.722  60.930 0.0000000000
58572  -53.707  -38.113  61.122 0.0000000000
59698  -54.514  -38.155  61.308 0.0000000000
57473  -55.168  -38.871  60.842 0.0000000000
57486  -54.649  -39.368  60.294 0.0000000000
58603  -54.927  -38.507  59.870 0.0000000000
57502  -54.833  -38.999  60.097 0.0000000000
56460  -54.159  -39.606  59.959 0.0000000000
36794  -33.554  -57.509  72.963 0.0000000000
37909  -27.241  -56.961  74.070 0.0000000000
37912  -34.433  -56.866  73.499 0.0000000000
37926  -33.284  -57.032  73.130 0.0000000000
37927  -33.551  -57.162  73.181 0.0000000000
40198  -22.626  -55.082  81.620 0.0000000000
41310  -21.961  -55.279  82.669 0.0000000000
42463  -24.774  -53.145  81.234 0.0000000000
42522  -33.364  -53.388  75.973 0.0000000000
42524  -34.727  -53.453  76.485 0.0000000000
42540  -33.110  -53.609  75.385 0.0000000000
42559  -32.814  -53.836  74.686 0.0000000000
42577  -32.246  -53.779  73.958 0.0000000000
42578  -32.750  -54.184  74.183 0.0000000000
43562  -24.507  -52.967  81.374 0.0000000000
43567  -22.094  -53.815  80.322 0.0000000000
43587  -34.987  -51.762  77.984 0.0000000000
43597  -33.622  -52.182  77.034 0.0000000000
43616  -37.172  -52.571  76.590 0.0000000000
44674  -34.906  -51.405  77.950 0.0000000000
44676  -36.134  -50.850  78.246 0.0000000000
44686  -33.424  -52.016  76.861 0.0000000000
44689  -36.022  -51.299  78.180 0.0000000000
45742  -38.041  -50.018  77.389 0.0000000000
46778  -36.091  -49.096  75.529 0.0000000000
47832  -35.674  -49.359  77.334 0.0000000000
47833  -35.920  -49.031  77.515 0.0000000000
47841  -35.955  -48.807  77.331 0.0000000000
47851  -36.086  -48.611  76.279 0.0000000000
47860  -36.023  -48.905  75.975 0.0000000000
48870  -36.128  -48.686  77.424 0.0000000000
48871  -36.295  -48.579  77.426 0.0000000000
48876  -35.903  -48.735  76.887 0.0000000000
48885  -36.019  -48.561  76.685 0.0000000000
48895  -36.922  -47.317  75.652 0.0000000000
51991  -42.138  -44.462  76.199 0.0000000000
53130  -43.740  -43.716  73.963 0.0000000000
53201  -49.638  -42.611  70.015 0.0000000000
55260  -43.393  -42.389  74.402 0.0000000000
55310  -49.828  -40.785  69.404 0.0000000000
56285  -42.865  -40.837  73.361 0.0000000000
56286  -44.049  -40.542  73.175 0.0000000000
56295  -46.435  -39.979  71.736 0.0000000000
57297  -42.953  -40.936  73.699 0.0000000000
57345  -50.318  -39.373  68.581 0.0000000000
57397  -52.057  -39.231  65.637 0.0000000000
57501  -54.431  -39.036  59.652 0.0000000000
58387  -49.358  -39.269  70.733 0.0000000000
58514  -50.480  -38.111  62.464 0.0000000000
58544  -55.120  -38.573  61.139 0.0000000000
58573  -54.272  -38.123  61.325 0.0000000000
58574  -55.190  -38.436  60.579 0.0000000000
59678  -51.332  -38.055  63.885 0.0000000000
59687  -50.862  -38.070  63.211 0.0000000000
60660  -54.905  -37.448  60.322 0.0000000000
61690  -55.042  -34.983  58.108 0.0000000000
63625  -55.641  -33.294  55.674 0.0000000000
66521  -53.422  -30.783  55.849 0.0000000000
