#!ascii label  , from subject sub-MOT05 vox2ras=TkReg
1010
39062  -11.925  -55.777  80.741 0.0000000000
49984  -32.509  -46.038  67.572 0.0000000000
57408  -31.373  -39.815  64.733 0.0000000000
53146  -26.007  -41.420  72.619 0.0000000000
68605  -38.419  -28.261  55.286 0.0000000000
61678  -34.432  -34.683  58.522 0.0000000000
50997  -33.461  -43.497  71.423 0.0000000000
52109  -30.376  -42.705  69.128 0.0000000000
68579  -44.787  -27.738  57.212 0.0000000000
69689  -47.540  -26.887  53.498 0.0000000000
74670  -47.918  -22.292  53.655 0.0000000000
60621  -34.509  -35.300  66.930 0.0000000000
60652  -31.315  -36.336  61.478 0.0000000000
62588  -36.851  -33.547  62.625 0.0000000000
61685  -40.396  -34.567  59.544 0.0000000000
50991  -18.966  -44.970  71.689 0.0000000000
35535  -10.880  -57.417  84.118 0.0000000000
54322  -33.890  -42.808  65.543 0.0000000000
58417  -33.611  -38.321  69.707 0.0000000000
53232  -21.000  -42.352  68.114 0.0000000000
55351  -25.662  -41.193  66.000 0.0000000000
76763  -45.124  -20.493  49.324 0.0000000000
79259  -48.194  -17.719  53.135 0.0000000000
64542  -36.534  -32.489  56.572 0.0000000000
66508  -41.813  -30.389  59.490 0.0000000000
42514  -12.334  -53.083  77.248 0.0000000000
32194  -7.620  -61.773  81.834 0.0000000000
68627  -46.458  -28.287  54.852 0.0000000000
61571  -35.659  -34.117  64.922 0.0000000000
47933  -18.358  -47.465  70.317 0.0000000000
36717  -11.638  -56.708  82.936 0.0000000000
52179  -33.225  -44.017  63.853 0.0000000000
51071  -34.491  -44.723  66.017 0.0000000000
53205  -23.315  -41.230  69.774 0.0000000000
53250  -22.570  -41.097  67.102 0.0000000000
54247  -25.657  -40.833  69.181 0.0000000000
51037  -31.704  -44.205  68.316 0.0000000000
52146  -29.008  -43.400  66.631 0.0000000000
51086  -30.983  -45.191  65.501 0.0000000000
52045  -24.582  -41.673  73.881 0.0000000000
53164  -22.081  -41.950  71.540 0.0000000000
70713  -43.390  -25.987  51.607 0.0000000000
74693  -44.184  -22.796  50.058 0.0000000000
76741  -48.800  -19.713  53.891 0.0000000000
61637  -33.260  -35.084  60.177 0.0000000000
62673  -35.718  -33.585  57.104 0.0000000000
64495  -41.553  -32.515  59.221 0.0000000000
46787  -15.518  -48.162  74.351 0.0000000000
44696  -14.340  -49.434  76.423 0.0000000000
43592  -13.549  -50.884  77.838 0.0000000000
43622  -13.312  -51.311  75.320 0.0000000000
33306  -9.694  -61.123  80.902 0.0000000000
49951  -33.186  -45.553  69.354 0.0000000000
51041  -35.201  -44.577  68.806 0.0000000000
52083  -34.094  -42.993  71.520 0.0000000000
52049  -29.024  -41.508  73.821 0.0000000000
53170  -28.502  -41.485  71.051 0.0000000000
52068  -30.432  -42.105  72.241 0.0000000000
51010  -32.045  -43.505  70.198 0.0000000000
69636  -41.760  -27.701  56.993 0.0000000000
68610  -43.464  -27.711  55.121 0.0000000000
69686  -44.729  -27.214  53.719 0.0000000000
71653  -45.388  -25.115  52.990 0.0000000000
74666  -44.646  -22.947  52.486 0.0000000000
72587  -48.268  -24.467  53.223 0.0000000000
59651  -32.065  -37.456  66.098 0.0000000000
59671  -31.129  -37.840  63.866 0.0000000000
60643  -33.294  -35.071  64.006 0.0000000000
61609  -34.593  -34.183  62.191 0.0000000000
61638  -35.660  -34.592  60.141 0.0000000000
61681  -36.959  -34.508  59.126 0.0000000000
61628  -38.547  -34.096  60.985 0.0000000000
49917  -18.178  -45.922  73.499 0.0000000000
46828  -16.604  -47.905  72.127 0.0000000000
81068  -48.120  -16.017  49.316 0.0000000000
35526  -8.870  -57.587  85.334 0.0000000000
53296  -33.703  -43.094  63.598 0.0000000000
56397  -32.483  -41.464  65.914 0.0000000000
53239  -34.217  -42.902  68.145 0.0000000000
56344  -33.512  -40.921  68.189 0.0000000000
58442  -32.163  -38.821  67.585 0.0000000000
60613  -33.544  -36.604  68.375 0.0000000000
53221  -28.181  -41.152  68.226 0.0000000000
53121  -20.527  -42.303  73.089 0.0000000000
52106  -19.707  -43.287  69.816 0.0000000000
76745  -45.847  -20.931  52.735 0.0000000000
77593  -46.095  -18.926  51.428 0.0000000000
79270  -47.185  -17.121  50.872 0.0000000000
81045  -48.497  -16.155  52.767 0.0000000000
37876  -11.520  -57.277  77.923 0.0000000000
35569  -10.909  -58.695  79.585 0.0000000000
67520  -37.465  -29.994  56.625 0.0000000000
63584  -38.312  -33.022  57.871 0.0000000000
65493  -39.520  -31.299  58.223 0.0000000000
67518  -40.052  -29.315  58.024 0.0000000000
67514  -43.130  -28.565  59.099 0.0000000000
40244  -11.915  -54.784  78.828 0.0000000000
34440  -10.427  -59.119  81.604 0.0000000000
33279  -9.056  -60.455  83.098 0.0000000000
33270  -8.063  -59.722  83.171 0.0000000000
37851  -11.831  -56.379  82.146 0.0000000000
50020  -32.251  -45.586  65.703 0.0000000000
51088  -32.939  -45.304  65.285 0.0000000000
50003  -33.168  -45.771  66.416 0.0000000000
53189  -24.194  -41.030  70.872 0.0000000000
54245  -24.113  -40.927  69.606 0.0000000000
53190  -25.405  -40.841  70.902 0.0000000000
49983  -31.829  -45.611  67.966 0.0000000000
51068  -30.847  -44.930  66.548 0.0000000000
50018  -31.301  -45.374  66.504 0.0000000000
51105  -31.226  -45.161  64.267 0.0000000000
52047  -26.488  -41.492  74.126 0.0000000000
52024  -25.998  -41.788  74.810 0.0000000000
52065  -25.502  -41.507  73.154 0.0000000000
53166  -23.923  -41.281  71.664 0.0000000000
73668  -43.879  -23.667  50.508 0.0000000000
56395  -31.640  -40.764  64.596 0.0000000000
57426  -31.046  -39.507  63.637 0.0000000000
62638  -33.594  -35.061  59.163 0.0000000000
61698  -33.230  -35.229  57.417 0.0000000000
61700  -34.923  -34.301  58.026 0.0000000000
45803  -14.645  -49.742  73.387 0.0000000000
45764  -14.648  -48.809  75.733 0.0000000000
44730  -14.210  -50.020  74.723 0.0000000000
44710  -13.654  -50.697  75.895 0.0000000000
44728  -13.319  -51.262  74.324 0.0000000000
51012  -33.187  -43.724  70.436 0.0000000000
51013  -33.766  -44.036  70.318 0.0000000000
50998  -33.855  -43.354  71.402 0.0000000000
52028  -29.695  -41.814  74.763 0.0000000000
52067  -29.397  -41.604  72.517 0.0000000000
50963  -30.558  -42.030  74.004 0.0000000000
50981  -32.768  -43.363  72.603 0.0000000000
50994  -31.795  -43.087  71.639 0.0000000000
50996  -32.971  -43.549  71.514 0.0000000000
49938  -32.431  -43.672  69.838 0.0000000000
69638  -43.143  -27.588  57.521 0.0000000000
68591  -42.866  -27.648  55.745 0.0000000000
68592  -43.743  -27.720  55.933 0.0000000000
68640  -47.020  -27.799  53.963 0.0000000000
68639  -46.076  -27.558  54.101 0.0000000000
69688  -46.507  -27.118  53.564 0.0000000000
70702  -45.133  -25.881  52.997 0.0000000000
70704  -46.870  -25.848  53.262 0.0000000000
71654  -46.290  -25.126  53.224 0.0000000000
71656  -47.990  -25.237  53.152 0.0000000000
60630  -33.880  -35.712  65.966 0.0000000000
60636  -33.003  -36.003  65.008 0.0000000000
61597  -36.298  -33.659  63.083 0.0000000000
61581  -34.785  -34.269  63.953 0.0000000000
61610  -35.482  -34.006  62.181 0.0000000000
62603  -34.812  -34.284  60.960 0.0000000000
61626  -36.588  -34.131  61.285 0.0000000000
61640  -37.414  -34.532  60.370 0.0000000000
62606  -37.818  -33.775  61.447 0.0000000000
52041  -19.250  -44.409  73.240 0.0000000000
50946  -18.474  -44.813  74.473 0.0000000000
50977  -19.046  -45.142  72.674 0.0000000000
46846  -17.192  -47.974  71.256 0.0000000000
81066  -48.559  -15.252  50.452 0.0000000000
82035  -49.173  -14.567  50.023 0.0000000000
35528  -9.778  -57.892  84.935 0.0000000000
52181  -34.686  -43.835  64.606 0.0000000000
52194  -33.268  -43.688  63.350 0.0000000000
54335  -34.072  -42.727  64.054 0.0000000000
54320  -33.261  -42.031  64.215 0.0000000000
55382  -32.989  -42.027  65.746 0.0000000000
52111  -34.812  -43.109  69.637 0.0000000000
53223  -34.797  -43.358  68.792 0.0000000000
54265  -34.419  -41.850  69.801 0.0000000000
57333  -33.743  -39.324  70.261 0.0000000000
56330  -33.809  -40.573  69.086 0.0000000000
57341  -33.357  -39.385  69.501 0.0000000000
57368  -32.538  -39.818  67.740 0.0000000000
58416  -32.995  -38.570  69.027 0.0000000000
59617  -32.945  -37.536  68.592 0.0000000000
59618  -33.553  -37.551  69.342 0.0000000000
54290  -24.560  -41.160  66.480 0.0000000000
53194  -29.587  -42.012  70.296 0.0000000000
53209  -27.830  -40.972  69.305 0.0000000000
53210  -28.966  -41.617  68.913 0.0000000000
53252  -28.419  -42.963  66.126 0.0000000000
53105  -22.248  -41.429  74.371 0.0000000000
53203  -21.138  -42.020  70.082 0.0000000000
53186  -21.133  -42.159  70.857 0.0000000000
52107  -20.322  -42.694  69.403 0.0000000000
51035  -19.456  -44.950  68.701 0.0000000000
74669  -46.910  -22.485  53.667 0.0000000000
75713  -45.534  -21.544  52.750 0.0000000000
75715  -47.208  -21.320  53.519 0.0000000000
78416  -48.550  -18.529  53.728 0.0000000000
77584  -46.982  -19.378  52.828 0.0000000000
78420  -47.247  -18.432  52.514 0.0000000000
79269  -46.688  -17.646  50.743 0.0000000000
79265  -47.789  -17.204  52.283 0.0000000000
80149  -47.892  -16.521  51.696 0.0000000000
80146  -48.282  -16.786  52.788 0.0000000000
60647  -31.554  -36.693  62.681 0.0000000000
59692  -30.450  -37.704  62.093 0.0000000000
66539  -36.404  -31.112  55.664 0.0000000000
66517  -37.155  -31.441  56.725 0.0000000000
61683  -38.685  -34.099  59.202 0.0000000000
62658  -38.187  -33.636  58.461 0.0000000000
62641  -39.599  -33.609  58.881 0.0000000000
65482  -41.483  -31.507  59.256 0.0000000000
64506  -40.104  -31.866  58.550 0.0000000000
65481  -40.709  -31.379  58.763 0.0000000000
66514  -39.866  -30.385  58.209 0.0000000000
67512  -41.318  -29.619  58.909 0.0000000000
68562  -41.662  -28.634  58.504 0.0000000000
67513  -42.288  -29.253  59.216 0.0000000000
43591  -12.976  -52.087  78.158 0.0000000000
42498  -12.791  -52.759  79.034 0.0000000000
41344  -12.622  -53.465  79.649 0.0000000000
41359  -12.032  -54.265  78.248 0.0000000000
40243  -11.794  -55.323  78.034 0.0000000000
41374  -11.820  -54.705  76.133 0.0000000000
35568  -10.705  -59.335  79.699 0.0000000000
35561  -10.774  -58.674  80.571 0.0000000000
34447  -10.455  -60.116  80.313 0.0000000000
32214  -8.952  -61.753  81.335 0.0000000000
33298  -9.545  -61.084  81.983 0.0000000000
32196  -9.198  -61.088  82.873 0.0000000000
33272  -8.826  -60.256  83.249 0.0000000000
32183  -8.124  -61.049  82.466 0.0000000000
50949  -31.573  -42.441  74.829 0.0000000000
68581  -46.676  -28.003  57.330 0.0000000000
68594  -45.662  -28.013  56.335 0.0000000000
67525  -47.334  -28.417  56.021 0.0000000000
60631  -34.867  -34.733  65.678 0.0000000000
49947  -18.648  -46.104  69.912 0.0000000000
48954  -18.443  -46.722  70.461 0.0000000000
36714  -11.707  -56.507  83.449 0.0000000000
36713  -11.423  -57.110  83.490 0.0000000000
51107  -32.958  -44.481  64.213 0.0000000000
51089  -34.166  -44.787  65.218 0.0000000000
52149  -34.910  -43.599  66.241 0.0000000000
60605  -34.917  -37.027  70.161 0.0000000000
53219  -21.805  -41.405  69.012 0.0000000000
53233  -21.743  -41.484  67.843 0.0000000000
53220  -22.714  -40.896  68.644 0.0000000000
54261  -24.674  -40.793  68.624 0.0000000000
54277  -25.538  -41.172  67.406 0.0000000000
51036  -30.990  -43.403  68.738 0.0000000000
52120  -30.311  -43.077  68.070 0.0000000000
51052  -30.860  -43.823  67.689 0.0000000000
51067  -30.363  -44.343  66.775 0.0000000000
51104  -30.163  -45.087  64.207 0.0000000000
52021  -23.598  -41.626  74.404 0.0000000000
52061  -22.500  -41.406  73.098 0.0000000000
52078  -23.267  -41.522  72.388 0.0000000000
53187  -22.109  -41.881  70.830 0.0000000000
69704  -42.941  -26.804  52.348 0.0000000000
75735  -44.824  -21.376  49.562 0.0000000000
75711  -50.103  -21.043  54.141 0.0000000000
75717  -48.770  -20.753  53.732 0.0000000000
61621  -31.787  -35.601  60.591 0.0000000000
63615  -35.242  -33.369  55.993 0.0000000000
63598  -35.946  -33.132  56.590 0.0000000000
62625  -42.089  -34.662  60.064 0.0000000000
63571  -40.739  -33.464  58.886 0.0000000000
63557  -42.258  -33.555  59.588 0.0000000000
46770  -16.478  -47.306  75.407 0.0000000000
46769  -15.902  -47.789  75.971 0.0000000000
45731  -15.108  -49.127  78.204 0.0000000000
44695  -13.880  -50.238  76.839 0.0000000000
43606  -13.213  -51.313  76.670 0.0000000000
43621  -12.798  -52.076  75.752 0.0000000000
42530  -11.896  -53.802  75.539 0.0000000000
42549  -12.274  -52.872  74.952 0.0000000000
49966  -32.398  -45.930  68.770 0.0000000000
51039  -34.167  -45.825  68.141 0.0000000000
49952  -34.064  -45.696  69.151 0.0000000000
52110  -34.909  -43.545  70.019 0.0000000000
53125  -27.678  -41.284  72.997 0.0000000000
53169  -27.380  -41.420  71.372 0.0000000000
53148  -28.255  -41.405  72.127 0.0000000000
52081  -29.957  -41.963  71.409 0.0000000000
52082  -30.730  -42.408  71.162 0.0000000000
50979  -31.545  -42.777  72.860 0.0000000000
51009  -31.293  -42.931  70.614 0.0000000000
51022  -30.926  -42.970  69.748 0.0000000000
51024  -32.022  -44.042  68.847 0.0000000000
49965  -32.018  -44.920  68.572 0.0000000000
52026  -27.627  -41.872  75.036 0.0000000000
68589  -40.200  -28.012  56.606 0.0000000000
69668  -39.300  -27.495  54.643 0.0000000000
69661  -41.084  -27.211  55.398 0.0000000000
68608  -41.967  -27.330  54.797 0.0000000000
68635  -42.524  -27.375  53.723 0.0000000000
68611  -44.426  -27.790  55.270 0.0000000000
69672  -43.971  -27.456  54.105 0.0000000000
69685  -43.648  -27.292  53.692 0.0000000000
69705  -44.014  -26.811  52.882 0.0000000000
70701  -44.126  -25.972  52.433 0.0000000000
72594  -44.104  -24.571  52.340 0.0000000000
73651  -43.932  -23.492  51.889 0.0000000000
72584  -45.614  -24.299  53.138 0.0000000000
73643  -46.766  -23.494  53.617 0.0000000000
73635  -48.525  -23.022  53.632 0.0000000000
71642  -50.070  -25.068  53.534 0.0000000000
74663  -49.367  -22.182  53.771 0.0000000000
59650  -31.639  -38.145  65.836 0.0000000000
58486  -31.189  -38.803  64.237 0.0000000000
59661  -31.851  -37.618  65.216 0.0000000000
60642  -32.281  -36.207  63.708 0.0000000000
60648  -32.100  -35.774  62.365 0.0000000000
60637  -34.194  -35.054  64.728 0.0000000000
61594  -33.869  -34.490  63.093 0.0000000000
61607  -32.780  -35.070  61.797 0.0000000000
61623  -33.616  -34.710  61.004 0.0000000000
62612  -34.441  -34.636  60.315 0.0000000000
61655  -34.777  -34.764  59.223 0.0000000000
61680  -36.136  -34.561  58.913 0.0000000000
61657  -36.364  -34.735  59.604 0.0000000000
61659  -38.095  -34.589  59.794 0.0000000000
61661  -40.021  -34.552  59.965 0.0000000000
61643  -40.246  -34.749  60.629 0.0000000000
61663  -41.549  -35.151  60.308 0.0000000000
48909  -17.525  -46.237  74.277 0.0000000000
48935  -17.902  -46.640  72.064 0.0000000000
47897  -17.379  -46.887  72.402 0.0000000000
46789  -16.548  -47.223  74.104 0.0000000000
46809  -16.149  -47.791  73.293 0.0000000000
56407  -32.015  -41.367  64.370 0.0000000000
57409  -31.619  -40.177  65.612 0.0000000000
51055  -34.492  -44.953  67.128 0.0000000000
53253  -34.697  -43.725  67.599 0.0000000000
53254  -34.240  -43.214  67.266 0.0000000000
54280  -33.858  -41.838  68.132 0.0000000000
55368  -33.220  -41.902  66.817 0.0000000000
56380  -32.933  -41.390  67.062 0.0000000000
57389  -32.425  -40.565  66.924 0.0000000000
58472  -31.560  -39.341  66.110 0.0000000000
59638  -32.409  -37.389  67.097 0.0000000000
59639  -32.847  -36.731  67.323 0.0000000000
60614  -34.348  -35.819  68.122 0.0000000000
60606  -35.205  -36.140  69.987 0.0000000000
60610  -35.130  -35.542  68.960 0.0000000000
53208  -26.659  -40.955  69.782 0.0000000000
54248  -26.573  -40.886  68.866 0.0000000000
54278  -26.456  -41.104  67.132 0.0000000000
53236  -28.506  -42.620  67.013 0.0000000000
53251  -27.780  -42.135  66.087 0.0000000000
53103  -20.022  -42.682  73.882 0.0000000000
53140  -19.533  -43.543  72.520 0.0000000000
53142  -20.963  -42.108  72.264 0.0000000000
53162  -20.425  -42.608  71.526 0.0000000000
50992  -19.065  -44.362  71.216 0.0000000000
49948  -19.056  -45.257  69.521 0.0000000000
74676  -44.313  -22.569  51.910 0.0000000000
76752  -44.754  -21.328  51.599 0.0000000000
76757  -45.105  -20.225  50.449 0.0000000000
76747  -47.504  -20.268  53.393 0.0000000000
77589  -45.851  -19.545  51.736 0.0000000000
77592  -45.615  -19.328  50.874 0.0000000000
78429  -45.865  -18.578  49.876 0.0000000000
78430  -46.356  -18.133  49.458 0.0000000000
79279  -47.396  -17.393  48.524 0.0000000000
80155  -47.469  -16.723  49.863 0.0000000000
81062  -48.099  -15.867  51.030 0.0000000000
37869  -11.502  -56.490  79.614 0.0000000000
36741  -11.337  -57.209  80.590 0.0000000000
36746  -11.131  -58.007  79.349 0.0000000000
58506  -30.640  -38.630  63.195 0.0000000000
67521  -38.112  -29.344  56.604 0.0000000000
61702  -36.652  -34.110  58.493 0.0000000000
62657  -37.232  -33.538  57.958 0.0000000000
64544  -38.002  -32.688  57.462 0.0000000000
63570  -39.965  -32.760  58.661 0.0000000000
64524  -39.308  -32.176  58.216 0.0000000000
65491  -38.220  -31.790  57.501 0.0000000000
66512  -38.213  -31.096  57.564 0.0000000000
66520  -38.624  -29.671  57.395 0.0000000000
68574  -39.687  -28.737  57.283 0.0000000000
68575  -40.434  -28.462  57.536 0.0000000000
68577  -41.944  -28.096  58.026 0.0000000000
68564  -43.691  -27.835  58.178 0.0000000000
40207  -12.791  -54.410  81.618 0.0000000000
41328  -12.954  -53.975  80.903 0.0000000000
40218  -12.198  -55.092  80.305 0.0000000000
40230  -11.778  -55.383  78.886 0.0000000000
39083  -11.708  -56.430  77.402 0.0000000000
36733  -11.067  -57.855  81.191 0.0000000000
35548  -10.883  -58.072  82.033 0.0000000000
34420  -10.630  -58.498  83.024 0.0000000000
33307  -10.339  -60.186  81.009 0.0000000000
33281  -9.855  -59.598  82.666 0.0000000000
34418  -10.030  -59.052  83.175 0.0000000000
34414  -9.151  -59.194  83.928 0.0000000000
34412  -8.578  -59.234  84.077 0.0000000000
32193  -7.254  -61.758  81.676 0.0000000000
33275  -7.436  -60.960  81.974 0.0000000000
39052  -12.210  -55.551  81.815 0.0000000000
37855  -11.618  -56.609  81.209 0.0000000000
50002  -32.569  -45.817  66.365 0.0000000000
51069  -33.105  -45.639  66.062 0.0000000000
49985  -33.270  -45.975  67.033 0.0000000000
53167  -25.076  -41.154  71.827 0.0000000000
53168  -26.249  -41.299  71.620 0.0000000000
50001  -31.787  -45.758  66.978 0.0000000000
50019  -31.747  -45.575  66.043 0.0000000000
53123  -26.068  -41.464  73.450 0.0000000000
53145  -25.179  -41.437  72.601 0.0000000000
57427  -31.342  -40.240  63.859 0.0000000000
57407  -31.257  -39.522  64.229 0.0000000000
61677  -33.426  -35.057  58.518 0.0000000000
61699  -34.103  -34.592  57.604 0.0000000000
62653  -34.328  -34.368  57.311 0.0000000000
45802  -14.108  -50.338  73.407 0.0000000000
45782  -14.267  -50.031  74.150 0.0000000000
44729  -13.718  -50.673  74.504 0.0000000000
50947  -30.565  -42.064  74.728 0.0000000000
50982  -33.296  -43.409  72.532 0.0000000000
52004  -29.439  -42.114  75.579 0.0000000000
68578  -43.882  -27.660  56.911 0.0000000000
68593  -44.699  -27.806  56.153 0.0000000000
69708  -46.715  -26.463  53.321 0.0000000000
69709  -47.204  -26.326  53.266 0.0000000000
70705  -47.552  -25.961  53.234 0.0000000000
61596  -35.457  -33.925  63.120 0.0000000000
61611  -36.155  -33.869  62.293 0.0000000000
62595  -36.727  -33.874  61.793 0.0000000000
62605  -37.123  -33.948  61.458 0.0000000000
62596  -37.242  -33.615  62.067 0.0000000000
52059  -19.291  -44.280  72.404 0.0000000000
82026  -49.046  -14.576  51.068 0.0000000000
35530  -10.713  -57.318  84.606 0.0000000000
35523  -10.078  -57.321  85.433 0.0000000000
35534  -10.370  -57.944  84.179 0.0000000000
53283  -34.693  -42.906  65.337 0.0000000000
53282  -34.592  -43.172  64.607 0.0000000000
54321  -33.690  -42.376  64.628 0.0000000000
53211  -34.519  -42.313  70.318 0.0000000000
58403  -34.129  -38.543  70.347 0.0000000000
57340  -33.083  -39.137  69.090 0.0000000000
59607  -34.273  -37.610  69.910 0.0000000000
52132  -20.487  -43.728  67.412 0.0000000000
52108  -29.683  -42.136  69.491 0.0000000000
53218  -21.030  -42.106  69.182 0.0000000000
52118  -20.346  -43.078  68.494 0.0000000000
52131  -19.900  -44.115  68.165 0.0000000000
78421  -47.928  -18.503  53.234 0.0000000000
79258  -47.697  -17.872  52.619 0.0000000000
80143  -48.491  -17.325  53.383 0.0000000000
59693  -31.012  -37.095  62.131 0.0000000000
64559  -35.797  -32.589  55.891 0.0000000000
65520  -36.343  -31.825  56.119 0.0000000000
65508  -36.917  -31.853  56.653 0.0000000000
61684  -39.788  -34.237  59.458 0.0000000000
65466  -42.252  -31.181  59.815 0.0000000000
66507  -41.038  -30.607  58.937 0.0000000000
67506  -42.423  -30.015  59.869 0.0000000000
43590  -12.589  -52.645  77.686 0.0000000000
42497  -12.447  -53.218  78.336 0.0000000000
42496  -12.117  -53.769  77.571 0.0000000000
42513  -12.007  -53.786  76.671 0.0000000000
34457  -10.581  -59.791  79.950 0.0000000000
32205  -8.134  -62.035  81.560 0.0000000000
32206  -8.876  -61.404  82.232 0.0000000000
32195  -8.388  -61.335  82.341 0.0000000000
32184  -8.755  -60.804  82.846 0.0000000000
61558  -36.143  -33.789  66.489 0.0000000000
37843  -11.877  -55.975  82.911 0.0000000000
37839  -11.982  -55.936  83.398 0.0000000000
36716  -11.420  -57.340  83.003 0.0000000000
51106  -32.131  -44.965  64.279 0.0000000000
51070  -33.724  -45.407  66.306 0.0000000000
51108  -33.572  -44.745  64.686 0.0000000000
51090  -34.584  -44.614  65.475 0.0000000000
53204  -22.060  -41.646  69.995 0.0000000000
54246  -24.746  -40.703  69.436 0.0000000000
54260  -23.847  -40.849  69.063 0.0000000000
54276  -24.530  -40.957  67.654 0.0000000000
54262  -25.573  -41.022  68.318 0.0000000000
51085  -29.931  -44.892  65.633 0.0000000000
52023  -25.172  -41.851  74.730 0.0000000000
51999  -25.641  -42.081  75.397 0.0000000000
52022  -24.356  -41.795  74.617 0.0000000000
52044  -23.780  -41.603  73.757 0.0000000000
52063  -23.874  -41.545  73.051 0.0000000000
53188  -23.118  -41.564  70.802 0.0000000000
53165  -22.998  -41.674  71.667 0.0000000000
61636  -32.468  -35.296  59.920 0.0000000000
61635  -31.650  -35.632  59.554 0.0000000000
62672  -34.854  -33.877  56.691 0.0000000000
63597  -35.408  -33.473  56.602 0.0000000000
63558  -42.801  -33.888  60.239 0.0000000000
65467  -43.143  -31.584  60.143 0.0000000000
46788  -15.740  -47.831  74.637 0.0000000000
45785  -15.367  -48.070  74.877 0.0000000000
45745  -14.782  -48.825  77.063 0.0000000000
44680  -14.385  -49.512  77.560 0.0000000000
49941  -33.698  -45.079  69.845 0.0000000000
51014  -34.378  -43.822  70.489 0.0000000000
52098  -34.369  -43.116  70.779 0.0000000000
52066  -28.443  -41.384  73.115 0.0000000000
50965  -31.927  -42.768  73.788 0.0000000000
50995  -32.416  -43.381  71.532 0.0000000000
51023  -31.530  -43.515  69.412 0.0000000000
49950  -32.688  -44.762  69.050 0.0000000000
49949  -32.323  -43.965  69.130 0.0000000000
52027  -28.487  -41.790  74.852 0.0000000000
52048  -27.696  -41.466  74.066 0.0000000000
68590  -40.774  -27.974  57.085 0.0000000000
69647  -40.600  -27.571  56.042 0.0000000000
69648  -41.240  -27.599  56.490 0.0000000000
69662  -42.044  -27.447  55.619 0.0000000000
68609  -42.664  -27.548  54.970 0.0000000000
68623  -42.401  -27.414  54.190 0.0000000000
68624  -43.138  -27.594  54.459 0.0000000000
68613  -46.288  -28.513  55.710 0.0000000000
68612  -45.512  -28.002  55.477 0.0000000000
68638  -45.411  -27.390  53.998 0.0000000000
68626  -45.134  -27.662  54.526 0.0000000000
69673  -44.296  -27.436  54.128 0.0000000000
71652  -44.541  -25.176  52.585 0.0000000000
71663  -43.859  -25.118  52.144 0.0000000000
72583  -44.680  -24.284  52.698 0.0000000000
72586  -47.451  -24.405  53.358 0.0000000000
72585  -46.534  -24.352  53.382 0.0000000000
73644  -47.840  -23.485  53.558 0.0000000000
73637  -50.064  -23.074  54.007 0.0000000000
59662  -32.356  -36.832  65.495 0.0000000000
60635  -32.236  -36.768  64.751 0.0000000000
60638  -34.963  -34.364  64.688 0.0000000000
61595  -34.718  -34.209  63.093 0.0000000000
60644  -34.179  -34.616  63.819 0.0000000000
61593  -32.762  -34.889  62.961 0.0000000000
61608  -33.639  -34.501  62.095 0.0000000000
61625  -35.409  -34.215  61.103 0.0000000000
62602  -34.384  -34.445  60.804 0.0000000000
62613  -34.971  -34.442  60.524 0.0000000000
62623  -34.969  -34.685  59.896 0.0000000000
61656  -35.560  -34.726  59.409 0.0000000000
61639  -36.475  -34.562  60.350 0.0000000000
61641  -38.345  -34.419  60.368 0.0000000000
61660  -39.052  -34.350  59.910 0.0000000000
61642  -39.308  -34.434  60.515 0.0000000000
61630  -40.412  -34.756  61.508 0.0000000000
61644  -41.083  -35.168  60.768 0.0000000000
49910  -18.246  -45.526  73.951 0.0000000000
49901  -17.963  -45.338  74.877 0.0000000000
48910  -17.800  -45.774  74.410 0.0000000000
49909  -17.905  -45.929  73.833 0.0000000000
47914  -18.174  -47.018  70.781 0.0000000000
48936  -18.248  -46.519  71.381 0.0000000000
46829  -17.088  -47.431  71.890 0.0000000000
47882  -17.197  -46.758  73.602 0.0000000000
46810  -16.807  -47.309  72.864 0.0000000000
35525  -8.476  -57.881  84.781 0.0000000000
54334  -33.410  -42.287  63.715 0.0000000000
55381  -32.930  -42.021  64.689 0.0000000000
56396  -32.227  -41.391  65.141 0.0000000000
51040  -34.714  -45.206  68.464 0.0000000000
51054  -34.012  -45.654  67.519 0.0000000000
52121  -35.129  -44.520  68.421 0.0000000000
53238  -34.630  -43.450  68.235 0.0000000000
53237  -34.845  -43.784  67.944 0.0000000000
53255  -34.129  -42.946  67.762 0.0000000000
55336  -33.932  -41.347  68.604 0.0000000000
55353  -33.571  -41.605  67.801 0.0000000000
56361  -33.166  -41.244  67.508 0.0000000000
58443  -32.372  -39.225  67.881 0.0000000000
57367  -32.186  -39.492  67.409 0.0000000000
57388  -31.985  -39.738  66.793 0.0000000000
58458  -31.704  -38.506  66.428 0.0000000000
59628  -32.868  -36.957  67.813 0.0000000000
60620  -33.456  -36.234  67.240 0.0000000000
60602  -35.416  -36.881  70.840 0.0000000000
60615  -35.135  -34.919  67.855 0.0000000000
53249  -22.175  -41.483  66.854 0.0000000000
53248  -21.237  -42.621  66.832 0.0000000000
53192  -27.659  -41.259  70.407 0.0000000000
54249  -27.294  -40.827  68.435 0.0000000000
54263  -26.458  -41.000  67.995 0.0000000000
54264  -27.351  -40.928  67.601 0.0000000000
52133  -29.452  -42.820  67.498 0.0000000000
53120  -19.672  -43.042  73.027 0.0000000000
53143  -22.063  -41.761  72.329 0.0000000000
52093  -20.088  -42.860  70.738 0.0000000000
52077  -19.545  -43.501  71.390 0.0000000000
51007  -19.163  -44.197  70.397 0.0000000000
51021  -19.341  -44.277  69.457 0.0000000000
74675  -44.091  -23.051  51.745 0.0000000000
75721  -44.968  -21.601  52.165 0.0000000000
76756  -44.717  -21.048  50.906 0.0000000000
76753  -45.358  -20.508  51.884 0.0000000000
76748  -48.485  -20.148  53.706 0.0000000000
78419  -46.794  -18.820  52.340 0.0000000000
77590  -46.375  -19.284  52.180 0.0000000000
77595  -45.516  -19.273  49.699 0.0000000000
78427  -46.124  -18.359  50.569 0.0000000000
79274  -46.524  -17.760  50.103 0.0000000000
79275  -47.084  -17.240  49.676 0.0000000000
78431  -46.938  -17.763  48.823 0.0000000000
79276  -47.495  -16.781  49.458 0.0000000000
80152  -47.351  -16.859  50.230 0.0000000000
81056  -48.245  -15.990  52.051 0.0000000000
81063  -48.531  -15.283  51.516 0.0000000000
81057  -48.635  -15.524  52.480 0.0000000000
39070  -11.531  -56.397  79.319 0.0000000000
37868  -11.385  -57.064  79.183 0.0000000000
66528  -36.865  -30.424  56.126 0.0000000000
67528  -37.364  -29.555  55.655 0.0000000000
61701  -35.790  -34.234  58.250 0.0000000000
63583  -37.882  -33.276  57.911 0.0000000000
63600  -37.670  -33.048  57.497 0.0000000000
63601  -38.052  -32.908  57.595 0.0000000000
63556  -41.523  -33.096  59.240 0.0000000000
64523  -38.479  -32.464  57.729 0.0000000000
65492  -38.774  -31.600  57.876 0.0000000000
67517  -39.297  -29.565  57.744 0.0000000000
67522  -38.945  -29.011  56.989 0.0000000000
68563  -42.572  -28.099  58.406 0.0000000000
69627  -43.052  -27.680  58.073 0.0000000000
41343  -12.331  -53.996  79.287 0.0000000000
41336  -12.726  -53.608  80.083 0.0000000000
41335  -12.451  -54.368  80.130 0.0000000000
40231  -11.983  -55.007  79.509 0.0000000000
39078  -11.734  -55.610  79.227 0.0000000000
40256  -11.781  -55.575  76.762 0.0000000000
39088  -11.775  -56.640  76.168 0.0000000000
36740  -11.124  -57.917  80.364 0.0000000000
36734  -11.276  -57.378  81.050 0.0000000000
34449  -10.633  -58.713  81.079 0.0000000000
35555  -10.819  -58.252  81.395 0.0000000000
34432  -10.614  -58.525  82.120 0.0000000000
34425  -10.670  -58.505  82.648 0.0000000000
34431  -10.343  -59.048  82.185 0.0000000000
33315  -9.627  -61.400  79.821 0.0000000000
33316  -10.039  -60.696  80.136 0.0000000000
33289  -9.308  -60.777  82.689 0.0000000000
33290  -9.732  -60.277  82.423 0.0000000000
33280  -9.486  -59.892  82.890 0.0000000000
34423  -10.129  -59.184  82.816 0.0000000000
34415  -9.655  -59.083  83.670 0.0000000000
33269  -9.254  -59.834  83.831 0.0000000000
33271  -8.159  -60.076  83.007 0.0000000000
33267  -8.805  -59.685  83.879 0.0000000000
33266  -8.069  -59.476  83.474 0.0000000000
34411  -7.965  -58.850  83.817 0.0000000000
33288  -7.664  -61.512  81.947 0.0000000000
36720  -11.606  -56.964  82.378 0.0000000000
53206  -24.553  -40.818  70.114 0.0000000000
53207  -25.632  -40.717  70.036 0.0000000000
49982  -31.771  -44.896  68.056 0.0000000000
51053  -31.271  -44.515  67.400 0.0000000000
50000  -31.531  -45.143  67.255 0.0000000000
51087  -31.854  -45.335  65.182 0.0000000000
52025  -26.875  -41.773  74.904 0.0000000000
52046  -25.505  -41.594  73.925 0.0000000000
52064  -24.726  -41.557  73.054 0.0000000000
52079  -23.862  -41.443  72.364 0.0000000000
52080  -24.548  -41.350  72.318 0.0000000000
56406  -31.801  -41.215  63.760 0.0000000000
61654  -33.158  -35.179  59.396 0.0000000000
61653  -32.446  -35.346  58.983 0.0000000000
61676  -32.437  -35.631  57.982 0.0000000000
62654  -34.623  -34.202  57.365 0.0000000000
62655  -35.337  -33.904  57.579 0.0000000000
45804  -15.253  -49.007  73.559 0.0000000000
45784  -15.223  -48.433  74.620 0.0000000000
45783  -14.595  -49.414  74.645 0.0000000000
44711  -14.170  -49.924  75.535 0.0000000000
43638  -13.339  -51.267  74.669 0.0000000000
43637  -12.963  -51.877  74.423 0.0000000000
43650  -13.010  -52.164  73.169 0.0000000000
49940  -33.248  -44.447  69.665 0.0000000000
52050  -30.085  -41.804  73.406 0.0000000000
50978  -30.850  -42.353  73.080 0.0000000000
50980  -32.177  -43.148  72.691 0.0000000000
51011  -32.648  -43.587  70.509 0.0000000000
49939  -32.830  -43.826  69.595 0.0000000000
69637  -42.316  -27.724  57.448 0.0000000000
69649  -42.210  -27.575  56.454 0.0000000000
69650  -43.036  -27.557  56.627 0.0000000000
68628  -47.427  -28.241  54.624 0.0000000000
69687  -45.606  -27.078  53.661 0.0000000000
69706  -44.897  -26.578  53.220 0.0000000000
69707  -45.848  -26.505  53.392 0.0000000000
70703  -46.061  -25.836  53.259 0.0000000000
71655  -47.151  -25.184  53.245 0.0000000000
60629  -32.807  -36.527  66.299 0.0000000000
61582  -35.581  -33.975  64.006 0.0000000000
61627  -37.639  -34.154  60.886 0.0000000000
51995  -18.674  -43.905  74.979 0.0000000000
52019  -19.042  -44.226  74.083 0.0000000000
50962  -18.879  -45.084  73.619 0.0000000000
49918  -18.515  -45.781  73.043 0.0000000000
47913  -17.737  -47.255  71.227 0.0000000000
81065  -48.113  -15.907  49.993 0.0000000000
81069  -48.571  -15.471  49.220 0.0000000000
82038  -49.355  -14.600  49.030 0.0000000000
35527  -9.309  -57.806  85.151 0.0000000000
52180  -34.032  -44.003  64.358 0.0000000000
53281  -34.202  -43.345  64.126 0.0000000000
53297  -34.224  -43.082  64.057 0.0000000000
52122  -35.084  -43.813  68.832 0.0000000000
52123  -34.846  -43.288  69.076 0.0000000000
53224  -34.478  -42.857  69.092 0.0000000000
56331  -34.083  -40.525  69.674 0.0000000000
56318  -33.826  -39.976  69.996 0.0000000000
57351  -33.223  -40.143  68.502 0.0000000000
57369  -33.059  -40.623  67.839 0.0000000000
57350  -32.941  -39.367  68.697 0.0000000000
58429  -32.527  -38.947  68.253 0.0000000000
58428  -32.479  -38.375  68.109 0.0000000000
58415  -32.669  -38.281  68.471 0.0000000000
60608  -33.530  -36.982  68.973 0.0000000000
61534  -35.916  -35.262  69.764 0.0000000000
54289  -23.131  -41.061  66.914 0.0000000000
53193  -28.969  -41.616  70.053 0.0000000000
52147  -29.421  -44.161  66.207 0.0000000000
53104  -21.029  -41.887  74.099 0.0000000000
52094  -20.439  -42.516  70.162 0.0000000000
52117  -19.707  -43.677  68.943 0.0000000000
73633  -46.002  -22.992  53.575 0.0000000000
74667  -45.065  -22.465  52.715 0.0000000000
74668  -45.961  -22.470  53.464 0.0000000000
75714  -46.252  -21.465  53.296 0.0000000000
77585  -47.711  -19.307  53.335 0.0000000000
78423  -46.597  -18.307  51.697 0.0000000000
78424  -46.994  -17.926  51.932 0.0000000000
79263  -46.928  -17.643  51.455 0.0000000000
79271  -47.555  -16.949  51.464 0.0000000000
80147  -48.583  -16.473  53.174 0.0000000000
59682  -30.955  -37.564  62.903 0.0000000000
66518  -37.461  -30.992  56.997 0.0000000000
61682  -37.761  -34.415  59.267 0.0000000000
61703  -37.484  -34.054  58.734 0.0000000000
61704  -38.050  -34.089  58.923 0.0000000000
62640  -38.840  -33.656  58.769 0.0000000000
62659  -38.822  -33.341  58.439 0.0000000000
64508  -41.545  -32.193  59.227 0.0000000000
64507  -40.962  -32.373  58.953 0.0000000000
65480  -40.161  -31.141  58.432 0.0000000000
66506  -40.479  -30.714  58.556 0.0000000000
67511  -40.572  -29.949  58.521 0.0000000000
68561  -40.787  -28.923  58.342 0.0000000000
43581  -13.261  -52.359  79.422 0.0000000000
42484  -12.596  -53.278  79.258 0.0000000000
41358  -11.878  -54.566  77.254 0.0000000000
35560  -10.657  -59.297  80.280 0.0000000000
34448  -10.550  -59.355  80.849 0.0000000000
33273  -8.975  -60.081  83.380 0.0000000000
32181  -8.469  -60.615  82.791 0.0000000000
33277  -7.964  -60.675  82.578 0.0000000000
50948  -30.950  -42.215  75.033 0.0000000000
50967  -33.112  -43.228  73.595 0.0000000000
68580  -45.846  -27.780  57.448 0.0000000000
68595  -46.558  -28.290  56.346 0.0000000000
67523  -46.762  -28.526  56.041 0.0000000000
67538  -46.778  -28.758  55.455 0.0000000000
68641  -47.880  -27.659  54.184 0.0000000000
69690  -48.639  -26.913  54.341 0.0000000000
70688  -48.406  -26.095  53.468 0.0000000000
60622  -35.328  -34.461  66.729 0.0000000000
60632  -35.640  -34.102  65.813 0.0000000000
61583  -36.461  -33.732  64.075 0.0000000000
61612  -37.741  -33.533  62.221 0.0000000000
51006  -18.845  -44.954  70.906 0.0000000000
49936  -18.606  -45.802  70.946 0.0000000000
36710  -11.435  -56.798  84.117 0.0000000000
35538  -11.028  -57.609  83.593 0.0000000000
52161  -34.472  -44.397  64.866 0.0000000000
52162  -34.950  -44.163  65.278 0.0000000000
53268  -34.616  -43.077  65.996 0.0000000000
53234  -22.558  -40.949  67.583 0.0000000000
54275  -23.579  -40.796  68.099 0.0000000000
54291  -25.648  -41.219  66.618 0.0000000000
52134  -29.946  -43.597  67.110 0.0000000000
52160  -29.144  -44.407  65.211 0.0000000000
52020  -22.981  -41.446  74.208 0.0000000000
52043  -23.106  -41.440  73.663 0.0000000000
52062  -23.047  -41.448  72.867 0.0000000000
53144  -22.692  -41.711  72.122 0.0000000000
69703  -41.961  -27.112  52.466 0.0000000000
75709  -48.917  -21.679  53.694 0.0000000000
75716  -48.353  -21.220  53.628 0.0000000000
75710  -49.243  -21.171  53.800 0.0000000000
76749  -48.961  -20.545  53.825 0.0000000000
79253  -48.752  -17.827  53.778 0.0000000000
60653  -32.090  -35.560  61.429 0.0000000000
62624  -41.428  -34.117  59.309 0.0000000000
62642  -40.540  -34.300  59.164 0.0000000000
64496  -42.153  -32.330  59.484 0.0000000000
66497  -42.806  -30.575  60.182 0.0000000000
45765  -15.279  -48.092  75.401 0.0000000000
45746  -15.320  -48.250  76.530 0.0000000000
44679  -14.013  -50.103  78.011 0.0000000000
43607  -13.534  -50.769  76.961 0.0000000000
43605  -12.653  -52.303  76.956 0.0000000000
42531  -12.257  -52.925  76.195 0.0000000000
32204  -7.709  -62.153  81.463 0.0000000000
49967  -33.495  -46.069  68.264 0.0000000000
49968  -34.176  -45.835  68.511 0.0000000000
51026  -35.031  -44.426  69.489 0.0000000000
51025  -34.483  -44.979  69.872 0.0000000000
52070  -34.227  -42.530  72.624 0.0000000000
53124  -26.832  -41.294  73.293 0.0000000000
53147  -27.077  -41.304  72.338 0.0000000000
53149  -29.149  -41.624  71.561 0.0000000000
53171  -29.437  -41.839  70.772 0.0000000000
52096  -30.241  -42.373  70.292 0.0000000000
50964  -31.202  -42.370  74.040 0.0000000000
50993  -31.163  -42.616  71.925 0.0000000000
52097  -30.847  -42.614  70.581 0.0000000000
51008  -30.884  -42.729  70.298 0.0000000000
51038  -31.882  -44.701  68.421 0.0000000000
49964  -31.751  -44.864  68.329 0.0000000000
52001  -27.122  -42.131  75.574 0.0000000000
68607  -39.688  -28.058  56.135 0.0000000000
69659  -39.009  -27.850  55.232 0.0000000000
69660  -39.905  -27.620  55.598 0.0000000000
69670  -41.339  -26.998  54.300 0.0000000000
68625  -43.938  -27.579  54.448 0.0000000000
68637  -43.408  -27.548  54.137 0.0000000000
68636  -42.964  -27.508  53.912 0.0000000000
69684  -42.663  -27.242  53.284 0.0000000000
70700  -43.588  -26.408  52.315 0.0000000000
70714  -43.577  -25.550  52.001 0.0000000000
71662  -43.455  -25.083  51.567 0.0000000000
72593  -43.646  -24.297  51.832 0.0000000000
73660  -43.750  -23.651  51.221 0.0000000000
72582  -44.039  -23.931  52.282 0.0000000000
73640  -44.321  -23.409  52.317 0.0000000000
73641  -44.988  -23.450  52.871 0.0000000000
73642  -45.854  -23.359  53.390 0.0000000000
73634  -46.253  -23.150  53.619 0.0000000000
71641  -48.941  -25.192  53.276 0.0000000000
73636  -49.255  -23.057  53.668 0.0000000000
74662  -48.709  -22.229  53.661 0.0000000000
74664  -50.011  -21.996  54.058 0.0000000000
58471  -31.437  -38.819  65.366 0.0000000000
58470  -31.317  -39.247  64.647 0.0000000000
58487  -31.397  -38.036  64.639 0.0000000000
59672  -31.813  -37.304  64.263 0.0000000000
60641  -31.579  -37.137  63.483 0.0000000000
61622  -32.664  -35.234  60.829 0.0000000000
61624  -34.407  -34.313  61.384 0.0000000000
62601  -34.074  -34.596  60.599 0.0000000000
62621  -33.715  -35.006  59.640 0.0000000000
62639  -34.031  -34.863  59.128 0.0000000000
61679  -35.295  -34.583  58.705 0.0000000000
61658  -37.208  -34.738  59.735 0.0000000000
61613  -38.417  -33.751  61.987 0.0000000000
61629  -39.451  -34.365  61.299 0.0000000000
61662  -40.950  -35.001  59.769 0.0000000000
49927  -18.651  -45.793  72.006 0.0000000000
48921  -18.273  -46.245  72.321 0.0000000000
48920  -17.886  -46.324  73.130 0.0000000000
46808  -15.619  -48.280  73.810 0.0000000000
46827  -15.906  -48.558  72.492 0.0000000000
82027  -49.748  -13.926  50.732 0.0000000000
55398  -32.545  -41.750  63.962 0.0000000000
55397  -32.102  -41.607  63.638 0.0000000000
52135  -34.889  -44.262  67.886 0.0000000000
52148  -34.734  -44.096  66.770 0.0000000000
54307  -33.715  -42.762  66.556 0.0000000000
54281  -34.137  -42.066  68.591 0.0000000000
55337  -34.105  -41.536  68.845 0.0000000000
54294  -33.781  -42.318  67.579 0.0000000000
55383  -33.365  -42.446  66.163 0.0000000000
55367  -32.924  -41.814  66.377 0.0000000000
56379  -32.705  -41.396  66.552 0.0000000000
56360  -32.781  -40.875  67.289 0.0000000000
56378  -32.161  -40.854  66.191 0.0000000000
58457  -31.539  -38.485  65.911 0.0000000000
59627  -32.526  -37.821  67.935 0.0000000000
60619  -32.832  -36.640  67.010 0.0000000000
60609  -34.283  -36.583  69.300 0.0000000000
53191  -26.503  -41.181  70.687 0.0000000000
54292  -26.449  -41.167  66.270 0.0000000000
52119  -29.706  -42.335  68.474 0.0000000000
53222  -28.889  -41.984  67.877 0.0000000000
53235  -28.048  -41.660  67.264 0.0000000000
54279  -27.291  -41.262  66.704 0.0000000000
53090  -19.411  -43.249  74.510 0.0000000000
53102  -19.427  -43.573  73.612 0.0000000000
53119  -19.430  -43.792  72.959 0.0000000000
52042  -22.533  -41.382  73.694 0.0000000000
53122  -21.671  -41.590  73.221 0.0000000000
53163  -21.275  -42.136  71.570 0.0000000000
53141  -19.971  -42.923  72.235 0.0000000000
52076  -19.223  -44.170  71.739 0.0000000000
49937  -18.780  -45.296  70.322 0.0000000000
74692  -43.963  -23.129  50.793 0.0000000000
74684  -44.142  -22.492  50.913 0.0000000000
74677  -44.705  -22.084  52.159 0.0000000000
75726  -44.424  -21.804  51.222 0.0000000000
75734  -44.453  -21.771  50.278 0.0000000000
76762  -44.808  -20.966  50.076 0.0000000000
76746  -46.389  -20.333  52.844 0.0000000000
76754  -45.940  -19.867  52.220 0.0000000000
77598  -45.628  -19.721  48.662 0.0000000000
77599  -45.989  -18.855  48.883 0.0000000000
78433  -46.628  -18.388  48.454 0.0000000000
79280  -47.599  -16.844  48.893 0.0000000000
80156  -47.764  -16.405  49.502 0.0000000000
80153  -47.663  -16.512  50.566 0.0000000000
82012  -48.967  -14.741  52.099 0.0000000000
37862  -11.477  -56.628  80.175 0.0000000000
37861  -11.296  -57.388  79.964 0.0000000000
36753  -11.256  -58.109  78.272 0.0000000000
35578  -11.021  -58.804  78.574 0.0000000000
60657  -30.558  -36.893  60.754 0.0000000000
68587  -38.643  -28.615  56.204 0.0000000000
62656  -36.237  -33.803  57.784 0.0000000000
62674  -36.542  -33.412  57.322 0.0000000000
63599  -36.879  -33.002  57.100 0.0000000000
64543  -37.408  -32.432  57.059 0.0000000000
63585  -39.092  -32.919  58.256 0.0000000000
64545  -38.217  -32.769  57.641 0.0000000000
64522  -37.952  -32.238  57.333 0.0000000000
64521  -37.673  -32.055  57.097 0.0000000000
65490  -37.793  -31.714  57.203 0.0000000000
66519  -38.064  -30.206  57.303 0.0000000000
66513  -38.875  -30.536  57.906 0.0000000000
68588  -39.386  -28.393  56.528 0.0000000000
68576  -41.333  -28.096  57.584 0.0000000000
69626  -42.751  -27.691  57.895 0.0000000000
67507  -43.226  -29.530  59.831 0.0000000000
40206  -12.498  -54.916  81.103 0.0000000000
41327  -12.534  -54.581  80.610 0.0000000000
39071  -11.680  -55.876  79.721 0.0000000000
39077  -11.626  -56.179  78.724 0.0000000000
36727  -11.453  -57.194  81.682 0.0000000000
36726  -11.176  -57.658  81.896 0.0000000000
36719  -11.326  -57.504  82.500 0.0000000000
35543  -11.023  -58.003  82.585 0.0000000000
35541  -11.064  -57.952  83.097 0.0000000000
35540  -10.728  -58.199  83.307 0.0000000000
34456  -10.255  -60.378  79.578 0.0000000000
33308  -10.440  -59.592  81.289 0.0000000000
33299  -10.041  -60.391  81.753 0.0000000000
34424  -10.265  -59.026  82.740 0.0000000000
34419  -10.318  -58.710  83.248 0.0000000000
34416  -10.131  -58.614  83.654 0.0000000000
34410  -9.973  -58.502  83.995 0.0000000000
34409  -9.622  -58.611  84.208 0.0000000000
34403  -9.111  -58.348  84.744 0.0000000000
33268  -8.928  -59.806  84.021 0.0000000000
33264  -9.014  -59.743  84.263 0.0000000000
34402  -8.769  -58.234  84.741 0.0000000000
34406  -8.494  -58.488  84.388 0.0000000000
31108  -7.278  -62.040  81.401 0.0000000000
32182  -7.707  -61.371  82.163 0.0000000000
33276  -7.767  -60.688  82.398 0.0000000000
32180  -8.254  -60.704  82.877 0.0000000000
32185  -9.157  -60.892  83.048 0.0000000000
33263  -9.126  -59.678  84.619 0.0000000000
33265  -7.831  -59.283  83.326 0.0000000000
33274  -9.306  -59.706  83.318 0.0000000000
33278  -8.891  -60.544  83.101 0.0000000000
33291  -10.082  -59.668  82.255 0.0000000000
33300  -10.312  -59.677  81.689 0.0000000000
34401  -8.548  -58.158  84.654 0.0000000000
34404  -9.404  -58.341  84.626 0.0000000000
34405  -8.286  -58.569  84.168 0.0000000000
34407  -8.934  -59.102  84.389 0.0000000000
34408  -9.266  -59.072  84.233 0.0000000000
34413  -8.784  -59.359  84.172 0.0000000000
34441  -10.606  -58.646  81.518 0.0000000000
35529  -10.367  -57.521  84.935 0.0000000000
35531  -8.278  -58.148  84.343 0.0000000000
35532  -8.407  -58.146  84.523 0.0000000000
35533  -10.032  -58.115  84.445 0.0000000000
35537  -10.577  -58.107  83.659 0.0000000000
44694  -13.565  -50.737  76.565 0.0000000000
44712  -14.382  -49.394  75.785 0.0000000000
45763  -14.434  -49.391  75.427 0.0000000000
49960  -19.232  -45.550  68.983 0.0000000000
52060  -19.478  -43.686  72.044 0.0000000000
52095  -29.627  -42.090  70.043 0.0000000000
52136  -34.945  -43.799  68.197 0.0000000000
52163  -35.167  -43.527  65.712 0.0000000000
53185  -20.747  -42.382  71.146 0.0000000000
53267  -35.113  -43.284  65.294 0.0000000000
54288  -22.588  -41.359  66.660 0.0000000000
54295  -34.053  -42.704  67.871 0.0000000000
55321  -34.036  -41.027  68.992 0.0000000000
55350  -25.216  -41.229  66.235 0.0000000000
59616  -32.612  -37.989  68.289 0.0000000000
59681  -30.478  -38.022  62.717 0.0000000000
60601  -35.151  -37.216  70.454 0.0000000000
62587  -36.613  -33.690  62.367 0.0000000000
62597  -37.840  -33.591  61.891 0.0000000000
62604  -36.809  -34.015  61.494 0.0000000000
62611  -33.891  -34.786  60.248 0.0000000000
62622  -34.307  -34.817  59.744 0.0000000000
62626  -42.557  -34.419  60.510 0.0000000000
62675  -37.110  -33.269  57.452 0.0000000000
65509  -37.413  -31.748  56.938 0.0000000000
66496  -42.284  -30.551  59.924 0.0000000000
66511  -37.936  -31.406  57.338 0.0000000000
66527  -36.801  -31.235  56.415 0.0000000000
67524  -46.998  -28.548  56.061 0.0000000000
67530  -46.764  -28.666  55.841 0.0000000000
67531  -47.131  -28.737  55.712 0.0000000000
68606  -39.171  -28.105  55.854 0.0000000000
73639  -44.064  -23.602  52.175 0.0000000000
73652  -44.135  -23.118  51.977 0.0000000000
74660  -46.187  -22.850  53.633 0.0000000000
74661  -46.430  -22.893  53.671 0.0000000000
74683  -44.002  -23.055  51.396 0.0000000000
75720  -44.592  -21.843  51.810 0.0000000000
77596  -45.915  -18.671  49.461 0.0000000000
78426  -45.729  -18.833  50.256 0.0000000000
79264  -47.296  -17.528  51.917 0.0000000000
