#!ascii label  , from subject sub-MOT05 vox2ras=TkReg
1044
96158  -52.364  0.317  54.394 0.0000000000
109110  -45.848  18.492  51.131 0.0000000000
101316  -42.330  6.711  54.700 0.0000000000
103338  -49.374  9.586  52.337 0.0000000000
107227  -49.304  15.772  45.449 0.0000000000
104599  -47.917  11.710  50.277 0.0000000000
102784  -50.668  8.413  45.379 0.0000000000
102737  -43.586  8.166  48.333 0.0000000000
91524  -46.790  -4.604  55.823 0.0000000000
93356  -50.544  -2.523  58.294 0.0000000000
109731  -38.110  20.235  50.002 0.0000000000
107204  -41.704  16.138  46.047 0.0000000000
107969  -47.165  16.828  39.739 0.0000000000
98794  -48.005  3.519  57.657 0.0000000000
105868  -42.388  13.768  53.999 0.0000000000
103303  -47.862  10.081  56.761 0.0000000000
100525  -48.993  5.900  56.360 0.0000000000
99710  -45.827  4.572  52.475 0.0000000000
97978  -40.725  2.510  51.921 0.0000000000
95225  -50.947  0.085  52.716 0.0000000000
106014  -50.474  13.380  42.438 0.0000000000
104640  -50.530  11.683  45.175 0.0000000000
104647  -48.773  10.672  43.875 0.0000000000
102795  -46.080  8.284  44.010 0.0000000000
92478  -49.024  -3.784  56.868 0.0000000000
92459  -48.650  -3.883  58.938 0.0000000000
111558  -39.129  23.382  51.757 0.0000000000
107924  -44.143  16.605  43.730 0.0000000000
97938  -45.891  2.483  56.972 0.0000000000
100505  -45.043  4.843  56.466 0.0000000000
109096  -42.517  19.019  52.882 0.0000000000
107838  -44.038  16.484  52.194 0.0000000000
103982  -51.171  10.513  51.768 0.0000000000
105223  -48.490  12.517  54.371 0.0000000000
103963  -50.094  10.816  55.531 0.0000000000
102648  -49.749  8.025  57.590 0.0000000000
102021  -48.727  7.995  55.360 0.0000000000
99701  -47.301  4.643  53.681 0.0000000000
102032  -46.442  7.210  52.830 0.0000000000
100573  -42.220  5.787  50.315 0.0000000000
107873  -48.061  17.378  48.730 0.0000000000
106558  -46.653  15.397  50.158 0.0000000000
105285  -48.415  13.047  46.863 0.0000000000
104009  -50.301  10.663  48.142 0.0000000000
102730  -50.498  8.715  49.046 0.0000000000
103365  -46.922  9.648  50.100 0.0000000000
102753  -46.989  8.795  46.939 0.0000000000
102096  -43.741  7.255  44.882 0.0000000000
92496  -48.329  -2.886  53.562 0.0000000000
93390  -50.917  -1.931  55.297 0.0000000000
95201  -52.062  -0.442  56.288 0.0000000000
110942  -39.107  21.774  53.026 0.0000000000
110966  -41.126  21.939  51.114 0.0000000000
109745  -41.980  19.597  49.924 0.0000000000
107869  -43.963  16.303  48.756 0.0000000000
107207  -45.212  15.249  46.120 0.0000000000
107269  -49.016  15.626  42.177 0.0000000000
106661  -49.028  14.432  39.636 0.0000000000
106673  -46.673  14.621  37.773 0.0000000000
94261  -47.742  -1.608  57.202 0.0000000000
96122  -49.548  0.493  57.595 0.0000000000
97922  -50.899  2.207  57.317 0.0000000000
103959  -42.475  10.786  54.174 0.0000000000
105879  -44.981  13.360  52.562 0.0000000000
104527  -45.108  12.380  55.448 0.0000000000
102019  -44.552  8.426  54.930 0.0000000000
101292  -47.383  6.502  57.505 0.0000000000
99662  -49.616  4.336  57.622 0.0000000000
97950  -50.574  2.350  55.395 0.0000000000
97054  -48.503  1.878  54.005 0.0000000000
96152  -46.816  0.777  53.362 0.0000000000
95219  -44.008  0.026  52.246 0.0000000000
102039  -44.713  6.971  51.264 0.0000000000
98842  -43.453  3.401  52.136 0.0000000000
95232  -41.884  0.146  51.365 0.0000000000
94292  -52.648  -0.603  53.983 0.0000000000
95227  -52.695  -0.271  52.213 0.0000000000
96168  -51.847  0.412  53.298 0.0000000000
106012  -49.440  12.999  41.980 0.0000000000
105321  -50.184  12.086  42.905 0.0000000000
105319  -48.482  12.001  43.506 0.0000000000
104645  -46.874  10.825  44.507 0.0000000000
101304  -43.260  6.373  55.162 0.0000000000
109718  -44.541  19.241  51.689 0.0000000000
103340  -50.824  10.202  52.763 0.0000000000
103969  -50.715  11.032  54.030 0.0000000000
103329  -50.276  9.952  53.665 0.0000000000
102671  -49.498  8.892  55.758 0.0000000000
102693  -48.820  9.277  53.906 0.0000000000
102024  -47.511  7.590  54.030 0.0000000000
102702  -47.719  9.176  52.692 0.0000000000
107902  -48.479  16.669  46.982 0.0000000000
107178  -48.723  15.949  48.301 0.0000000000
106592  -49.418  14.825  46.214 0.0000000000
103436  -51.098  9.729  45.101 0.0000000000
104029  -50.574  10.730  46.106 0.0000000000
103411  -51.527  9.129  47.014 0.0000000000
104011  -51.327  9.684  48.920 0.0000000000
102756  -50.385  8.314  47.317 0.0000000000
102741  -49.087  8.935  48.045 0.0000000000
102769  -48.535  8.114  46.019 0.0000000000
102111  -45.248  7.545  44.226 0.0000000000
92479  -49.624  -3.588  57.326 0.0000000000
93389  -49.644  -2.830  55.855 0.0000000000
93384  -50.466  -2.694  56.798 0.0000000000
93391  -51.583  -1.540  55.558 0.0000000000
94265  -51.445  -1.573  57.617 0.0000000000
110976  -38.159  21.913  50.762 0.0000000000
111568  -40.538  23.287  51.392 0.0000000000
110978  -40.055  22.140  50.078 0.0000000000
110379  -41.823  20.563  50.088 0.0000000000
109743  -39.659  19.452  49.648 0.0000000000
107882  -40.387  16.175  47.259 0.0000000000
107867  -41.620  16.079  48.559 0.0000000000
107172  -42.339  15.583  47.833 0.0000000000
107189  -44.323  15.361  47.090 0.0000000000
107206  -43.923  15.384  45.966 0.0000000000
107266  -46.126  16.402  41.903 0.0000000000
107253  -46.893  15.481  42.779 0.0000000000
107282  -47.851  16.134  40.841 0.0000000000
107298  -49.219  15.393  40.218 0.0000000000
107313  -48.672  15.411  39.351 0.0000000000
106675  -48.240  14.527  38.768 0.0000000000
107985  -47.111  16.347  38.789 0.0000000000
95195  -43.561  -0.429  56.614 0.0000000000
93364  -44.397  -2.651  57.429 0.0000000000
93379  -44.817  -2.031  56.913 0.0000000000
93381  -46.789  -1.926  57.069 0.0000000000
95197  -45.617  -0.271  56.549 0.0000000000
97939  -47.158  2.585  57.275 0.0000000000
97038  -47.791  1.667  57.214 0.0000000000
97019  -48.271  1.938  57.375 0.0000000000
97021  -49.894  1.465  57.669 0.0000000000
97920  -49.343  2.465  57.692 0.0000000000
105846  -40.793  13.197  54.614 0.0000000000
104545  -40.829  11.567  54.505 0.0000000000
105207  -42.480  12.496  54.750 0.0000000000
105262  -46.645  13.270  49.263 0.0000000000
105884  -45.511  14.024  50.595 0.0000000000
105235  -46.307  12.520  51.402 0.0000000000
105189  -47.978  12.212  55.773 0.0000000000
105188  -46.892  12.534  55.516 0.0000000000
103944  -46.211  11.127  55.594 0.0000000000
103318  -45.127  10.327  54.940 0.0000000000
102669  -46.212  9.197  55.817 0.0000000000
102006  -46.067  7.882  56.202 0.0000000000
102655  -47.712  9.103  57.142 0.0000000000
101294  -49.494  6.624  57.252 0.0000000000
101287  -49.322  6.376  57.851 0.0000000000
99674  -49.601  4.839  56.958 0.0000000000
98827  -50.111  3.497  56.409 0.0000000000
98832  -49.851  3.320  55.782 0.0000000000
97046  -49.612  1.805  54.431 0.0000000000
98831  -49.156  3.622  55.349 0.0000000000
99700  -46.560  4.331  53.114 0.0000000000
98834  -47.021  3.591  53.438 0.0000000000
97952  -45.923  2.167  53.171 0.0000000000
96150  -45.404  0.807  53.099 0.0000000000
97963  -44.943  2.711  52.663 0.0000000000
103363  -45.045  9.122  49.569 0.0000000000
102711  -45.663  8.350  51.371 0.0000000000
102720  -44.520  8.288  50.334 0.0000000000
99721  -41.795  4.354  51.280 0.0000000000
99722  -42.923  4.491  51.574 0.0000000000
98840  -42.081  3.190  51.918 0.0000000000
97059  -42.432  1.767  52.449 0.0000000000
96160  -41.278  1.184  52.143 0.0000000000
95250  -39.846  -0.026  50.416 0.0000000000
94298  -51.745  -1.793  52.181 0.0000000000
94297  -49.749  -0.560  52.121 0.0000000000
106622  -50.414  14.405  43.629 0.0000000000
105958  -50.019  13.705  45.016 0.0000000000
105313  -50.661  12.547  43.770 0.0000000000
104056  -50.581  10.810  43.762 0.0000000000
103449  -50.123  9.374  44.098 0.0000000000
102114  -47.983  7.970  44.432 0.0000000000
103447  -47.879  9.058  44.006 0.0000000000
91525  -47.611  -4.018  55.686 0.0000000000
91496  -48.106  -4.761  57.201 0.0000000000
92460  -49.617  -3.665  58.730 0.0000000000
110364  -35.636  20.412  50.536 0.0000000000
107914  -42.920  16.525  44.809 0.0000000000
108603  -45.783  17.944  41.284 0.0000000000
108616  -45.688  17.877  40.435 0.0000000000
96135  -45.022  0.612  56.535 0.0000000000
98813  -45.172  3.314  56.837 0.0000000000
99673  -46.774  4.420  57.254 0.0000000000
106548  -42.954  15.030  52.665 0.0000000000
104589  -49.913  11.362  50.469 0.0000000000
104572  -48.046  12.189  52.282 0.0000000000
104563  -49.503  12.170  53.143 0.0000000000
104552  -49.713  11.561  55.145 0.0000000000
103947  -48.882  10.936  56.562 0.0000000000
102656  -48.922  9.063  57.560 0.0000000000
102658  -50.008  9.572  56.620 0.0000000000
102008  -49.391  7.885  56.348 0.0000000000
101319  -48.708  6.915  55.711 0.0000000000
99698  -48.563  4.852  55.310 0.0000000000
101318  -48.061  6.413  54.894 0.0000000000
100538  -47.171  5.645  53.670 0.0000000000
101329  -46.195  6.233  52.569 0.0000000000
102054  -43.034  7.167  49.816 0.0000000000
102015  -40.496  7.611  54.188 0.0000000000
108515  -46.203  17.781  49.697 0.0000000000
107847  -46.855  16.997  50.841 0.0000000000
107164  -47.800  16.626  49.748 0.0000000000
105912  -47.202  14.064  48.600 0.0000000000
104618  -47.885  12.097  48.185 0.0000000000
105294  -49.684  12.873  45.550 0.0000000000
104620  -49.194  11.545  46.960 0.0000000000
104601  -49.955  11.041  49.171 0.0000000000
104001  -51.108  10.388  49.514 0.0000000000
103370  -51.239  9.630  50.636 0.0000000000
103353  -50.149  9.487  51.501 0.0000000000
103351  -48.186  9.552  51.206 0.0000000000
103381  -48.717  9.422  49.514 0.0000000000
103394  -47.398  9.455  48.451 0.0000000000
103392  -45.548  9.104  47.828 0.0000000000
102099  -46.770  7.830  44.944 0.0000000000
102085  -45.115  7.701  45.667 0.0000000000
92488  -48.515  -3.213  55.290 0.0000000000
93397  -49.051  -2.634  53.916 0.0000000000
93399  -50.905  -1.967  52.756 0.0000000000
94286  -51.735  -1.493  54.255 0.0000000000
94287  -52.313  -1.087  54.567 0.0000000000
95206  -52.469  -0.192  55.335 0.0000000000
109712  -39.178  19.747  52.851 0.0000000000
110952  -40.259  21.777  52.155 0.0000000000
109713  -40.083  19.773  52.672 0.0000000000
109715  -41.827  19.844  52.194 0.0000000000
109722  -43.158  19.813  51.326 0.0000000000
109107  -43.839  18.909  50.448 0.0000000000
109116  -37.863  18.579  49.452 0.0000000000
108510  -40.487  17.569  49.447 0.0000000000
108512  -42.721  17.688  49.682 0.0000000000
108514  -44.970  17.995  50.009 0.0000000000
107870  -45.101  16.631  48.792 0.0000000000
107191  -46.787  16.425  47.478 0.0000000000
107226  -48.556  15.965  45.385 0.0000000000
107223  -44.842  15.401  44.890 0.0000000000
107240  -47.149  15.321  44.041 0.0000000000
107255  -49.220  15.639  43.324 0.0000000000
107270  -50.043  15.180  42.469 0.0000000000
106054  -49.540  13.719  40.761 0.0000000000
106064  -47.524  13.409  39.134 0.0000000000
106074  -46.718  13.104  37.836 0.0000000000
107984  -46.021  16.432  38.987 0.0000000000
92472  -48.029  -3.384  58.507 0.0000000000
93369  -49.694  -2.247  58.446 0.0000000000
96137  -47.084  0.683  56.894 0.0000000000
95200  -48.335  -0.368  57.158 0.0000000000
94264  -50.301  -1.336  58.160 0.0000000000
95185  -50.923  -0.723  58.060 0.0000000000
96139  -51.912  0.391  56.576 0.0000000000
96142  -51.966  0.804  55.747 0.0000000000
102689  -42.084  9.188  53.927 0.0000000000
107158  -45.024  15.757  51.529 0.0000000000
106550  -44.159  14.349  52.225 0.0000000000
105870  -44.228  13.637  53.932 0.0000000000
105221  -46.652  12.816  53.596 0.0000000000
105850  -44.996  13.465  54.709 0.0000000000
105831  -43.733  13.188  55.176 0.0000000000
104548  -43.934  11.766  54.898 0.0000000000
103316  -43.057  9.853  54.190 0.0000000000
102018  -43.686  7.918  54.625 0.0000000000
102005  -44.762  7.530  55.408 0.0000000000
101291  -46.338  6.112  56.835 0.0000000000
100497  -47.692  4.856  57.758 0.0000000000
101995  -48.441  8.153  57.846 0.0000000000
101286  -48.557  6.220  58.113 0.0000000000
99661  -49.154  4.317  58.024 0.0000000000
98816  -50.536  2.942  57.266 0.0000000000
97942  -51.359  2.090  56.229 0.0000000000
97048  -51.419  1.427  54.996 0.0000000000
96145  -50.535  1.238  54.305 0.0000000000
96155  -49.805  0.858  53.872 0.0000000000
95212  -48.265  0.188  53.259 0.0000000000
97955  -48.261  2.814  54.209 0.0000000000
96153  -47.806  0.910  53.594 0.0000000000
95211  -47.286  0.114  53.168 0.0000000000
95221  -46.442  -0.530  52.516 0.0000000000
95234  -44.220  -0.519  51.489 0.0000000000
102712  -46.590  9.045  51.561 0.0000000000
102700  -46.020  7.611  52.112 0.0000000000
100545  -45.058  5.442  51.831 0.0000000000
101335  -43.665  6.061  51.044 0.0000000000
100544  -44.364  4.920  51.694 0.0000000000
98843  -44.433  3.481  52.290 0.0000000000
97060  -43.394  1.697  52.618 0.0000000000
96180  -43.043  0.434  52.224 0.0000000000
95208  -52.623  -0.108  54.537 0.0000000000
95216  -52.625  0.029  53.477 0.0000000000
95215  -52.218  0.328  53.314 0.0000000000
96157  -51.978  0.539  53.916 0.0000000000
106011  -48.377  13.008  42.294 0.0000000000
105327  -49.043  12.510  42.675 0.0000000000
105991  -48.018  12.649  43.147 0.0000000000
100521  -42.695  5.529  55.337 0.0000000000
109102  -45.164  18.904  51.536 0.0000000000
109098  -44.808  18.782  52.275 0.0000000000
109103  -45.700  18.394  51.821 0.0000000000
103339  -50.251  9.774  52.547 0.0000000000
103328  -49.501  9.637  53.369 0.0000000000
103320  -49.629  9.494  54.561 0.0000000000
102692  -47.863  8.621  53.621 0.0000000000
103327  -48.560  9.430  53.055 0.0000000000
107210  -48.812  16.250  46.296 0.0000000000
107211  -49.277  15.640  46.339 0.0000000000
107212  -49.558  15.143  45.900 0.0000000000
102785  -51.116  9.021  45.333 0.0000000000
103422  -51.274  9.382  46.018 0.0000000000
102772  -51.215  8.669  46.196 0.0000000000
102757  -51.135  8.542  47.235 0.0000000000
102771  -50.623  8.169  46.298 0.0000000000
102770  -49.663  8.036  46.163 0.0000000000
91537  -46.761  -4.075  54.574 0.0000000000
92480  -50.206  -3.263  57.740 0.0000000000
93370  -50.660  -2.696  57.771 0.0000000000
93371  -51.261  -2.120  57.218 0.0000000000
93357  -51.144  -2.228  57.909 0.0000000000
110366  -37.887  21.137  50.403 0.0000000000
110977  -38.997  22.106  50.469 0.0000000000
110367  -39.242  20.933  49.879 0.0000000000
110377  -40.159  20.363  49.612 0.0000000000
109742  -38.682  19.608  49.740 0.0000000000
107911  -40.659  16.951  45.867 0.0000000000
108544  -39.718  17.162  46.216 0.0000000000
107186  -41.162  16.065  46.741 0.0000000000
107171  -41.276  15.858  47.613 0.0000000000
107187  -42.011  15.662  46.860 0.0000000000
107188  -43.108  15.413  46.960 0.0000000000
107205  -42.758  15.700  45.989 0.0000000000
107955  -46.738  16.805  40.854 0.0000000000
107267  -46.808  16.074  41.607 0.0000000000
107956  -47.405  16.430  40.676 0.0000000000
107297  -48.556  15.982  40.190 0.0000000000
107970  -47.776  16.417  40.146 0.0000000000
107986  -47.985  16.140  39.172 0.0000000000
96133  -42.988  0.472  56.588 0.0000000000
94274  -44.194  -1.263  56.692 0.0000000000
95196  -44.594  -0.338  56.519 0.0000000000
94275  -45.203  -1.194  56.630 0.0000000000
97918  -47.662  3.067  57.439 0.0000000000
97940  -47.714  2.279  57.325 0.0000000000
97919  -48.199  2.533  57.459 0.0000000000
98795  -48.852  3.428  57.853 0.0000000000
106533  -41.784  14.347  53.275 0.0000000000
105847  -41.928  13.195  54.579 0.0000000000
105263  -47.030  12.319  49.646 0.0000000000
105247  -46.174  12.942  50.212 0.0000000000
105248  -47.041  12.091  50.801 0.0000000000
103946  -48.005  10.673  56.575 0.0000000000
104529  -47.391  11.676  55.933 0.0000000000
103945  -46.944  10.958  55.827 0.0000000000
103301  -46.235  10.389  55.577 0.0000000000
103302  -47.237  9.927  56.399 0.0000000000
102670  -46.988  9.227  56.530 0.0000000000
103285  -47.803  9.770  56.881 0.0000000000
100508  -49.528  5.352  57.261 0.0000000000
99690  -49.362  4.615  56.408 0.0000000000
99691  -49.695  4.084  56.544 0.0000000000
98845  -46.171  3.532  53.025 0.0000000000
97964  -45.797  2.846  52.974 0.0000000000
97062  -45.374  2.167  52.954 0.0000000000
98844  -45.368  3.581  52.542 0.0000000000
103377  -44.932  9.082  48.543 0.0000000000
102729  -44.258  8.666  49.066 0.0000000000
98859  -41.428  3.285  51.722 0.0000000000
97979  -41.343  2.657  52.028 0.0000000000
97959  -41.284  2.250  52.197 0.0000000000
97057  -40.890  1.711  52.147 0.0000000000
96177  -40.633  0.970  51.760 0.0000000000
97072  -40.180  1.734  51.738 0.0000000000
94299  -52.481  -1.346  52.485 0.0000000000
95237  -50.360  -0.455  52.025 0.0000000000
106633  -50.450  14.405  42.632 0.0000000000
105992  -50.633  13.493  43.252 0.0000000000
104654  -49.985  11.382  43.256 0.0000000000
104655  -50.564  11.548  43.541 0.0000000000
104055  -50.216  10.834  43.560 0.0000000000
104048  -50.468  10.222  43.845 0.0000000000
104047  -49.551  10.264  43.765 0.0000000000
103448  -49.070  9.159  43.937 0.0000000000
104046  -48.415  9.930  44.028 0.0000000000
104038  -46.541  10.217  44.482 0.0000000000
90521  -47.616  -5.063  57.367 0.0000000000
91480  -49.387  -4.100  58.448 0.0000000000
110352  -36.111  21.023  51.096 0.0000000000
108591  -44.929  18.148  42.644 0.0000000000
109188  -45.432  18.695  41.677 0.0000000000
109789  -45.016  19.740  42.602 0.0000000000
99689  -44.348  4.997  56.174 0.0000000000
99671  -44.450  4.155  56.461 0.0000000000
99672  -45.595  4.230  56.821 0.0000000000
100506  -45.897  5.230  56.779 0.0000000000
109095  -41.457  18.964  52.900 0.0000000000
107151  -43.457  15.802  52.290 0.0000000000
104575  -50.752  11.194  51.170 0.0000000000
104574  -49.815  11.660  51.699 0.0000000000
104564  -50.585  11.413  52.414 0.0000000000
103322  -50.608  10.672  54.369 0.0000000000
104553  -50.288  11.436  54.372 0.0000000000
104531  -49.127  11.491  55.847 0.0000000000
103948  -49.625  10.702  56.258 0.0000000000
103288  -49.807  9.921  56.781 0.0000000000
103305  -50.134  10.050  56.057 0.0000000000
102020  -48.088  7.252  54.770 0.0000000000
102691  -47.036  7.825  53.340 0.0000000000
102023  -46.963  7.094  53.550 0.0000000000
101321  -46.752  6.320  53.284 0.0000000000
108526  -47.505  17.537  49.088 0.0000000000
108503  -47.493  17.524  49.844 0.0000000000
106581  -48.700  15.050  47.543 0.0000000000
106570  -48.386  15.274  48.210 0.0000000000
105928  -47.637  13.971  48.021 0.0000000000
105275  -47.217  12.928  48.553 0.0000000000
105284  -47.822  12.960  47.621 0.0000000000
105304  -50.529  12.526  44.501 0.0000000000
104639  -50.070  12.115  45.527 0.0000000000
104019  -50.749  10.316  47.361 0.0000000000
104018  -49.907  10.931  46.932 0.0000000000
104611  -49.377  11.141  47.858 0.0000000000
104602  -50.695  10.771  49.439 0.0000000000
104000  -50.673  10.615  48.966 0.0000000000
103384  -51.149  9.111  49.432 0.0000000000
104002  -51.375  9.870  50.032 0.0000000000
103369  -50.740  9.280  50.563 0.0000000000
103368  -49.910  9.235  50.533 0.0000000000
103382  -49.617  9.147  49.694 0.0000000000
102754  -48.205  8.886  47.351 0.0000000000
103395  -48.412  9.289  48.414 0.0000000000
103409  -47.222  9.202  47.700 0.0000000000
103393  -46.483  9.385  48.226 0.0000000000
102796  -47.337  8.405  44.139 0.0000000000
102100  -47.632  7.858  44.903 0.0000000000
102113  -46.743  7.991  44.261 0.0000000000
102110  -44.287  7.458  44.018 0.0000000000
102097  -44.771  7.418  44.917 0.0000000000
91511  -48.380  -4.214  56.714 0.0000000000
92482  -48.172  -3.596  55.637 0.0000000000
92483  -48.769  -3.481  56.114 0.0000000000
93393  -49.067  -2.823  54.948 0.0000000000
93394  -49.890  -2.331  54.551 0.0000000000
93398  -49.902  -2.244  53.326 0.0000000000
93395  -50.854  -1.829  53.887 0.0000000000
94283  -52.057  -1.012  55.609 0.0000000000
94282  -51.790  -1.434  55.063 0.0000000000
94288  -52.502  -0.588  54.901 0.0000000000
95205  -52.280  -0.449  55.687 0.0000000000
110941  -38.050  21.749  53.569 0.0000000000
110330  -37.205  20.865  53.440 0.0000000000
110331  -38.193  20.805  53.179 0.0000000000
109704  -38.315  19.860  52.986 0.0000000000
110339  -39.022  20.698  52.836 0.0000000000
112192  -39.249  23.621  52.257 0.0000000000
112193  -40.158  23.668  51.983 0.0000000000
111579  -41.041  22.736  50.964 0.0000000000
111569  -40.855  22.605  51.532 0.0000000000
110953  -40.727  21.856  51.630 0.0000000000
110340  -39.794  20.688  52.512 0.0000000000
110341  -40.643  20.793  51.994 0.0000000000
110342  -41.197  20.314  52.010 0.0000000000
110356  -41.381  20.866  51.369 0.0000000000
109732  -42.362  20.105  50.614 0.0000000000
109733  -43.196  19.388  50.528 0.0000000000
109746  -42.678  19.058  50.070 0.0000000000
109117  -38.929  18.516  49.565 0.0000000000
107852  -39.472  16.968  48.913 0.0000000000
107868  -42.793  16.055  48.729 0.0000000000
107855  -42.154  16.760  49.277 0.0000000000
107856  -43.299  16.890  49.363 0.0000000000
108513  -43.803  17.804  49.795 0.0000000000
107857  -44.423  17.126  49.403 0.0000000000
107858  -45.400  17.336  49.354 0.0000000000
107190  -45.584  15.665  47.261 0.0000000000
107208  -46.546  15.606  46.350 0.0000000000
107209  -47.815  16.314  46.548 0.0000000000
107225  -47.466  15.617  45.299 0.0000000000
107237  -43.900  16.356  44.063 0.0000000000
107222  -43.533  15.936  44.795 0.0000000000
107238  -44.626  16.021  43.671 0.0000000000
107254  -48.111  15.508  43.062 0.0000000000
107241  -48.336  15.650  44.258 0.0000000000
106662  -49.260  15.021  39.795 0.0000000000
106650  -49.571  14.434  40.506 0.0000000000
106649  -49.334  14.159  40.036 0.0000000000
106053  -49.056  13.665  40.199 0.0000000000
106065  -48.354  13.854  39.376 0.0000000000
106674  -47.426  14.504  37.993 0.0000000000
106075  -47.353  13.662  38.272 0.0000000000
106685  -47.079  13.808  37.770 0.0000000000
106684  -46.742  13.992  37.571 0.0000000000
107968  -46.347  17.069  39.577 0.0000000000
92471  -47.060  -3.427  58.328 0.0000000000
93382  -47.351  -1.814  57.151 0.0000000000
93367  -47.673  -2.469  57.636 0.0000000000
93368  -48.979  -2.646  58.433 0.0000000000
94262  -48.549  -1.506  57.496 0.0000000000
97036  -45.455  1.550  56.718 0.0000000000
96136  -46.063  0.672  56.659 0.0000000000
97037  -46.560  1.610  56.982 0.0000000000
97039  -48.332  1.087  57.236 0.0000000000
96138  -47.987  0.572  57.025 0.0000000000
95183  -49.173  -0.509  57.541 0.0000000000
95184  -50.048  -0.545  57.835 0.0000000000
96123  -50.448  0.429  57.743 0.0000000000
97022  -50.743  1.379  57.550 0.0000000000
96124  -51.258  0.386  57.469 0.0000000000
97023  -51.397  1.318  57.085 0.0000000000
97040  -51.645  1.398  56.369 0.0000000000
103958  -41.474  10.856  54.146 0.0000000000
102688  -41.482  9.106  53.859 0.0000000000
107162  -46.530  16.001  50.665 0.0000000000
107846  -46.291  16.570  51.174 0.0000000000
107159  -45.806  15.843  51.093 0.0000000000
105882  -45.011  13.766  51.500 0.0000000000
106554  -44.517  14.698  51.689 0.0000000000
105881  -44.485  13.909  52.122 0.0000000000
105878  -44.244  13.782  52.892 0.0000000000
105229  -48.455  12.473  53.533 0.0000000000
105228  -47.638  12.475  52.921 0.0000000000
105222  -47.591  12.732  54.072 0.0000000000
105187  -45.573  12.993  55.339 0.0000000000
105210  -45.693  13.376  54.923 0.0000000000
105833  -44.642  13.378  55.218 0.0000000000
105186  -44.561  12.986  55.476 0.0000000000
105208  -43.454  12.480  55.010 0.0000000000
105209  -44.263  12.437  55.330 0.0000000000
102683  -45.021  9.328  54.989 0.0000000000
103317  -44.240  10.080  54.504 0.0000000000
102682  -43.909  9.043  54.490 0.0000000000
102004  -43.823  7.078  55.110 0.0000000000
101993  -46.530  6.979  56.780 0.0000000000
100507  -47.002  5.465  57.340 0.0000000000
102647  -49.398  8.168  57.859 0.0000000000
100499  -49.298  5.266  57.949 0.0000000000
100498  -48.521  5.116  58.093 0.0000000000
98796  -49.840  3.305  57.699 0.0000000000
97944  -50.244  3.014  55.813 0.0000000000
98828  -50.617  3.082  56.731 0.0000000000
97945  -50.843  2.509  55.859 0.0000000000
97043  -51.409  1.703  55.618 0.0000000000
97042  -51.065  2.063  55.495 0.0000000000
96146  -51.325  1.108  54.459 0.0000000000
97047  -50.796  1.897  55.068 0.0000000000
97045  -49.035  2.076  54.333 0.0000000000
97055  -49.176  1.344  54.021 0.0000000000
95213  -49.267  0.222  53.298 0.0000000000
96154  -48.796  0.879  53.719 0.0000000000
99697  -47.989  4.519  54.420 0.0000000000
98830  -48.422  3.991  54.709 0.0000000000
98835  -47.851  3.649  54.093 0.0000000000
97053  -47.257  1.762  53.590 0.0000000000
95210  -46.705  0.081  53.122 0.0000000000
96166  -46.315  0.218  53.108 0.0000000000
96164  -44.747  0.535  52.838 0.0000000000
95220  -45.060  -0.311  52.325 0.0000000000
103336  -47.412  9.317  51.895 0.0000000000
103350  -47.181  9.506  51.012 0.0000000000
102710  -44.874  7.625  51.119 0.0000000000
102040  -45.381  7.146  51.668 0.0000000000
101328  -45.584  6.250  51.991 0.0000000000
101337  -44.938  6.363  51.547 0.0000000000
101342  -42.686  6.233  50.305 0.0000000000
100574  -42.803  6.047  50.572 0.0000000000
99707  -43.307  3.980  51.880 0.0000000000
99723  -43.706  4.980  51.508 0.0000000000
99708  -43.884  4.235  51.877 0.0000000000
97962  -43.970  2.578  52.509 0.0000000000
96161  -41.956  1.086  52.291 0.0000000000
96162  -42.780  0.985  52.482 0.0000000000
95252  -42.224  -0.247  50.587 0.0000000000
94300  -52.889  -0.715  52.921 0.0000000000
95239  -52.214  -0.035  51.448 0.0000000000
106013  -50.106  13.086  42.056 0.0000000000
105329  -50.264  12.732  42.548 0.0000000000
105328  -49.795  12.543  42.492 0.0000000000
105320  -49.507  11.967  43.063 0.0000000000
104652  -48.549  11.227  43.838 0.0000000000
104646  -47.942  10.779  44.153 0.0000000000
105312  -48.140  11.410  43.929 0.0000000000
100522  -43.851  5.611  55.722 0.0000000000
109097  -43.628  18.933  52.674 0.0000000000
107833  -44.326  17.230  52.354 0.0000000000
103973  -50.955  10.892  53.091 0.0000000000
103330  -50.688  10.484  53.804 0.0000000000
103321  -50.380  10.216  54.831 0.0000000000
103304  -49.955  9.630  55.542 0.0000000000
102686  -48.796  8.733  54.637 0.0000000000
102685  -48.157  8.068  54.510 0.0000000000
107885  -48.497  16.983  47.728 0.0000000000
107874  -48.601  16.720  48.412 0.0000000000
107193  -49.071  15.836  47.360 0.0000000000
106591  -49.149  15.156  46.848 0.0000000000
105943  -48.881  14.193  46.654 0.0000000000
104039  -50.931  10.657  45.029 0.0000000000
104040  -51.049  10.049  45.784 0.0000000000
104030  -51.160  9.864  46.686 0.0000000000
104020  -51.304  9.690  47.783 0.0000000000
104010  -51.006  10.230  48.463 0.0000000000
103398  -51.429  9.027  48.151 0.0000000000
102743  -50.970  8.529  48.327 0.0000000000
102742  -50.161  8.686  48.526 0.0000000000
102755  -49.390  8.474  47.233 0.0000000000
102768  -47.436  8.375  46.261 0.0000000000
102124  -45.609  7.788  43.801 0.0000000000
92491  -47.741  -3.199  53.964 0.0000000000
92484  -49.378  -3.393  56.600 0.0000000000
93383  -49.794  -3.152  56.678 0.0000000000
93385  -51.396  -1.790  56.223 0.0000000000
94279  -51.711  -1.275  56.746 0.0000000000
111566  -38.465  22.676  51.347 0.0000000000
111567  -39.381  23.060  51.171 0.0000000000
111577  -39.743  22.638  50.527 0.0000000000
111578  -40.402  22.850  50.626 0.0000000000
110979  -41.110  22.077  50.335 0.0000000000
110980  -41.497  21.527  50.350 0.0000000000
110368  -40.597  21.330  49.760 0.0000000000
110378  -41.177  20.512  49.751 0.0000000000
109744  -40.716  19.531  49.665 0.0000000000
108543  -38.883  17.106  46.697 0.0000000000
107866  -40.395  16.296  48.310 0.0000000000
107173  -43.523  15.562  47.990 0.0000000000
107935  -45.292  16.643  42.668 0.0000000000
107252  -45.721  16.066  42.605 0.0000000000
107268  -47.919  15.698  41.893 0.0000000000
107283  -48.778  15.784  41.088 0.0000000000
107327  -48.402  15.140  38.823 0.0000000000
107326  -48.039  15.457  38.596 0.0000000000
107325  -47.138  15.462  38.201 0.0000000000
96132  -42.006  0.449  56.659 0.0000000000
95194  -42.535  -0.476  56.773 0.0000000000
94273  -43.111  -1.439  57.032 0.0000000000
93378  -43.966  -1.993  57.039 0.0000000000
93366  -46.464  -2.726  57.541 0.0000000000
93380  -45.813  -1.998  56.973 0.0000000000
94276  -46.204  -1.145  56.718 0.0000000000
94277  -47.166  -1.151  56.892 0.0000000000
97020  -48.787  1.543  57.448 0.0000000000
97921  -50.236  2.293  57.639 0.0000000000
105206  -41.355  12.448  54.749 0.0000000000
104546  -41.925  11.686  54.470 0.0000000000
105896  -46.264  14.026  49.661 0.0000000000
105895  -45.982  14.307  50.166 0.0000000000
105885  -45.893  13.723  50.178 0.0000000000
105234  -45.637  13.183  50.989 0.0000000000
105226  -45.632  12.943  52.011 0.0000000000
105212  -47.766  12.743  55.061 0.0000000000
104528  -46.128  11.893  55.610 0.0000000000
104549  -44.790  11.803  55.221 0.0000000000
103962  -45.520  11.138  55.278 0.0000000000
102684  -45.667  9.923  55.255 0.0000000000
102668  -45.321  8.455  55.443 0.0000000000
102007  -46.831  8.649  56.626 0.0000000000
101994  -47.280  7.800  57.231 0.0000000000
101996  -49.737  7.627  57.196 0.0000000000
101987  -49.552  7.372  57.761 0.0000000000
100500  -49.596  4.888  57.582 0.0000000000
99675  -49.742  4.485  57.085 0.0000000000
97949  -50.011  2.622  55.293 0.0000000000
97948  -49.008  2.582  54.584 0.0000000000
97953  -46.536  2.666  53.311 0.0000000000
97052  -46.351  1.619  53.335 0.0000000000
96151  -46.016  0.834  53.219 0.0000000000
97051  -45.537  1.476  53.133 0.0000000000
97050  -45.052  1.099  53.080 0.0000000000
97061  -44.586  1.623  52.847 0.0000000000
103364  -45.934  9.511  49.869 0.0000000000
103349  -46.207  9.303  50.806 0.0000000000
102721  -45.400  9.003  50.459 0.0000000000
102047  -44.188  7.284  50.786 0.0000000000
100553  -42.340  5.107  51.047 0.0000000000
98860  -42.301  3.711  51.734 0.0000000000
98841  -42.618  3.198  52.047 0.0000000000
97961  -42.967  2.546  52.378 0.0000000000
97960  -41.965  2.582  52.166 0.0000000000
96178  -41.453  0.612  51.799 0.0000000000
95251  -41.026  0.069  50.670 0.0000000000
96194  -40.912  0.433  51.375 0.0000000000
96193  -40.247  0.453  51.126 0.0000000000
94307  -51.589  -1.910  51.572 0.0000000000
106621  -50.185  14.834  44.225 0.0000000000
106610  -50.044  14.643  44.847 0.0000000000
106611  -50.268  14.330  44.290 0.0000000000
105975  -50.446  13.543  44.205 0.0000000000
105322  -50.601  12.603  43.001 0.0000000000
104648  -50.749  11.595  44.328 0.0000000000
104049  -50.925  10.660  44.149 0.0000000000
103450  -50.877  9.721  44.463 0.0000000000
102798  -49.726  8.337  44.567 0.0000000000
102116  -49.387  7.992  44.725 0.0000000000
102797  -48.523  8.397  44.142 0.0000000000
103446  -46.751  8.892  44.145 0.0000000000
104045  -47.109  9.808  44.302 0.0000000000
104044  -46.374  9.279  44.232 0.0000000000
91510  -47.557  -4.645  56.610 0.0000000000
90504  -48.247  -5.011  57.938 0.0000000000
91497  -48.602  -4.623  57.643 0.0000000000
91512  -48.975  -4.120  57.361 0.0000000000
91498  -49.235  -4.207  57.974 0.0000000000
92473  -49.751  -3.732  58.182 0.0000000000
92461  -50.156  -3.094  58.643 0.0000000000
110950  -37.089  22.268  52.012 0.0000000000
110964  -37.724  22.132  51.291 0.0000000000
110353  -37.125  21.352  50.970 0.0000000000
109730  -37.158  20.103  50.069 0.0000000000
107221  -42.501  16.262  45.360 0.0000000000
107934  -44.689  17.117  43.103 0.0000000000
107944  -45.202  17.602  42.424 0.0000000000
107945  -45.704  17.042  41.914 0.0000000000
107954  -46.166  17.380  41.198 0.0000000000
108617  -46.490  17.305  40.237 0.0000000000
108604  -46.222  17.528  40.772 0.0000000000
109200  -45.440  18.558  41.108 0.0000000000
98814  -46.294  3.433  57.114 0.0000000000
106547  -42.196  15.111  52.715 0.0000000000
106534  -42.647  14.373  53.280 0.0000000000
104588  -48.922  11.643  50.947 0.0000000000
104587  -47.994  11.860  51.396 0.0000000000
104573  -48.819  11.987  52.036 0.0000000000
104562  -48.446  12.317  52.756 0.0000000000
105230  -48.943  12.402  53.850 0.0000000000
104559  -50.414  11.530  53.564 0.0000000000
104558  -49.849  11.916  54.244 0.0000000000
105224  -49.213  12.248  54.289 0.0000000000
105190  -48.557  11.856  55.788 0.0000000000
104530  -48.323  11.527  56.156 0.0000000000
103931  -48.381  10.314  56.861 0.0000000000
103286  -48.348  9.919  57.058 0.0000000000
103932  -48.716  10.358  56.913 0.0000000000
103287  -49.235  9.780  57.152 0.0000000000
102657  -49.897  8.865  57.100 0.0000000000
102672  -49.963  9.413  56.280 0.0000000000
101307  -49.300  7.008  56.645 0.0000000000
100535  -48.391  5.909  55.373 0.0000000000
100534  -47.825  5.490  54.479 0.0000000000
101322  -47.435  6.531  54.107 0.0000000000
100537  -46.534  5.313  52.979 0.0000000000
102728  -43.598  8.005  49.468 0.0000000000
102063  -42.902  7.608  48.759 0.0000000000
102053  -42.685  6.934  49.589 0.0000000000
100590  -42.054  6.106  49.673 0.0000000000
99739  -41.724  5.086  50.741 0.0000000000
99738  -41.025  4.710  50.764 0.0000000000
99720  -40.839  3.978  51.215 0.0000000000
98858  -40.370  3.301  51.462 0.0000000000
108501  -45.724  18.329  50.452 0.0000000000
109111  -46.264  18.213  51.354 0.0000000000
108502  -46.814  17.987  50.550 0.0000000000
107848  -47.502  17.114  50.156 0.0000000000
107163  -47.311  16.121  50.019 0.0000000000
107169  -48.533  16.419  48.750 0.0000000000
106562  -47.573  15.292  49.179 0.0000000000
106561  -46.958  15.033  49.549 0.0000000000
105274  -46.918  13.572  48.830 0.0000000000
104609  -47.832  11.811  49.121 0.0000000000
106601  -49.713  14.626  45.545 0.0000000000
105944  -49.445  13.907  45.828 0.0000000000
105293  -49.052  13.017  46.176 0.0000000000
104630  -50.180  11.499  45.809 0.0000000000
104629  -49.583  11.875  46.160 0.0000000000
104628  -48.880  12.237  46.650 0.0000000000
104619  -48.478  11.941  47.438 0.0000000000
104610  -48.698  11.465  48.572 0.0000000000
104600  -48.889  11.452  49.763 0.0000000000
104590  -50.723  10.944  50.061 0.0000000000
103992  -51.226  10.518  50.595 0.0000000000
103993  -51.435  10.043  50.948 0.0000000000
103354  -51.010  9.764  51.583 0.0000000000
103352  -49.198  9.455  51.368 0.0000000000
103367  -48.962  9.409  50.445 0.0000000000
103366  -47.957  9.621  50.283 0.0000000000
103396  -49.399  9.113  48.893 0.0000000000
103380  -47.698  9.613  49.317 0.0000000000
103379  -46.680  9.622  49.142 0.0000000000
103378  -45.727  9.434  48.866 0.0000000000
103391  -44.926  8.956  47.958 0.0000000000
102101  -48.559  7.864  45.177 0.0000000000
102782  -48.088  7.928  45.372 0.0000000000
102780  -46.729  8.016  45.654 0.0000000000
102112  -46.053  7.768  44.348 0.0000000000
102098  -45.847  7.671  45.213 0.0000000000
102767  -46.539  8.315  46.267 0.0000000000
91538  -47.349  -3.766  54.912 0.0000000000
92487  -47.835  -3.446  54.924 0.0000000000
92492  -48.392  -2.985  54.443 0.0000000000
93388  -48.988  -3.077  55.569 0.0000000000
94290  -51.789  -1.649  53.183 0.0000000000
94291  -52.449  -1.193  53.566 0.0000000000
110943  -39.885  22.210  52.565 0.0000000000
111559  -40.506  22.923  52.238 0.0000000000
110951  -39.616  21.425  52.595 0.0000000000
109714  -40.948  19.766  52.494 0.0000000000
110370  -41.726  20.897  50.585 0.0000000000
109721  -42.267  20.249  51.375 0.0000000000
109716  -42.945  19.700  52.197 0.0000000000
109734  -44.115  19.158  50.816 0.0000000000
109108  -44.435  18.840  50.614 0.0000000000
109741  -37.554  19.416  49.739 0.0000000000
109118  -40.030  18.493  49.597 0.0000000000
109119  -41.182  18.569  49.679 0.0000000000
107854  -41.002  16.745  49.154 0.0000000000
108511  -41.619  17.616  49.580 0.0000000000
109120  -42.242  18.536  49.839 0.0000000000
109121  -43.246  18.583  50.055 0.0000000000
109122  -44.178  18.461  50.243 0.0000000000
108500  -45.156  18.447  50.455 0.0000000000
107871  -46.237  17.134  48.736 0.0000000000
107883  -46.860  16.956  48.171 0.0000000000
107174  -44.727  15.834  48.085 0.0000000000
107176  -46.429  16.719  48.135 0.0000000000
107884  -47.589  17.058  47.871 0.0000000000
107901  -48.026  16.882  47.253 0.0000000000
107224  -46.171  15.270  45.087 0.0000000000
107239  -45.861  15.452  43.818 0.0000000000
107242  -49.318  15.771  44.450 0.0000000000
107256  -50.084  15.223  43.623 0.0000000000
107271  -50.305  14.940  42.968 0.0000000000
107284  -49.642  15.286  41.304 0.0000000000
106639  -50.149  14.538  41.745 0.0000000000
106640  -50.409  13.904  41.962 0.0000000000
106034  -49.960  13.635  41.418 0.0000000000
106033  -49.167  13.267  41.210 0.0000000000
106076  -47.902  13.874  38.843 0.0000000000
107311  -46.484  15.854  38.517 0.0000000000
92458  -47.530  -4.134  59.067 0.0000000000
93354  -49.383  -3.282  58.824 0.0000000000
93355  -49.943  -2.690  58.655 0.0000000000
95198  -46.616  -0.238  56.684 0.0000000000
95199  -47.525  -0.244  56.865 0.0000000000
94278  -47.885  -0.989  57.058 0.0000000000
94263  -49.606  -1.575  58.028 0.0000000000
94253  -50.618  -1.800  58.346 0.0000000000
95175  -51.073  -1.410  58.230 0.0000000000
95176  -51.343  -1.241  57.976 0.0000000000
95186  -51.624  -0.637  57.317 0.0000000000
96140  -52.240  -0.009  56.159 0.0000000000
96143  -52.292  0.188  55.816 0.0000000000
96148  -52.365  0.321  55.129 0.0000000000
102679  -40.878  8.631  53.946 0.0000000000
102017  -42.563  7.768  54.405 0.0000000000
108495  -45.867  17.726  51.841 0.0000000000
107839  -44.831  16.726  51.981 0.0000000000
106555  -45.236  14.863  51.072 0.0000000000
107157  -44.175  15.575  51.939 0.0000000000
106549  -43.668  14.659  52.477 0.0000000000
106535  -43.235  14.337  53.121 0.0000000000
105869  -43.357  13.829  53.927 0.0000000000
105236  -47.243  12.192  51.908 0.0000000000
105227  -46.515  12.555  52.519 0.0000000000
105220  -45.771  12.958  53.102 0.0000000000
105211  -46.500  13.122  54.718 0.0000000000
105872  -45.940  13.176  53.973 0.0000000000
105871  -45.089  13.345  53.720 0.0000000000
105849  -44.079  13.525  54.725 0.0000000000
105848  -43.260  13.222  54.811 0.0000000000
104547  -42.981  11.737  54.567 0.0000000000
103961  -44.564  11.046  54.768 0.0000000000
103960  -43.558  10.905  54.426 0.0000000000
102690  -42.517  9.450  54.056 0.0000000000
102681  -42.811  8.799  54.209 0.0000000000
101317  -43.135  7.142  54.751 0.0000000000
101305  -44.356  6.466  55.607 0.0000000000
100523  -44.946  5.660  56.194 0.0000000000
101306  -45.530  6.630  56.181 0.0000000000
100524  -45.669  5.899  56.487 0.0000000000
99659  -47.623  4.137  57.634 0.0000000000
101293  -48.165  7.210  57.885 0.0000000000
101986  -49.033  7.280  58.211 0.0000000000
101285  -47.838  5.648  57.869 0.0000000000
99660  -48.335  4.253  57.938 0.0000000000
98797  -50.397  2.707  57.512 0.0000000000
98815  -50.120  3.634  57.196 0.0000000000
97923  -51.386  1.963  56.813 0.0000000000
96147  -51.902  0.890  54.898 0.0000000000
96156  -51.060  0.612  53.608 0.0000000000
95214  -50.195  0.250  53.277 0.0000000000
95224  -49.794  -0.274  52.658 0.0000000000
95223  -48.748  -0.338  52.742 0.0000000000
98836  -48.528  3.323  54.564 0.0000000000
97954  -47.565  2.723  53.763 0.0000000000
95222  -47.731  -0.416  52.698 0.0000000000
94294  -47.419  -0.880  52.125 0.0000000000
94303  -46.839  -1.118  51.505 0.0000000000
95236  -46.208  -0.997  51.702 0.0000000000
96165  -45.653  0.193  52.932 0.0000000000
95235  -45.469  -0.903  51.399 0.0000000000
103337  -48.396  9.494  52.112 0.0000000000
102701  -46.748  8.464  52.494 0.0000000000
102031  -45.928  6.876  52.212 0.0000000000
100546  -45.885  5.543  52.303 0.0000000000
102719  -43.756  7.602  50.210 0.0000000000
100554  -43.115  5.612  51.055 0.0000000000
100555  -44.118  5.640  51.398 0.0000000000
100556  -44.590  5.977  51.484 0.0000000000
99709  -44.862  4.358  52.061 0.0000000000
96163  -43.688  0.739  52.596 0.0000000000
95218  -43.431  0.244  52.206 0.0000000000
90522  -48.180  -4.915  57.569 0.0000000000
91526  -48.214  -3.828  56.073 0.0000000000
92474  -50.204  -3.220  58.323 0.0000000000
94252  -50.070  -1.933  58.433 0.0000000000
94254  -51.158  -1.835  58.216 0.0000000000
94284  -52.363  -0.543  55.374 0.0000000000
94296  -49.168  -0.649  52.151 0.0000000000
94302  -46.156  -1.121  51.212 0.0000000000
95202  -52.316  -0.174  55.860 0.0000000000
95231  -41.309  0.291  51.322 0.0000000000
96121  -48.714  0.484  57.321 0.0000000000
96179  -42.335  0.468  52.031 0.0000000000
97058  -41.617  1.751  52.311 0.0000000000
97941  -51.055  2.542  56.751 0.0000000000
97946  -51.261  2.131  55.898 0.0000000000
97965  -46.178  3.029  53.120 0.0000000000
98793  -47.255  3.542  57.397 0.0000000000
98826  -49.622  3.806  56.119 0.0000000000
98861  -42.924  3.765  51.894 0.0000000000
100509  -49.638  4.926  57.364 0.0000000000
101356  -42.517  6.558  49.762 0.0000000000
101357  -42.898  6.764  50.066 0.0000000000
102062  -42.542  7.038  49.159 0.0000000000
102086  -48.720  7.919  45.585 0.0000000000
102087  -48.997  7.904  45.607 0.0000000000
102102  -49.374  7.915  45.155 0.0000000000
102115  -48.961  7.946  44.604 0.0000000000
102123  -44.858  7.724  43.542 0.0000000000
102125  -46.083  7.907  43.999 0.0000000000
102680  -41.889  8.506  54.065 0.0000000000
102731  -50.741  8.667  49.010 0.0000000000
102738  -44.395  8.629  47.955 0.0000000000
102739  -44.935  8.783  47.536 0.0000000000
102740  -48.616  9.078  47.914 0.0000000000
102766  -45.730  8.090  46.168 0.0000000000
102779  -46.218  7.965  45.837 0.0000000000
102781  -47.546  8.006  45.501 0.0000000000
102783  -50.083  8.003  45.474 0.0000000000
102799  -50.670  8.957  44.701 0.0000000000
102800  -50.998  9.357  44.858 0.0000000000
102807  -45.405  8.020  43.469 0.0000000000
102808  -45.949  8.001  43.804 0.0000000000
103315  -40.956  9.614  53.841 0.0000000000
103319  -45.636  10.445  55.244 0.0000000000
103324  -41.638  9.669  53.851 0.0000000000
103326  -42.528  9.759  54.048 0.0000000000
103355  -51.333  9.840  51.143 0.0000000000
103383  -50.417  8.897  49.523 0.0000000000
103397  -49.964  8.921  49.178 0.0000000000
103407  -45.849  8.854  47.266 0.0000000000
103410  -47.835  9.279  47.951 0.0000000000
103435  -51.041  10.180  44.659 0.0000000000
103451  -51.025  9.589  44.788 0.0000000000
103933  -49.301  10.363  56.814 0.0000000000
103964  -50.431  10.992  54.772 0.0000000000
103983  -51.337  10.015  51.374 0.0000000000
104028  -50.063  11.221  46.227 0.0000000000
104054  -49.805  10.910  43.510 0.0000000000
104532  -49.680  11.170  55.746 0.0000000000
104550  -45.381  11.850  55.443 0.0000000000
104551  -49.222  11.718  55.422 0.0000000000
104561  -48.059  12.354  52.648 0.0000000000
104653  -49.276  11.205  43.546 0.0000000000
105185  -43.821  13.005  55.383 0.0000000000
105213  -48.847  12.090  55.211 0.0000000000
105214  -49.413  11.966  54.740 0.0000000000
105246  -45.771  13.438  50.470 0.0000000000
105303  -50.223  12.673  45.045 0.0000000000
105326  -48.517  12.599  42.928 0.0000000000
105381  -46.234  13.058  37.502 0.0000000000
105832  -44.004  13.308  55.250 0.0000000000
105851  -45.639  13.332  54.488 0.0000000000
105877  -43.690  13.964  53.269 0.0000000000
105911  -46.807  14.121  49.084 0.0000000000
105929  -48.221  14.017  47.390 0.0000000000
105959  -50.323  13.117  44.663 0.0000000000
105974  -50.204  14.081  44.580 0.0000000000
106035  -50.263  13.504  41.946 0.0000000000
106086  -46.644  13.485  37.634 0.0000000000
106087  -46.962  13.511  37.832 0.0000000000
106553  -44.080  14.809  52.039 0.0000000000
106557  -45.991  15.040  50.507 0.0000000000
106560  -46.369  14.759  50.001 0.0000000000
106568  -47.278  14.706  48.993 0.0000000000
106569  -47.835  14.982  48.581 0.0000000000
106580  -48.154  14.690  47.937 0.0000000000
106632  -50.289  14.735  42.257 0.0000000000
106683  -46.281  14.109  37.478 0.0000000000
107167  -47.528  15.641  49.503 0.0000000000
107168  -48.113  16.056  49.186 0.0000000000
107175  -45.806  16.381  48.095 0.0000000000
107177  -48.313  15.586  48.593 0.0000000000
107192  -47.586  16.700  47.302 0.0000000000
107203  -41.157  16.305  46.327 0.0000000000
107220  -41.918  16.512  45.508 0.0000000000
107228  -49.650  15.243  45.468 0.0000000000
107243  -49.821  15.312  44.688 0.0000000000
107251  -45.082  16.437  43.032 0.0000000000
107257  -50.360  14.777  43.204 0.0000000000
107281  -47.215  16.365  40.979 0.0000000000
107296  -48.141  16.212  40.288 0.0000000000
107312  -48.277  15.687  38.994 0.0000000000
107314  -49.075  15.292  39.758 0.0000000000
107841  -46.291  17.193  51.416 0.0000000000
107853  -39.945  16.859  49.001 0.0000000000
107859  -48.021  17.081  49.499 0.0000000000
107860  -48.402  16.794  48.978 0.0000000000
107872  -47.213  17.325  48.621 0.0000000000
107886  -48.863  16.448  47.809 0.0000000000
107898  -39.632  16.563  46.880 0.0000000000
107899  -40.582  16.573  46.322 0.0000000000
107900  -41.170  16.439  46.102 0.0000000000
107903  -48.937  16.403  47.099 0.0000000000
107946  -46.336  16.563  41.551 0.0000000000
107971  -48.239  16.208  40.054 0.0000000000
107987  -48.316  16.093  39.734 0.0000000000
107996  -47.537  15.830  38.540 0.0000000000
107997  -47.714  15.982  38.717 0.0000000000
108496  -46.458  17.761  51.341 0.0000000000
108509  -39.264  17.379  49.156 0.0000000000
108516  -47.142  17.657  49.622 0.0000000000
108517  -47.709  17.490  49.316 0.0000000000
108524  -38.973  17.051  48.735 0.0000000000
108525  -46.889  17.560  49.145 0.0000000000
108527  -47.797  17.510  49.055 0.0000000000
108545  -40.295  17.091  45.957 0.0000000000
108592  -45.399  18.078  42.025 0.0000000000
109104  -46.151  18.093  51.659 0.0000000000
109109  -45.074  18.785  50.838 0.0000000000
109123  -44.772  18.531  50.448 0.0000000000
109717  -43.911  19.462  51.987 0.0000000000
109723  -43.959  19.447  51.257 0.0000000000
109724  -44.609  19.165  51.177 0.0000000000
109735  -44.580  19.030  50.861 0.0000000000
110354  -37.711  21.642  50.836 0.0000000000
110355  -40.976  21.393  51.482 0.0000000000
110365  -36.681  20.625  50.544 0.0000000000
110369  -41.451  21.270  50.010 0.0000000000
110376  -39.440  20.115  49.696 0.0000000000
110963  -36.615  21.675  51.578 0.0000000000
110965  -38.539  22.420  50.975 0.0000000000
110967  -41.412  21.527  50.695 0.0000000000
111557  -38.211  22.969  52.021 0.0000000000
111560  -40.656  22.352  51.881 0.0000000000
112198  -39.631  23.548  51.712 0.0000000000
112199  -40.003  23.542  51.512 0.0000000000
