#!ascii label  , from subject sub-MOT05 vox2ras=TkReg
1229
87830  -38.937  -8.619  47.260 0.0000000000
89786  -49.516  -5.484  35.645 0.0000000000
91561  -46.457  -4.470  49.157 0.0000000000
87880  -47.659  -9.093  42.956 0.0000000000
84100  -47.811  -12.264  53.098 0.0000000000
93520  -42.496  -2.535  39.966 0.0000000000
98061  -48.605  2.634  41.204 0.0000000000
95294  -43.222  -0.001  48.728 0.0000000000
84057  -41.169  -11.619  56.845 0.0000000000
86938  -42.534  -9.688  44.995 0.0000000000
89703  -44.757  -7.148  41.040 0.0000000000
90623  -41.234  -5.727  44.039 0.0000000000
93404  -50.943  -2.034  51.815 0.0000000000
94388  -49.955  -1.180  44.828 0.0000000000
96218  -51.583  0.359  47.698 0.0000000000
97137  -45.673  1.464  45.276 0.0000000000
94304  -47.860  -1.117  51.489 0.0000000000
89796  -45.545  -5.189  34.174 0.0000000000
88697  -38.421  -7.283  51.936 0.0000000000
90585  -42.149  -5.288  49.068 0.0000000000
87832  -53.279  -8.490  47.052 0.0000000000
85104  -47.160  -11.153  48.114 0.0000000000
84148  -42.188  -12.737  48.181 0.0000000000
81042  -42.063  -15.634  52.952 0.0000000000
90728  -45.266  -4.613  36.412 0.0000000000
95438  -44.176  -0.462  34.329 0.0000000000
94366  -44.757  -1.532  44.730 0.0000000000
96334  -47.376  1.268  39.869 0.0000000000
99827  -44.422  4.362  34.786 0.0000000000
98930  -41.704  3.962  38.874 0.0000000000
98042  -39.381  2.356  42.443 0.0000000000
86927  -40.465  -9.378  46.217 0.0000000000
88770  -41.603  -7.554  44.156 0.0000000000
89646  -40.093  -6.623  45.773 0.0000000000
94299  -52.481  -1.346  52.485 0.0000000000
94332  -52.784  -0.817  49.666 0.0000000000
95259  -52.275  -0.036  50.360 0.0000000000
95280  -50.050  -0.559  49.859 0.0000000000
90738  -47.472  -5.063  34.455 0.0000000000
90553  -37.575  -5.536  53.504 0.0000000000
88700  -40.704  -6.678  52.140 0.0000000000
85072  -47.443  -11.653  50.728 0.0000000000
84161  -45.136  -12.238  47.897 0.0000000000
83080  -45.247  -13.225  50.511 0.0000000000
81966  -41.391  -14.363  54.943 0.0000000000
83073  -35.958  -13.320  50.597 0.0000000000
85991  -35.727  -10.381  51.029 0.0000000000
85068  -33.656  -11.533  51.732 0.0000000000
88823  -48.847  -7.648  41.428 0.0000000000
90665  -42.805  -5.356  40.012 0.0000000000
90681  -44.972  -5.802  38.914 0.0000000000
91675  -43.320  -4.382  37.417 0.0000000000
92625  -44.287  -3.023  35.095 0.0000000000
94451  -43.227  -1.121  37.264 0.0000000000
90587  -43.834  -4.882  49.060 0.0000000000
92523  -43.380  -3.380  47.416 0.0000000000
92525  -45.429  -3.477  47.415 0.0000000000
96300  -51.512  1.057  43.191 0.0000000000
95373  -48.819  0.050  42.514 0.0000000000
97227  -49.050  2.086  39.809 0.0000000000
98123  -46.704  3.291  36.653 0.0000000000
98948  -46.732  4.313  37.661 0.0000000000
99793  -43.504  4.662  37.362 0.0000000000
98077  -45.634  2.905  40.139 0.0000000000
96235  -44.324  0.660  47.380 0.0000000000
97154  -42.808  1.182  44.343 0.0000000000
96275  -41.261  0.643  45.565 0.0000000000
97150  -38.718  1.377  44.375 0.0000000000
96231  -40.586  0.129  46.999 0.0000000000
86957  -45.589  -9.890  44.082 0.0000000000
87897  -46.203  -8.328  42.135 0.0000000000
87876  -43.623  -8.419  43.037 0.0000000000
89686  -42.465  -6.669  42.371 0.0000000000
92580  -41.917  -3.694  42.540 0.0000000000
92503  -48.794  -3.110  50.705 0.0000000000
92548  -48.371  -3.307  47.254 0.0000000000
93429  -50.919  -2.227  48.148 0.0000000000
95328  -51.883  -0.111  45.943 0.0000000000
97141  -50.437  1.461  44.818 0.0000000000
97196  -47.219  1.965  42.711 0.0000000000
96261  -48.618  0.625  46.601 0.0000000000
96216  -46.768  0.024  48.100 0.0000000000
95255  -45.583  -0.882  50.277 0.0000000000
90760  -43.695  -4.251  33.234 0.0000000000
88725  -38.463  -8.020  49.824 0.0000000000
90582  -39.440  -6.230  48.265 0.0000000000
89615  -40.551  -6.777  50.326 0.0000000000
89625  -42.701  -6.360  50.557 0.0000000000
90569  -45.070  -5.576  51.206 0.0000000000
90561  -44.629  -5.507  53.732 0.0000000000
91549  -46.248  -4.130  52.168 0.0000000000
86961  -49.916  -9.649  44.801 0.0000000000
86929  -49.794  -10.209  47.263 0.0000000000
86054  -47.282  -10.595  45.549 0.0000000000
85135  -45.258  -11.224  45.828 0.0000000000
85122  -43.013  -11.433  46.485 0.0000000000
83024  -47.790  -13.600  55.039 0.0000000000
81923  -44.119  -13.434  57.759 0.0000000000
81021  -45.102  -15.502  54.976 0.0000000000
81995  -45.359  -14.464  52.754 0.0000000000
83077  -42.915  -14.199  50.260 0.0000000000
86016  -37.932  -10.534  48.676 0.0000000000
91706  -49.815  -4.282  36.345 0.0000000000
89721  -46.840  -6.795  40.267 0.0000000000
90701  -46.887  -5.335  37.971 0.0000000000
91704  -48.074  -4.032  35.817 0.0000000000
92628  -46.705  -3.376  34.297 0.0000000000
92647  -44.897  -3.062  33.218 0.0000000000
94486  -43.977  -1.281  31.582 0.0000000000
91595  -40.560  -4.575  46.566 0.0000000000
92563  -41.969  -3.015  44.757 0.0000000000
93496  -42.954  -1.967  42.405 0.0000000000
94369  -47.644  -1.614  45.016 0.0000000000
94408  -45.437  -0.622  42.428 0.0000000000
95397  -43.825  -0.332  39.643 0.0000000000
96359  -44.645  1.460  36.704 0.0000000000
98138  -44.985  2.400  33.923 0.0000000000
96379  -42.725  0.730  33.807 0.0000000000
97211  -44.314  2.020  41.808 0.0000000000
98073  -40.582  3.421  40.239 0.0000000000
99774  -37.743  4.178  39.930 0.0000000000
98901  -36.846  3.549  42.004 0.0000000000
98022  -36.274  2.268  44.446 0.0000000000
87840  -39.926  -8.859  46.340 0.0000000000
87846  -40.178  -8.371  45.951 0.0000000000
88746  -39.371  -7.470  46.660 0.0000000000
94309  -52.917  -0.871  51.772 0.0000000000
95238  -51.304  -0.154  51.769 0.0000000000
89785  -48.622  -5.450  35.429 0.0000000000
84108  -47.234  -12.254  52.001 0.0000000000
84127  -46.468  -12.228  50.227 0.0000000000
83068  -46.172  -13.023  51.646 0.0000000000
83056  -35.054  -13.952  52.252 0.0000000000
84113  -34.766  -12.430  51.290 0.0000000000
87881  -48.632  -9.108  43.091 0.0000000000
88802  -47.904  -8.247  42.101 0.0000000000
91654  -42.471  -4.264  39.733 0.0000000000
90679  -42.940  -4.865  39.022 0.0000000000
92607  -42.575  -3.345  38.511 0.0000000000
93540  -42.870  -2.497  37.285 0.0000000000
94439  -42.722  -1.761  38.670 0.0000000000
91560  -45.443  -4.927  49.550 0.0000000000
91581  -45.001  -4.040  48.022 0.0000000000
91570  -46.570  -4.195  48.358 0.0000000000
98046  -50.599  2.355  41.855 0.0000000000
96324  -50.073  1.621  41.111 0.0000000000
98080  -49.193  2.679  40.652 0.0000000000
98104  -47.900  3.223  38.224 0.0000000000
98094  -47.815  3.527  39.210 0.0000000000
98093  -46.285  3.567  39.345 0.0000000000
98078  -47.004  3.091  40.169 0.0000000000
96213  -43.798  0.351  48.043 0.0000000000
96256  -42.880  0.709  46.424 0.0000000000
96233  -42.424  0.443  47.143 0.0000000000
96254  -40.948  0.360  46.343 0.0000000000
95314  -41.656  0.186  47.773 0.0000000000
86955  -43.690  -9.670  44.207 0.0000000000
86972  -44.176  -9.186  43.550 0.0000000000
86971  -43.407  -9.001  43.719 0.0000000000
89659  -41.165  -6.548  44.387 0.0000000000
89672  -42.234  -7.084  43.070 0.0000000000
90634  -41.527  -5.647  43.295 0.0000000000
91633  -41.783  -4.784  42.398 0.0000000000
91622  -41.545  -4.891  43.031 0.0000000000
93412  -49.544  -2.749  50.906 0.0000000000
92514  -49.439  -3.148  49.167 0.0000000000
93414  -51.035  -2.273  50.039 0.0000000000
95303  -52.375  0.097  48.556 0.0000000000
94349  -52.478  -0.708  48.121 0.0000000000
96242  -51.784  0.328  47.111 0.0000000000
96280  -51.153  0.958  45.394 0.0000000000
96263  -51.031  0.610  46.302 0.0000000000
97140  -49.248  1.355  45.130 0.0000000000
96262  -50.025  0.664  46.473 0.0000000000
94330  -48.919  -0.953  50.146 0.0000000000
95299  -48.057  -0.415  48.478 0.0000000000
95278  -47.583  -0.773  49.272 0.0000000000
95297  -46.214  -0.305  48.687 0.0000000000
94315  -46.458  -1.111  50.522 0.0000000000
90750  -44.386  -4.980  33.771 0.0000000000
88718  -38.819  -7.720  50.551 0.0000000000
88726  -39.195  -7.217  49.650 0.0000000000
88719  -39.785  -7.243  50.625 0.0000000000
89605  -41.376  -6.504  52.313 0.0000000000
89610  -41.473  -6.765  51.417 0.0000000000
89611  -42.330  -6.646  51.785 0.0000000000
90572  -44.006  -6.047  50.714 0.0000000000
89613  -43.944  -6.224  52.392 0.0000000000
90549  -44.640  -5.116  54.756 0.0000000000
91548  -45.692  -4.676  52.733 0.0000000000
91546  -46.348  -4.034  53.237 0.0000000000
92494  -46.918  -3.594  52.505 0.0000000000
92486  -47.325  -3.593  54.396 0.0000000000
86963  -51.728  -8.836  44.729 0.0000000000
86943  -51.970  -8.983  45.459 0.0000000000
86021  -49.937  -10.202  48.985 0.0000000000
86031  -49.213  -10.382  47.798 0.0000000000
86056  -48.768  -10.409  46.172 0.0000000000
85127  -47.300  -10.882  46.783 0.0000000000
85137  -46.558  -10.896  45.959 0.0000000000
85116  -46.510  -11.375  47.392 0.0000000000
84150  -43.967  -12.792  48.301 0.0000000000
85113  -43.605  -11.900  47.051 0.0000000000
84158  -42.445  -12.308  47.592 0.0000000000
83012  -43.010  -12.987  57.111 0.0000000000
81006  -42.817  -14.815  55.410 0.0000000000
81032  -43.978  -15.567  53.988 0.0000000000
81983  -45.386  -15.142  53.952 0.0000000000
81993  -43.565  -15.427  52.746 0.0000000000
82010  -44.363  -14.500  51.818 0.0000000000
82008  -42.136  -15.233  51.392 0.0000000000
86903  -37.439  -10.036  49.674 0.0000000000
86000  -37.159  -10.495  49.847 0.0000000000
91691  -50.154  -4.507  37.289 0.0000000000
88819  -45.072  -7.552  41.403 0.0000000000
88835  -46.448  -7.245  40.845 0.0000000000
89720  -45.681  -6.890  40.546 0.0000000000
90715  -45.518  -5.016  37.141 0.0000000000
90700  -45.811  -5.412  37.976 0.0000000000
90716  -46.690  -4.802  36.979 0.0000000000
91688  -47.601  -4.357  36.456 0.0000000000
91703  -47.008  -4.065  35.868 0.0000000000
91719  -47.657  -3.761  34.773 0.0000000000
91718  -46.564  -3.474  35.084 0.0000000000
93553  -44.286  -2.190  34.533 0.0000000000
93554  -44.773  -2.303  33.677 0.0000000000
94477  -44.699  -1.311  33.030 0.0000000000
93568  -44.480  -1.944  32.020 0.0000000000
95449  -44.638  -0.387  32.661 0.0000000000
91564  -40.841  -5.175  48.446 0.0000000000
90590  -40.018  -5.384  47.336 0.0000000000
91577  -40.700  -4.873  47.843 0.0000000000
93452  -43.343  -2.419  46.022 0.0000000000
93451  -42.724  -2.676  45.937 0.0000000000
93468  -43.778  -1.835  45.060 0.0000000000
93480  -42.734  -2.318  44.172 0.0000000000
94396  -43.822  -1.517  43.499 0.0000000000
93457  -48.693  -2.753  46.609 0.0000000000
93456  -47.478  -2.690  46.349 0.0000000000
94370  -48.638  -1.650  45.087 0.0000000000
96322  -47.830  0.565  41.097 0.0000000000
95371  -47.015  -0.253  42.296 0.0000000000
96320  -45.905  0.243  40.943 0.0000000000
95381  -44.950  -0.418  41.489 0.0000000000
96332  -44.932  0.219  40.145 0.0000000000
96351  -44.135  0.367  38.405 0.0000000000
96352  -45.134  1.404  38.003 0.0000000000
99819  -46.045  4.071  35.563 0.0000000000
98130  -45.728  3.121  35.405 0.0000000000
98980  -44.882  3.310  33.527 0.0000000000
98143  -44.275  2.507  32.894 0.0000000000
98136  -43.462  2.821  34.022 0.0000000000
97269  -42.856  1.935  34.611 0.0000000000
98970  -43.069  3.899  35.292 0.0000000000
98945  -43.168  4.326  38.076 0.0000000000
99802  -41.735  4.349  37.317 0.0000000000
97157  -46.130  1.531  44.431 0.0000000000
97195  -46.066  1.786  42.691 0.0000000000
97175  -44.353  1.513  43.528 0.0000000000
97191  -41.305  1.670  42.699 0.0000000000
98044  -41.430  1.904  42.092 0.0000000000
98054  -40.005  2.828  41.293 0.0000000000
98918  -38.847  4.249  40.134 0.0000000000
98053  -38.738  3.481  41.389 0.0000000000
98908  -37.069  3.650  41.227 0.0000000000
98041  -37.845  3.116  42.342 0.0000000000
97131  -38.481  1.042  45.064 0.0000000000
98023  -37.061  2.009  44.274 0.0000000000
97148  -37.014  1.686  44.719 0.0000000000
98014  -35.368  2.279  44.970 0.0000000000
86937  -41.599  -9.282  45.332 0.0000000000
86953  -42.117  -9.023  44.677 0.0000000000
87847  -40.929  -8.425  45.272 0.0000000000
88769  -40.994  -7.188  44.762 0.0000000000
90622  -40.806  -5.693  44.825 0.0000000000
93410  -51.758  -1.850  50.425 0.0000000000
94320  -52.862  -0.895  50.665 0.0000000000
95260  -52.756  -0.329  50.041 0.0000000000
95282  -52.316  0.068  49.354 0.0000000000
95301  -50.488  -0.095  48.701 0.0000000000
95258  -51.358  -0.156  50.682 0.0000000000
95257  -50.416  -0.573  51.127 0.0000000000
90737  -46.725  -5.221  34.316 0.0000000000
89602  -38.705  -6.574  52.434 0.0000000000
88698  -39.366  -7.038  51.991 0.0000000000
89591  -38.999  -5.861  52.891 0.0000000000
85093  -47.251  -11.342  49.145 0.0000000000
85103  -46.389  -11.727  48.374 0.0000000000
84140  -46.240  -12.170  49.358 0.0000000000
84138  -44.979  -12.955  49.293 0.0000000000
83091  -43.687  -13.629  49.591 0.0000000000
83022  -41.408  -12.587  55.963 0.0000000000
81981  -40.100  -14.866  54.056 0.0000000000
84123  -36.256  -12.420  50.359 0.0000000000
85080  -36.510  -11.375  50.293 0.0000000000
85070  -35.490  -11.401  50.925 0.0000000000
85990  -34.846  -10.526  51.316 0.0000000000
89718  -43.439  -6.121  40.369 0.0000000000
89736  -44.253  -6.113  39.718 0.0000000000
90680  -43.717  -5.618  39.136 0.0000000000
90698  -43.491  -4.951  37.988 0.0000000000
90727  -44.402  -4.558  36.443 0.0000000000
91716  -44.697  -3.647  35.320 0.0000000000
92619  -43.540  -3.303  36.075 0.0000000000
93548  -43.656  -2.316  35.472 0.0000000000
95428  -43.732  -0.339  35.403 0.0000000000
90586  -43.167  -5.082  49.121 0.0000000000
91579  -42.868  -3.927  47.989 0.0000000000
91580  -43.954  -3.968  48.089 0.0000000000
92524  -44.426  -3.394  47.477 0.0000000000
93454  -45.460  -2.316  46.290 0.0000000000
95361  -50.639  -0.087  43.615 0.0000000000
95344  -49.180  -0.702  43.838 0.0000000000
96298  -50.040  0.268  42.749 0.0000000000
96323  -49.118  1.003  41.037 0.0000000000
97235  -47.286  1.985  38.606 0.0000000000
97248  -48.171  2.602  38.588 0.0000000000
98949  -47.361  3.909  37.480 0.0000000000
99806  -46.016  4.495  36.284 0.0000000000
99817  -44.191  4.642  35.732 0.0000000000
98947  -45.675  4.428  37.836 0.0000000000
98946  -44.416  4.364  37.947 0.0000000000
98091  -43.576  3.209  39.368 0.0000000000
97119  -45.241  1.328  46.068 0.0000000000
97155  -43.899  1.347  44.399 0.0000000000
97135  -43.490  1.126  45.284 0.0000000000
97134  -42.487  0.984  45.103 0.0000000000
97152  -40.649  1.152  44.240 0.0000000000
97170  -39.005  1.640  43.697 0.0000000000
96288  -40.479  0.825  44.943 0.0000000000
96273  -39.341  0.557  45.624 0.0000000000
96252  -39.218  0.065  46.640 0.0000000000
86974  -46.106  -9.454  43.474 0.0000000000
87879  -46.661  -8.980  42.847 0.0000000000
87878  -45.646  -8.869  42.856 0.0000000000
87895  -44.237  -8.250  42.416 0.0000000000
88798  -43.739  -7.705  42.040 0.0000000000
88771  -42.266  -7.901  43.682 0.0000000000
88797  -43.056  -7.461  42.386 0.0000000000
89702  -43.618  -6.924  41.355 0.0000000000
89701  -42.743  -6.117  41.242 0.0000000000
91634  -42.031  -4.555  41.643 0.0000000000
92587  -42.176  -3.505  41.443 0.0000000000
91557  -47.197  -4.112  49.660 0.0000000000
91562  -47.254  -4.113  48.798 0.0000000000
92513  -48.709  -3.525  48.773 0.0000000000
93440  -49.767  -2.775  47.509 0.0000000000
93458  -49.992  -1.967  46.331 0.0000000000
93421  -51.735  -1.813  48.707 0.0000000000
93442  -51.693  -1.417  47.317 0.0000000000
94373  -51.133  -0.951  45.500 0.0000000000
95347  -51.478  0.065  44.630 0.0000000000
97162  -51.377  1.655  43.633 0.0000000000
97198  -49.327  2.294  42.631 0.0000000000
97214  -47.878  2.313  41.902 0.0000000000
97179  -48.927  1.953  43.434 0.0000000000
97139  -47.968  1.371  45.144 0.0000000000
97138  -46.811  1.426  45.233 0.0000000000
96239  -48.910  0.125  47.401 0.0000000000
96238  -47.731  0.148  47.579 0.0000000000
96259  -45.870  0.976  46.765 0.0000000000
96236  -45.337  0.638  47.423 0.0000000000
96214  -44.809  0.326  48.096 0.0000000000
95295  -44.297  -0.072  48.779 0.0000000000
88732  -38.609  -7.670  48.820 0.0000000000
88739  -39.043  -7.307  47.310 0.0000000000
88733  -39.016  -7.132  48.974 0.0000000000
89629  -39.917  -6.205  49.166 0.0000000000
90576  -40.755  -5.875  49.363 0.0000000000
88720  -40.706  -7.048  51.038 0.0000000000
89616  -41.367  -6.688  50.661 0.0000000000
90577  -41.690  -5.838  49.595 0.0000000000
90578  -42.904  -5.863  49.902 0.0000000000
90573  -44.909  -5.433  50.202 0.0000000000
91555  -45.731  -5.005  50.646 0.0000000000
90564  -44.115  -5.883  53.281 0.0000000000
90565  -44.546  -5.856  52.815 0.0000000000
91551  -45.717  -4.849  51.686 0.0000000000
91552  -46.512  -4.236  51.187 0.0000000000
92499  -47.647  -3.387  51.488 0.0000000000
93406  -48.436  -2.931  51.835 0.0000000000
93403  -49.983  -2.340  52.226 0.0000000000
86978  -50.181  -9.167  43.904 0.0000000000
86977  -49.194  -9.496  43.894 0.0000000000
86913  -51.492  -9.669  48.881 0.0000000000
86931  -51.702  -9.417  46.583 0.0000000000
86942  -50.811  -9.566  45.705 0.0000000000
86960  -48.631  -10.062  44.885 0.0000000000
86959  -47.510  -10.043  44.339 0.0000000000
86069  -46.041  -10.369  44.726 0.0000000000
86068  -45.105  -10.373  44.628 0.0000000000
86050  -43.410  -10.564  45.403 0.0000000000
85115  -45.617  -11.820  47.492 0.0000000000
85123  -43.853  -11.422  46.318 0.0000000000
86039  -42.564  -10.814  46.109 0.0000000000
86038  -41.369  -10.456  46.413 0.0000000000
81924  -45.251  -14.535  57.781 0.0000000000
81940  -43.148  -13.858  56.670 0.0000000000
81000  -44.711  -15.129  56.582 0.0000000000
81002  -46.375  -15.121  56.783 0.0000000000
81969  -46.543  -14.743  54.898 0.0000000000
83037  -46.974  -14.010  54.184 0.0000000000
83058  -46.427  -13.294  52.441 0.0000000000
83067  -45.469  -13.502  51.481 0.0000000000
83078  -43.580  -14.001  50.305 0.0000000000
83090  -42.714  -13.753  49.552 0.0000000000
86917  -38.705  -9.618  47.667 0.0000000000
87816  -38.183  -8.674  49.205 0.0000000000
87809  -37.971  -8.750  50.106 0.0000000000
88708  -38.098  -8.065  51.254 0.0000000000
88696  -37.407  -7.549  51.962 0.0000000000
91708  -51.701  -4.519  36.617 0.0000000000
91707  -50.733  -4.368  36.546 0.0000000000
91721  -49.447  -4.425  35.766 0.0000000000
87911  -46.850  -8.079  41.798 0.0000000000
88836  -47.274  -7.298  40.814 0.0000000000
89737  -45.317  -6.296  39.689 0.0000000000
90683  -47.132  -5.822  38.794 0.0000000000
90684  -48.087  -5.727  38.790 0.0000000000
90718  -48.526  -4.763  37.335 0.0000000000
91705  -48.952  -4.101  36.062 0.0000000000
91720  -48.541  -4.320  35.456 0.0000000000
90739  -48.197  -4.700  34.870 0.0000000000
91732  -47.385  -3.966  33.977 0.0000000000
91731  -46.822  -4.113  33.735 0.0000000000
92627  -45.888  -3.313  34.491 0.0000000000
92637  -45.617  -3.363  33.903 0.0000000000
91741  -45.217  -3.624  33.625 0.0000000000
91740  -44.624  -3.699  33.241 0.0000000000
92645  -43.709  -3.115  32.465 0.0000000000
93560  -43.159  -2.165  32.216 0.0000000000
90598  -39.632  -6.005  46.855 0.0000000000
90611  -40.285  -5.630  45.707 0.0000000000
91604  -40.727  -4.706  45.317 0.0000000000
92541  -41.753  -3.554  46.515 0.0000000000
92555  -41.287  -3.744  45.404 0.0000000000
92562  -41.437  -3.825  44.253 0.0000000000
92571  -41.921  -3.188  43.668 0.0000000000
93495  -42.435  -2.695  42.084 0.0000000000
94414  -42.812  -2.033  40.985 0.0000000000
92527  -47.107  -3.559  47.376 0.0000000000
93455  -46.468  -2.510  46.304 0.0000000000
94367  -45.621  -1.510  44.847 0.0000000000
94400  -47.687  -0.735  43.622 0.0000000000
94399  -46.751  -0.798  43.491 0.0000000000
94383  -45.161  -1.289  44.038 0.0000000000
94407  -44.638  -0.825  42.294 0.0000000000
94415  -43.424  -1.407  41.436 0.0000000000
94424  -43.247  -1.126  40.192 0.0000000000
94440  -43.191  -1.087  38.246 0.0000000000
96372  -44.261  0.538  34.745 0.0000000000
97254  -45.618  2.213  36.945 0.0000000000
97264  -44.927  1.927  35.860 0.0000000000
96373  -44.603  0.852  33.977 0.0000000000
97292  -44.525  1.148  32.546 0.0000000000
95447  -43.622  -0.393  32.241 0.0000000000
98963  -42.386  3.968  36.147 0.0000000000
97213  -46.719  2.191  41.857 0.0000000000
98058  -44.947  2.425  40.994 0.0000000000
98075  -43.068  2.712  40.169 0.0000000000
97193  -43.700  1.691  42.588 0.0000000000
98056  -42.615  2.375  41.022 0.0000000000
98089  -41.307  3.638  39.558 0.0000000000
98928  -39.811  4.365  39.213 0.0000000000
99781  -38.374  4.309  39.102 0.0000000000
98070  -37.850  2.508  39.771 0.0000000000
97169  -38.229  1.855  43.833 0.0000000000
98039  -36.081  3.424  42.871 0.0000000000
95253  -43.387  -0.514  50.576 0.0000000000
95252  -42.224  -0.247  50.587 0.0000000000
95292  -40.738  -0.167  48.580 0.0000000000
95291  -39.622  -0.365  48.606 0.0000000000
96229  -38.069  -0.170  47.508 0.0000000000
87838  -39.100  -8.322  46.974 0.0000000000
87839  -39.441  -8.407  46.653 0.0000000000
88745  -38.995  -7.958  47.049 0.0000000000
90740  -49.091  -4.798  35.340 0.0000000000
85053  -47.912  -11.775  52.396 0.0000000000
83059  -47.100  -12.716  52.555 0.0000000000
81989  -35.722  -14.347  52.819 0.0000000000
87899  -48.165  -8.605  42.490 0.0000000000
92601  -42.443  -3.355  39.437 0.0000000000
93527  -42.492  -2.543  39.061 0.0000000000
91569  -45.674  -4.462  48.594 0.0000000000
98062  -49.661  2.524  41.516 0.0000000000
98081  -49.922  2.389  40.938 0.0000000000
98095  -48.836  2.884  39.862 0.0000000000
98079  -48.245  2.995  40.321 0.0000000000
96212  -42.803  0.320  47.902 0.0000000000
96211  -42.075  0.272  47.693 0.0000000000
95293  -41.962  0.061  48.457 0.0000000000
86939  -43.187  -9.872  44.695 0.0000000000
86954  -42.813  -9.198  44.261 0.0000000000
89671  -41.740  -6.605  43.447 0.0000000000
91613  -41.296  -4.801  43.851 0.0000000000
93408  -50.181  -2.480  51.327 0.0000000000
93413  -50.158  -2.614  50.479 0.0000000000
93409  -51.182  -2.161  50.997 0.0000000000
96219  -52.093  0.263  47.943 0.0000000000
96243  -52.361  0.045  47.682 0.0000000000
96241  -50.923  0.436  47.201 0.0000000000
94317  -48.409  -1.131  50.775 0.0000000000
94329  -48.016  -1.070  50.001 0.0000000000
94328  -47.106  -1.043  49.934 0.0000000000
94316  -47.437  -1.204  50.697 0.0000000000
89782  -45.775  -5.696  34.675 0.0000000000
89795  -44.919  -5.452  34.244 0.0000000000
90751  -45.270  -4.710  33.856 0.0000000000
88709  -39.109  -7.474  51.327 0.0000000000
89606  -42.495  -6.291  52.650 0.0000000000
89612  -43.209  -6.451  52.124 0.0000000000
89607  -43.462  -6.037  53.018 0.0000000000
91537  -46.761  -4.075  54.574 0.0000000000
87841  -53.181  -8.386  46.148 0.0000000000
86944  -52.660  -8.659  45.817 0.0000000000
86932  -52.563  -8.886  46.400 0.0000000000
86030  -48.429  -10.581  47.384 0.0000000000
85117  -47.213  -10.999  47.273 0.0000000000
84149  -43.092  -12.847  48.195 0.0000000000
84159  -43.333  -12.383  47.623 0.0000000000
84157  -41.681  -12.183  47.656 0.0000000000
83011  -42.311  -12.475  56.760 0.0000000000
81031  -43.104  -15.589  53.952 0.0000000000
81043  -42.955  -15.660  52.945 0.0000000000
81044  -43.605  -15.534  53.296 0.0000000000
82009  -43.277  -15.180  51.891 0.0000000000
81055  -42.466  -15.525  52.217 0.0000000000
85090  -37.286  -11.371  49.496 0.0000000000
85081  -36.903  -10.910  49.964 0.0000000000
90704  -49.680  -5.064  38.106 0.0000000000
89704  -45.336  -7.274  41.059 0.0000000000
90729  -46.121  -4.512  36.412 0.0000000000
91702  -45.971  -4.105  35.720 0.0000000000
94476  -44.381  -1.356  33.916 0.0000000000
95439  -44.530  -0.458  33.410 0.0000000000
90584  -41.154  -5.404  48.939 0.0000000000
91565  -41.471  -4.870  48.415 0.0000000000
93453  -44.378  -2.234  46.170 0.0000000000
93481  -43.519  -1.754  44.039 0.0000000000
94382  -44.254  -1.497  44.114 0.0000000000
93474  -49.674  -1.732  45.722 0.0000000000
93473  -49.098  -2.039  45.758 0.0000000000
94371  -49.465  -1.546  45.243 0.0000000000
96321  -46.596  0.413  40.890 0.0000000000
96333  -45.770  0.498  40.252 0.0000000000
96343  -44.787  0.497  39.363 0.0000000000
96344  -46.313  1.486  38.949 0.0000000000
99828  -45.303  4.254  34.746 0.0000000000
99829  -45.631  3.958  34.732 0.0000000000
99836  -44.832  4.025  34.109 0.0000000000
98986  -44.347  3.034  33.287 0.0000000000
98979  -44.091  3.601  33.919 0.0000000000
98978  -43.476  3.523  34.562 0.0000000000
98971  -43.721  4.025  34.733 0.0000000000
98944  -42.035  4.292  38.238 0.0000000000
99791  -41.242  4.360  37.934 0.0000000000
98943  -41.201  4.271  38.421 0.0000000000
97176  -45.497  1.580  43.564 0.0000000000
97156  -45.005  1.497  44.434 0.0000000000
97190  -40.425  1.760  42.803 0.0000000000
98043  -40.644  2.072  42.070 0.0000000000
98052  -37.974  3.564  41.625 0.0000000000
96272  -38.327  0.568  45.874 0.0000000000
97130  -37.563  1.185  45.233 0.0000000000
86936  -40.834  -9.036  45.691 0.0000000000
88755  -39.858  -7.421  46.025 0.0000000000
88756  -40.515  -7.484  45.364 0.0000000000
89658  -40.621  -6.524  45.115 0.0000000000
94308  -52.225  -1.570  51.287 0.0000000000
95240  -52.732  -0.378  51.078 0.0000000000
95281  -51.416  -0.002  49.569 0.0000000000
94306  -49.657  -0.727  51.630 0.0000000000
89784  -47.728  -5.550  35.173 0.0000000000
89590  -38.042  -5.987  52.909 0.0000000000
85084  -47.769  -11.284  50.107 0.0000000000
85092  -46.619  -11.826  49.250 0.0000000000
85083  -47.011  -11.745  49.967 0.0000000000
84126  -45.804  -12.758  50.412 0.0000000000
83093  -45.268  -13.005  49.867 0.0000000000
83092  -44.577  -13.311  49.645 0.0000000000
82003  -37.186  -14.841  50.985 0.0000000000
82017  -36.503  -14.155  50.617 0.0000000000
83074  -36.707  -13.281  50.174 0.0000000000
84114  -35.575  -12.464  50.770 0.0000000000
85069  -34.448  -11.439  51.356 0.0000000000
85989  -33.997  -10.691  51.560 0.0000000000
89717  -42.801  -5.771  40.647 0.0000000000
90666  -43.394  -5.768  39.837 0.0000000000
90697  -42.953  -4.546  38.472 0.0000000000
90713  -43.793  -4.646  37.018 0.0000000000
90726  -43.897  -4.406  36.519 0.0000000000
91687  -43.492  -4.093  36.726 0.0000000000
94461  -43.060  -1.851  36.982 0.0000000000
93541  -43.211  -2.415  36.458 0.0000000000
94462  -43.352  -1.387  36.132 0.0000000000
91567  -43.476  -4.518  48.610 0.0000000000
92544  -44.915  -2.819  46.900 0.0000000000
92545  -45.908  -2.989  46.848 0.0000000000
96290  -51.050  0.220  43.645 0.0000000000
95360  -49.950  -0.210  43.260 0.0000000000
96299  -50.817  0.578  42.957 0.0000000000
96336  -49.441  1.749  40.449 0.0000000000
96335  -48.611  1.399  40.225 0.0000000000
97226  -48.410  1.865  39.515 0.0000000000
97236  -47.930  2.063  38.959 0.0000000000
98935  -47.515  4.013  38.189 0.0000000000
99796  -46.758  4.337  36.961 0.0000000000
99795  -45.876  4.611  37.042 0.0000000000
98933  -45.361  3.967  38.604 0.0000000000
98092  -44.885  3.357  39.368 0.0000000000
98932  -44.039  3.779  38.616 0.0000000000
96258  -44.805  0.979  46.736 0.0000000000
97118  -44.227  1.192  46.040 0.0000000000
96276  -42.207  0.750  45.723 0.0000000000
97133  -41.767  0.892  45.133 0.0000000000
97153  -41.703  1.141  44.383 0.0000000000
96289  -41.174  0.910  44.849 0.0000000000
96274  -40.319  0.536  45.638 0.0000000000
96253  -40.067  0.255  46.342 0.0000000000
96230  -39.954  0.050  46.870 0.0000000000
86973  -45.131  -9.327  43.490 0.0000000000
87877  -44.655  -8.740  42.937 0.0000000000
87894  -43.728  -8.074  42.515 0.0000000000
87861  -42.165  -8.448  44.159 0.0000000000
89687  -43.165  -7.240  41.994 0.0000000000
90645  -42.148  -5.540  41.863 0.0000000000
92502  -47.904  -3.645  50.202 0.0000000000
92506  -47.952  -3.771  49.237 0.0000000000
92507  -48.716  -3.406  49.676 0.0000000000
93428  -50.140  -2.797  48.642 0.0000000000
92530  -49.386  -3.229  48.376 0.0000000000
94319  -52.378  -1.395  50.152 0.0000000000
93415  -51.762  -1.855  49.614 0.0000000000
94331  -52.381  -1.358  49.209 0.0000000000
95319  -52.182  -0.160  46.905 0.0000000000
94348  -52.203  -0.983  47.423 0.0000000000
94358  -51.911  -0.733  46.555 0.0000000000
94357  -51.322  -1.228  46.337 0.0000000000
94374  -51.659  -0.662  45.907 0.0000000000
95335  -51.251  -0.459  44.865 0.0000000000
95336  -51.596  -0.249  45.291 0.0000000000
97142  -51.284  1.369  44.492 0.0000000000
97161  -50.682  1.874  43.937 0.0000000000
97181  -50.846  2.090  43.043 0.0000000000
97180  -49.973  2.183  43.278 0.0000000000
97160  -49.646  1.773  44.163 0.0000000000
97122  -48.537  1.073  45.746 0.0000000000
97121  -47.553  1.148  45.946 0.0000000000
95316  -49.670  -0.050  47.921 0.0000000000
95300  -49.297  -0.427  48.664 0.0000000000
96217  -47.396  -0.165  48.175 0.0000000000
96260  -47.082  0.807  46.736 0.0000000000
96237  -46.425  0.503  47.452 0.0000000000
95276  -45.787  -0.598  49.392 0.0000000000
95296  -45.290  -0.163  48.743 0.0000000000
95275  -44.877  -0.489  49.531 0.0000000000
89794  -44.003  -5.633  34.331 0.0000000000
91738  -43.409  -3.887  33.073 0.0000000000
88727  -39.902  -6.831  49.972 0.0000000000
89621  -39.720  -6.619  49.474 0.0000000000
89622  -40.315  -6.366  49.653 0.0000000000
90575  -40.253  -5.992  49.203 0.0000000000
88699  -40.176  -6.835  52.072 0.0000000000
88710  -40.013  -7.165  51.482 0.0000000000
88711  -40.753  -6.849  51.737 0.0000000000
89617  -42.190  -6.634  50.961 0.0000000000
89624  -42.011  -6.302  50.276 0.0000000000
90571  -43.205  -6.263  50.556 0.0000000000
90560  -43.841  -5.531  53.887 0.0000000000
92498  -46.779  -3.782  51.808 0.0000000000
92495  -47.762  -3.106  52.840 0.0000000000
93401  -48.126  -2.951  52.185 0.0000000000
93402  -48.835  -2.721  52.672 0.0000000000
87885  -52.075  -7.965  43.677 0.0000000000
86962  -51.039  -9.130  44.532 0.0000000000
87862  -51.089  -8.728  43.855 0.0000000000
86919  -49.795  -10.220  47.873 0.0000000000
86920  -50.447  -9.987  48.154 0.0000000000
86921  -51.563  -9.616  47.735 0.0000000000
86930  -50.649  -9.850  46.903 0.0000000000
86055  -48.140  -10.455  45.741 0.0000000000
86940  -48.787  -10.297  45.693 0.0000000000
86071  -47.707  -10.350  45.052 0.0000000000
86070  -46.934  -10.403  44.842 0.0000000000
85136  -46.094  -11.048  45.916 0.0000000000
86052  -45.602  -10.772  45.280 0.0000000000
86051  -44.644  -10.783  45.229 0.0000000000
85134  -44.397  -11.191  45.801 0.0000000000
85102  -45.854  -11.978  48.113 0.0000000000
86040  -43.202  -11.055  46.082 0.0000000000
85121  -42.270  -11.250  46.602 0.0000000000
83038  -47.652  -13.206  54.307 0.0000000000
81904  -44.995  -13.465  58.818 0.0000000000
81905  -45.984  -14.255  58.874 0.0000000000
81952  -42.098  -14.011  55.720 0.0000000000
81939  -42.408  -13.323  56.323 0.0000000000
81020  -44.130  -15.581  54.962 0.0000000000
81007  -43.436  -15.048  55.793 0.0000000000
81008  -44.411  -15.416  55.825 0.0000000000
81001  -45.528  -15.135  56.806 0.0000000000
81009  -45.291  -15.359  55.909 0.0000000000
81010  -46.127  -15.204  55.962 0.0000000000
81022  -45.781  -15.236  55.283 0.0000000000
81984  -46.262  -14.378  53.636 0.0000000000
83049  -46.809  -13.637  53.436 0.0000000000
81996  -46.148  -13.945  52.882 0.0000000000
83057  -45.706  -13.834  52.300 0.0000000000
82011  -45.127  -14.040  51.939 0.0000000000
82024  -43.461  -14.421  50.986 0.0000000000
82025  -44.093  -14.045  51.038 0.0000000000
82034  -42.276  -14.058  49.943 0.0000000000
85099  -38.578  -11.420  48.385 0.0000000000
85108  -39.120  -10.932  47.761 0.0000000000
86017  -38.483  -10.418  48.076 0.0000000000
86025  -38.901  -10.327  47.641 0.0000000000
86911  -38.083  -9.603  48.629 0.0000000000
86894  -37.203  -9.668  50.417 0.0000000000
86904  -37.729  -9.422  49.635 0.0000000000
85071  -36.047  -10.892  50.766 0.0000000000
85992  -36.347  -10.448  50.658 0.0000000000
88695  -36.337  -7.846  51.992 0.0000000000
88707  -37.100  -8.263  51.549 0.0000000000
89600  -36.689  -7.003  52.492 0.0000000000
91693  -52.253  -4.435  37.537 0.0000000000
91692  -51.306  -4.464  37.360 0.0000000000
91722  -50.309  -4.444  35.916 0.0000000000
87898  -47.297  -8.448  42.269 0.0000000000
87910  -46.449  -7.995  41.732 0.0000000000
90682  -46.093  -5.864  38.833 0.0000000000
90702  -47.852  -5.300  38.005 0.0000000000
90717  -47.676  -4.805  37.199 0.0000000000
91689  -48.367  -4.353  36.569 0.0000000000
92629  -47.180  -3.643  34.083 0.0000000000
92638  -46.650  -3.709  33.917 0.0000000000
92626  -45.090  -3.289  34.645 0.0000000000
93562  -44.927  -2.797  33.453 0.0000000000
93555  -45.102  -2.889  33.780 0.0000000000
94487  -44.345  -1.191  31.834 0.0000000000
92655  -44.230  -2.265  31.935 0.0000000000
93566  -43.702  -2.000  31.730 0.0000000000
92653  -43.525  -2.581  32.154 0.0000000000
94485  -43.553  -1.357  31.921 0.0000000000
89632  -38.993  -6.793  47.976 0.0000000000
89634  -39.296  -6.687  47.123 0.0000000000
90589  -39.495  -6.057  47.680 0.0000000000
90599  -40.012  -5.486  46.516 0.0000000000
92554  -40.851  -4.193  45.863 0.0000000000
92522  -42.455  -3.536  47.245 0.0000000000
93467  -42.733  -2.469  45.302 0.0000000000
92556  -42.178  -3.038  45.756 0.0000000000
93488  -43.168  -1.885  43.314 0.0000000000
93487  -42.462  -2.578  43.031 0.0000000000
93503  -42.818  -2.113  41.803 0.0000000000
92528  -47.774  -3.637  47.643 0.0000000000
91584  -47.222  -3.758  47.720 0.0000000000
93471  -47.058  -2.087  45.673 0.0000000000
93470  -46.041  -1.927  45.627 0.0000000000
94368  -46.617  -1.533  44.958 0.0000000000
95359  -49.020  -0.330  43.160 0.0000000000
95343  -48.462  -0.645  43.604 0.0000000000
95358  -48.192  -0.395  43.019 0.0000000000
95356  -46.561  -0.575  42.814 0.0000000000
94398  -45.657  -0.839  43.105 0.0000000000
94384  -46.158  -1.156  44.132 0.0000000000
94397  -44.535  -1.211  43.298 0.0000000000
95391  -44.812  -0.139  40.705 0.0000000000
95380  -44.263  -0.648  41.194 0.0000000000
95390  -43.960  -0.585  40.582 0.0000000000
94431  -43.166  -1.059  39.198 0.0000000000
96358  -44.064  0.646  37.280 0.0000000000
96365  -44.072  0.789  35.938 0.0000000000
98102  -47.072  2.765  37.426 0.0000000000
97255  -46.248  2.345  37.430 0.0000000000
98111  -46.526  2.745  37.033 0.0000000000
98139  -45.453  3.034  34.664 0.0000000000
98129  -45.248  2.485  35.067 0.0000000000
97271  -44.699  1.526  34.715 0.0000000000
97279  -44.739  1.365  33.674 0.0000000000
96388  -44.699  0.574  32.666 0.0000000000
97286  -44.644  1.392  32.952 0.0000000000
97277  -43.471  1.782  33.179 0.0000000000
97284  -43.734  1.165  32.591 0.0000000000
96386  -43.389  0.613  32.801 0.0000000000
95437  -42.826  -0.349  33.090 0.0000000000
99804  -43.841  4.739  36.571 0.0000000000
99816  -43.075  4.571  36.012 0.0000000000
99803  -42.718  4.705  36.881 0.0000000000
98954  -41.111  3.961  37.498 0.0000000000
98962  -41.748  3.979  36.879 0.0000000000
97194  -44.893  1.704  42.664 0.0000000000
97212  -45.512  2.082  41.838 0.0000000000
98057  -43.731  2.342  40.981 0.0000000000
97174  -43.188  1.438  43.447 0.0000000000
98055  -41.479  2.399  41.364 0.0000000000
97209  -42.393  2.096  41.613 0.0000000000
98074  -41.891  2.944  40.290 0.0000000000
98088  -40.690  3.839  39.558 0.0000000000
99775  -38.247  4.325  39.710 0.0000000000
99780  -37.865  4.177  39.486 0.0000000000
98926  -37.846  3.815  39.215 0.0000000000
98085  -37.485  3.357  39.668 0.0000000000
98084  -37.243  3.474  39.963 0.0000000000
98915  -36.774  3.474  40.748 0.0000000000
98907  -36.234  3.392  41.568 0.0000000000
98032  -38.474  2.233  43.174 0.0000000000
98031  -37.268  2.466  43.577 0.0000000000
98030  -35.946  3.117  43.361 0.0000000000
98029  -34.935  3.178  43.189 0.0000000000
95272  -41.491  -0.150  49.573 0.0000000000
95271  -40.336  -0.217  49.574 0.0000000000
95311  -38.789  -0.286  47.676 0.0000000000
87845  -39.675  -7.915  46.289 0.0000000000
94300  -52.889  -0.715  52.921 0.0000000000
95227  -52.695  -0.271  52.213 0.0000000000
95239  -52.214  -0.035  51.448 0.0000000000
95226  -52.045  0.206  52.633 0.0000000000
96167  -51.544  0.338  53.060 0.0000000000
90544  -37.762  -5.012  54.168 0.0000000000
90554  -38.365  -5.357  53.447 0.0000000000
85061  -47.685  -11.687  51.577 0.0000000000
84117  -47.025  -12.031  51.067 0.0000000000
84128  -46.980  -11.911  50.513 0.0000000000
84116  -46.439  -12.557  51.224 0.0000000000
84115  -45.808  -12.987  51.077 0.0000000000
82016  -35.863  -14.106  51.046 0.0000000000
83065  -35.254  -13.472  51.252 0.0000000000
83064  -34.620  -13.295  51.749 0.0000000000
87901  -49.874  -8.397  42.679 0.0000000000
87900  -49.039  -8.570  42.560 0.0000000000
88803  -48.510  -8.160  42.029 0.0000000000
88822  -47.689  -7.840  41.584 0.0000000000
91664  -42.659  -4.109  38.865 0.0000000000
91674  -42.904  -4.125  38.009 0.0000000000
92612  -42.803  -3.312  37.560 0.0000000000
93533  -42.618  -2.539  38.135 0.0000000000
94450  -42.878  -1.800  37.764 0.0000000000
91559  -44.746  -5.056  49.404 0.0000000000
91568  -44.542  -4.692  48.835 0.0000000000
91582  -45.963  -4.001  47.874 0.0000000000
97201  -51.003  1.965  41.964 0.0000000000
96311  -50.708  1.454  41.925 0.0000000000
97217  -50.456  2.093  41.180 0.0000000000
97229  -50.028  2.100  40.768 0.0000000000
97238  -48.995  2.501  39.805 0.0000000000
97237  -48.461  2.642  39.227 0.0000000000
98934  -46.654  4.060  38.476 0.0000000000
96257  -43.843  0.883  46.661 0.0000000000
96234  -43.346  0.591  47.270 0.0000000000
96255  -41.884  0.499  46.390 0.0000000000
96232  -41.526  0.272  47.158 0.0000000000
95313  -41.069  0.042  47.750 0.0000000000
86956  -44.634  -9.808  44.080 0.0000000000
88782  -42.085  -7.374  43.459 0.0000000000
89685  -41.841  -6.157  42.911 0.0000000000
90644  -41.809  -5.636  42.613 0.0000000000
92579  -41.691  -4.369  42.826 0.0000000000
92508  -49.458  -2.988  50.011 0.0000000000
93419  -50.200  -2.698  49.573 0.0000000000
93420  -50.990  -2.312  49.121 0.0000000000
95283  -52.754  -0.245  49.117 0.0000000000
94341  -52.658  -0.764  48.789 0.0000000000
95304  -52.534  -0.244  48.315 0.0000000000
96281  -51.641  0.561  44.968 0.0000000000
96264  -51.696  0.391  46.094 0.0000000000
96279  -50.251  1.028  45.676 0.0000000000
96278  -49.345  0.927  45.911 0.0000000000
95279  -48.662  -0.781  49.362 0.0000000000
95298  -47.092  -0.421  48.644 0.0000000000
95277  -46.639  -0.736  49.364 0.0000000000
94327  -46.587  -0.970  49.908 0.0000000000
95256  -46.197  -0.885  49.876 0.0000000000
90761  -44.124  -4.380  33.328 0.0000000000
89618  -43.100  -6.520  51.169 0.0000000000
89619  -43.783  -6.346  51.638 0.0000000000
90568  -44.483  -6.037  51.828 0.0000000000
90550  -45.344  -5.016  54.362 0.0000000000
90562  -45.190  -5.197  53.280 0.0000000000
91545  -45.860  -4.592  53.858 0.0000000000
92490  -47.085  -3.544  53.587 0.0000000000
87864  -52.550  -8.007  44.347 0.0000000000
87848  -52.184  -8.562  44.787 0.0000000000
86032  -49.725  -10.253  48.294 0.0000000000
86044  -49.018  -10.419  46.865 0.0000000000
86043  -48.275  -10.589  46.578 0.0000000000
86042  -47.488  -10.733  46.307 0.0000000000
86041  -46.910  -10.788  45.958 0.0000000000
85126  -46.740  -11.011  46.525 0.0000000000
85125  -45.865  -11.383  46.594 0.0000000000
84151  -44.912  -12.677  48.569 0.0000000000
84160  -44.246  -12.343  47.750 0.0000000000
85112  -42.716  -11.868  47.020 0.0000000000
85111  -41.778  -11.558  47.098 0.0000000000
81967  -41.940  -14.617  54.988 0.0000000000
81018  -42.466  -15.049  54.770 0.0000000000
81019  -43.302  -15.355  54.823 0.0000000000
81982  -44.599  -15.362  53.781 0.0000000000
81994  -44.307  -15.207  52.982 0.0000000000
82023  -42.459  -14.599  50.669 0.0000000000
84136  -38.814  -12.468  48.816 0.0000000000
85098  -37.787  -11.141  48.890 0.0000000000
86910  -37.681  -10.024  49.162 0.0000000000
86008  -37.504  -10.592  49.276 0.0000000000
91677  -50.919  -4.705  37.970 0.0000000000
90719  -49.260  -4.741  37.495 0.0000000000
88800  -45.501  -7.941  41.747 0.0000000000
88801  -46.122  -7.885  41.644 0.0000000000
88820  -45.829  -7.484  41.244 0.0000000000
90699  -44.647  -5.409  38.025 0.0000000000
92635  -44.780  -2.726  34.373 0.0000000000
93561  -44.752  -2.197  32.779 0.0000000000
94483  -44.621  -1.226  32.304 0.0000000000
95456  -44.451  -0.398  32.183 0.0000000000
90583  -40.116  -5.680  48.546 0.0000000000
91596  -41.212  -4.002  46.722 0.0000000000
92543  -43.854  -2.788  46.832 0.0000000000
92542  -42.774  -2.979  46.578 0.0000000000
92547  -47.716  -3.261  46.970 0.0000000000
93472  -48.100  -2.200  45.721 0.0000000000
96308  -47.917  0.295  41.779 0.0000000000
95372  -47.885  -0.040  42.316 0.0000000000
95384  -47.469  0.141  41.845 0.0000000000
95383  -46.803  0.061  41.656 0.0000000000
95370  -46.098  -0.410  42.259 0.0000000000
95369  -45.395  -0.478  42.000 0.0000000000
95392  -45.449  0.025  41.000 0.0000000000
95398  -44.440  -0.058  40.116 0.0000000000
96342  -44.004  0.107  39.080 0.0000000000
98965  -46.498  3.686  36.178 0.0000000000
98122  -46.223  3.120  36.193 0.0000000000
98964  -46.044  3.563  35.655 0.0000000000
98981  -45.368  3.371  34.227 0.0000000000
98144  -44.656  2.372  33.036 0.0000000000
98987  -44.551  2.842  33.126 0.0000000000
98137  -43.883  2.763  33.214 0.0000000000
98128  -43.010  3.038  34.893 0.0000000000
99792  -42.344  4.516  37.584 0.0000000000
97177  -46.642  1.679  43.564 0.0000000000
97173  -42.052  1.416  43.458 0.0000000000
97192  -42.334  1.752  42.355 0.0000000000
98919  -39.680  4.044  39.841 0.0000000000
98072  -39.447  3.686  40.605 0.0000000000
98071  -38.873  3.911  40.734 0.0000000000
98916  -37.403  3.868  40.453 0.0000000000
98909  -37.864  3.840  41.072 0.0000000000
98902  -37.497  3.591  41.651 0.0000000000
97149  -37.752  1.649  44.426 0.0000000000
98021  -35.119  2.790  44.174 0.0000000000
98015  -35.954  1.977  45.075 0.0000000000
87860  -41.566  -8.436  44.719 0.0000000000
88757  -41.104  -7.823  44.836 0.0000000000
94307  -51.589  -1.910  51.572 0.0000000000
95302  -51.581  0.261  48.443 0.0000000000
95318  -51.237  0.344  47.793 0.0000000000
94318  -49.399  -0.903  50.834 0.0000000000
94305  -48.793  -0.932  51.512 0.0000000000
90752  -46.205  -4.795  34.030 0.0000000000
89603  -39.621  -6.444  52.458 0.0000000000
89592  -39.940  -5.800  52.903 0.0000000000
89604  -40.459  -6.378  52.460 0.0000000000
85094  -48.011  -10.931  49.472 0.0000000000
86009  -47.854  -10.824  48.668 0.0000000000
84153  -46.269  -12.007  48.891 0.0000000000
84152  -45.775  -12.223  48.579 0.0000000000
84139  -45.649  -12.603  49.473 0.0000000000
83103  -44.452  -13.041  48.919 0.0000000000
83102  -43.790  -13.251  48.862 0.0000000000
83101  -42.893  -13.312  48.812 0.0000000000
83010  -41.534  -12.077  56.461 0.0000000000
81951  -41.005  -13.501  55.296 0.0000000000
81965  -40.315  -14.159  54.676 0.0000000000
81016  -41.141  -14.889  54.404 0.0000000000
84124  -36.905  -12.378  49.860 0.0000000000
85079  -35.971  -11.887  50.603 0.0000000000
89719  -44.503  -6.611  40.452 0.0000000000
90714  -44.487  -5.003  37.127 0.0000000000
91701  -45.005  -4.200  35.748 0.0000000000
91700  -44.076  -4.078  35.955 0.0000000000
91715  -44.117  -3.544  35.575 0.0000000000
92618  -43.054  -3.036  36.843 0.0000000000
94470  -43.834  -1.363  34.900 0.0000000000
91566  -42.456  -4.612  48.481 0.0000000000
93469  -45.000  -1.764  45.522 0.0000000000
95345  -50.112  -0.663  44.143 0.0000000000
94387  -49.270  -1.175  44.561 0.0000000000
96310  -49.752  0.665  42.069 0.0000000000
96309  -48.554  0.421  41.797 0.0000000000
96345  -47.280  1.703  39.083 0.0000000000
97247  -47.733  2.482  38.264 0.0000000000
98103  -47.533  2.846  37.651 0.0000000000
98113  -47.502  3.395  37.486 0.0000000000
98955  -46.899  3.600  36.700 0.0000000000
99807  -46.765  4.016  36.471 0.0000000000
99818  -45.218  4.590  35.515 0.0000000000
99805  -45.002  4.779  36.364 0.0000000000
99794  -44.724  4.668  37.182 0.0000000000
98931  -42.793  3.793  38.721 0.0000000000
97136  -44.579  1.368  45.272 0.0000000000
97117  -43.476  0.970  46.036 0.0000000000
97172  -40.998  1.418  43.495 0.0000000000
97171  -39.884  1.570  43.430 0.0000000000
98033  -39.170  1.921  43.166 0.0000000000
97151  -39.670  1.156  44.365 0.0000000000
97132  -39.196  0.955  44.888 0.0000000000
96287  -39.799  0.777  45.079 0.0000000000
86975  -47.097  -9.567  43.549 0.0000000000
87896  -45.146  -8.355  42.313 0.0000000000
88799  -44.658  -7.935  41.858 0.0000000000
88818  -44.351  -7.494  41.502 0.0000000000
87875  -42.823  -8.441  43.643 0.0000000000
88783  -42.729  -7.656  43.031 0.0000000000
88784  -43.364  -7.871  42.600 0.0000000000
90655  -42.389  -5.331  41.000 0.0000000000
91644  -42.238  -4.411  40.690 0.0000000000
92594  -42.340  -3.281  40.458 0.0000000000
92512  -47.954  -3.780  48.387 0.0000000000
92529  -48.732  -3.466  47.857 0.0000000000
93439  -48.905  -3.140  47.285 0.0000000000
94340  -52.304  -1.251  48.333 0.0000000000
93430  -51.693  -1.607  47.834 0.0000000000
93441  -50.993  -1.762  47.113 0.0000000000
94356  -50.686  -1.416  46.035 0.0000000000
94372  -50.222  -1.390  45.497 0.0000000000
94389  -50.649  -0.846  44.818 0.0000000000
95346  -51.019  -0.197  44.199 0.0000000000
96291  -51.482  0.588  43.861 0.0000000000
97143  -51.680  1.157  44.079 0.0000000000
97182  -51.256  1.551  42.817 0.0000000000
97200  -50.909  2.196  42.288 0.0000000000
97199  -50.190  2.416  42.296 0.0000000000
97216  -49.547  2.474  42.098 0.0000000000
97215  -48.907  2.424  41.995 0.0000000000
97197  -48.335  2.108  42.695 0.0000000000
97178  -47.795  1.779  43.520 0.0000000000
97159  -48.469  1.617  44.305 0.0000000000
97158  -47.281  1.556  44.384 0.0000000000
97120  -46.368  1.320  46.060 0.0000000000
95317  -50.656  0.221  47.865 0.0000000000
96240  -49.817  0.340  47.224 0.0000000000
95315  -48.728  -0.186  47.951 0.0000000000
96215  -45.807  0.229  48.101 0.0000000000
95274  -43.820  -0.405  49.595 0.0000000000
88738  -38.724  -7.723  47.814 0.0000000000
89631  -38.797  -7.306  48.293 0.0000000000
89628  -39.387  -6.595  48.834 0.0000000000
89623  -41.121  -6.303  49.994 0.0000000000
90579  -44.125  -5.288  49.616 0.0000000000
90580  -44.818  -5.199  49.683 0.0000000000
91556  -46.442  -4.518  50.111 0.0000000000
89608  -44.037  -6.097  52.893 0.0000000000
90566  -45.133  -5.408  52.251 0.0000000000
91553  -47.118  -3.962  50.510 0.0000000000
92500  -48.505  -3.051  51.383 0.0000000000
93407  -49.170  -2.750  51.562 0.0000000000
93398  -49.902  -2.244  53.326 0.0000000000
87863  -51.738  -8.560  44.173 0.0000000000
87883  -50.556  -8.528  43.315 0.0000000000
87882  -49.581  -8.906  43.218 0.0000000000
86976  -48.124  -9.613  43.748 0.0000000000
86941  -49.565  -10.119  46.021 0.0000000000
86958  -46.543  -9.986  44.142 0.0000000000
86053  -46.488  -10.708  45.453 0.0000000000
86067  -44.160  -10.277  44.662 0.0000000000
85124  -44.919  -11.549  46.504 0.0000000000
85114  -44.554  -11.894  47.161 0.0000000000
86049  -42.153  -10.134  45.654 0.0000000000
86048  -41.568  -9.867  45.825 0.0000000000
86928  -41.163  -9.604  45.893 0.0000000000
86926  -39.724  -9.252  46.660 0.0000000000
86918  -39.277  -9.408  47.085 0.0000000000
84091  -47.761  -12.676  53.704 0.0000000000
81925  -46.496  -14.848  57.915 0.0000000000
81953  -42.865  -14.447  55.903 0.0000000000
80999  -43.929  -14.915  56.484 0.0000000000
81941  -44.303  -14.516  57.122 0.0000000000
81942  -44.929  -14.887  57.106 0.0000000000
80983  -46.023  -15.015  57.339 0.0000000000
81943  -47.001  -15.018  57.134 0.0000000000
81954  -46.976  -14.866  56.180 0.0000000000
81970  -47.359  -13.935  54.807 0.0000000000
81968  -45.730  -15.190  54.753 0.0000000000
83050  -47.282  -12.975  53.248 0.0000000000
83066  -44.705  -13.933  51.374 0.0000000000
83079  -44.481  -13.665  50.567 0.0000000000
82022  -41.402  -14.755  50.574 0.0000000000
82033  -41.554  -14.156  49.902 0.0000000000
83089  -41.715  -13.675  49.327 0.0000000000
83100  -41.935  -13.227  48.747 0.0000000000
87823  -38.412  -8.626  48.191 0.0000000000
85999  -36.777  -10.469  50.285 0.0000000000
86893  -36.683  -10.053  50.612 0.0000000000
89601  -37.709  -6.749  52.459 0.0000000000
89589  -36.952  -6.142  53.132 0.0000000000
91723  -51.045  -4.519  36.047 0.0000000000
90742  -50.753  -4.917  35.681 0.0000000000
90741  -49.947  -4.857  35.547 0.0000000000
88821  -46.657  -7.684  41.382 0.0000000000
88837  -48.269  -7.255  40.782 0.0000000000
89738  -46.415  -6.344  39.615 0.0000000000
89739  -47.442  -6.291  39.517 0.0000000000
90703  -48.738  -5.215  38.062 0.0000000000
91690  -49.194  -4.393  36.805 0.0000000000
90754  -47.639  -4.361  34.324 0.0000000000
90753  -47.135  -4.600  33.978 0.0000000000
91717  -45.588  -3.603  35.165 0.0000000000
92636  -45.271  -2.950  34.101 0.0000000000
91730  -45.910  -4.038  33.767 0.0000000000
90762  -44.709  -4.379  33.547 0.0000000000
91739  -43.997  -3.731  32.876 0.0000000000
92646  -44.332  -2.798  32.485 0.0000000000
89645  -39.638  -6.690  46.411 0.0000000000
90610  -39.898  -6.067  46.232 0.0000000000
91612  -40.974  -5.055  44.504 0.0000000000
91578  -41.621  -4.131  47.538 0.0000000000
92540  -41.085  -3.958  46.215 0.0000000000
91605  -41.095  -4.400  44.643 0.0000000000
92570  -41.602  -4.116  43.351 0.0000000000
93502  -42.614  -2.482  41.274 0.0000000000
93511  -42.590  -2.441  40.649 0.0000000000
91583  -46.747  -3.867  47.777 0.0000000000
92526  -46.333  -3.544  47.338 0.0000000000
92546  -46.836  -3.124  46.856 0.0000000000
94386  -48.287  -1.102  44.292 0.0000000000
94385  -47.184  -1.144  44.266 0.0000000000
95357  -47.336  -0.494  42.922 0.0000000000
94406  -43.741  -1.446  42.712 0.0000000000
94416  -44.288  -0.790  41.628 0.0000000000
94423  -42.802  -1.857  40.498 0.0000000000
94430  -42.716  -1.777  39.615 0.0000000000
95405  -43.613  -0.379  38.741 0.0000000000
96353  -46.067  1.812  38.169 0.0000000000
97245  -45.983  2.027  37.716 0.0000000000
98121  -45.628  2.643  36.008 0.0000000000
96366  -44.515  1.389  36.017 0.0000000000
97270  -44.371  1.057  35.225 0.0000000000
96380  -44.463  0.210  33.869 0.0000000000
96381  -44.683  0.508  33.198 0.0000000000
96396  -44.369  0.296  32.253 0.0000000000
97285  -44.194  1.491  32.493 0.0000000000
96395  -44.215  0.459  32.184 0.0000000000
95454  -43.839  -0.854  31.777 0.0000000000
99826  -43.681  4.340  35.305 0.0000000000
99815  -42.298  4.382  36.661 0.0000000000
98119  -41.955  3.181  36.490 0.0000000000
98060  -47.474  2.638  41.050 0.0000000000
98059  -46.221  2.548  41.002 0.0000000000
98076  -44.313  2.726  40.133 0.0000000000
98090  -42.374  3.351  39.477 0.0000000000
97210  -43.174  2.008  41.729 0.0000000000
98929  -40.675  4.224  39.005 0.0000000000
99783  -39.939  4.420  38.634 0.0000000000
99789  -39.415  4.274  38.494 0.0000000000
99782  -39.156  4.479  38.943 0.0000000000
99788  -38.816  4.261  38.699 0.0000000000
98099  -38.586  3.589  38.666 0.0000000000
98068  -36.949  3.061  40.266 0.0000000000
97206  -36.745  2.125  40.930 0.0000000000
98040  -36.644  3.264  42.770 0.0000000000
94295  -48.282  -0.785  52.152 0.0000000000
94314  -45.889  -1.092  50.852 0.0000000000
95235  -45.469  -0.903  51.399 0.0000000000
95254  -44.539  -0.700  50.476 0.0000000000
95233  -43.040  -0.078  51.639 0.0000000000
95273  -42.672  -0.280  49.576 0.0000000000
95312  -39.913  -0.173  47.525 0.0000000000
95327  -39.193  -0.171  47.214 0.0000000000
95326  -38.823  -0.131  47.072 0.0000000000
80984  -46.484  -15.036  57.296 0.0000000000
81033  -44.660  -15.484  54.304 0.0000000000
82001  -35.681  -14.399  51.859 0.0000000000
83023  -42.076  -13.052  56.167 0.0000000000
84077  -41.138  -11.955  56.385 0.0000000000
84107  -46.666  -12.753  51.991 0.0000000000
84162  -45.596  -12.072  48.022 0.0000000000
85082  -46.584  -11.996  49.710 0.0000000000
86029  -47.762  -10.789  47.019 0.0000000000
86066  -43.597  -10.114  44.726 0.0000000000
86895  -37.638  -9.221  50.190 0.0000000000
86979  -50.719  -8.926  43.880 0.0000000000
87831  -39.323  -8.919  46.901 0.0000000000
89627  -38.947  -7.090  48.577 0.0000000000
89735  -43.691  -5.911  39.784 0.0000000000
91571  -47.262  -3.935  48.095 0.0000000000
91686  -43.079  -3.928  37.318 0.0000000000
91729  -45.149  -4.067  33.634 0.0000000000
92504  -49.479  -2.865  50.516 0.0000000000
92613  -43.155  -3.558  36.903 0.0000000000
92639  -47.099  -3.779  33.818 0.0000000000
92654  -43.963  -2.480  31.925 0.0000000000
93459  -50.754  -1.595  46.460 0.0000000000
93567  -44.168  -1.896  31.646 0.0000000000
94347  -51.695  -1.251  46.930 0.0000000000
95320  -52.397  -0.386  47.708 0.0000000000
95374  -49.523  0.083  42.753 0.0000000000
95382  -45.872  -0.070  41.488 0.0000000000
95448  -43.878  -0.129  31.953 0.0000000000
95455  -44.158  -0.405  31.889 0.0000000000
96220  -52.417  0.079  48.132 0.0000000000
96277  -42.921  0.881  45.716 0.0000000000
96325  -50.579  1.805  41.399 0.0000000000
96337  -49.877  1.958  40.549 0.0000000000
96387  -43.886  0.586  32.297 0.0000000000
97163  -51.590  1.262  43.436 0.0000000000
97183  -51.533  1.328  43.144 0.0000000000
97218  -50.779  1.920  41.561 0.0000000000
97228  -49.440  2.307  40.356 0.0000000000
97246  -46.805  2.271  37.913 0.0000000000
97263  -44.513  1.340  35.546 0.0000000000
97278  -43.925  2.219  32.786 0.0000000000
97291  -44.332  0.793  32.306 0.0000000000
98045  -50.233  2.455  41.751 0.0000000000
98047  -50.873  2.227  41.902 0.0000000000
98063  -50.326  2.377  41.441 0.0000000000
98064  -50.715  2.174  41.626 0.0000000000
98110  -46.027  2.702  36.549 0.0000000000
98112  -47.130  3.203  37.134 0.0000000000
98896  -35.838  3.440  42.887 0.0000000000
98920  -40.267  4.007  39.539 0.0000000000
98924  -37.137  3.567  40.216 0.0000000000
98925  -37.447  3.833  39.787 0.0000000000
98927  -39.236  4.378  39.484 0.0000000000
98940  -38.373  3.895  38.781 0.0000000000
98941  -38.896  3.984  38.432 0.0000000000
98956  -47.173  3.740  37.017 0.0000000000
98972  -45.711  3.594  34.928 0.0000000000
99797  -47.148  4.055  37.003 0.0000000000
99808  -47.097  3.938  36.799 0.0000000000
99820  -46.489  3.953  36.052 0.0000000000
99837  -45.347  3.871  34.193 0.0000000000
99838  -45.542  3.746  34.475 0.0000000000
