#!ascii label  , from subject sub-MOT05 vox2ras=TkReg
1573
51978  -33.990  -42.092  76.942 0.0000000000
69630  -51.221  -27.722  58.566 0.0000000000
62560  -40.145  -33.568  66.800 0.0000000000
41371  -6.294  -53.651  76.778 0.0000000000
54148  -19.446  -42.407  78.307 0.0000000000
50861  -4.287  -45.878  78.104 0.0000000000
47782  -2.838  -49.279  82.722 0.0000000000
64490  -45.484  -32.144  61.890 0.0000000000
54211  -6.356  -42.579  71.158 0.0000000000
36712  -7.985  -57.839  83.965 0.0000000000
54233  -34.599  -41.725  71.097 0.0000000000
50948  -30.950  -42.215  75.033 0.0000000000
50853  -27.206  -42.646  78.575 0.0000000000
72558  -52.705  -23.890  56.979 0.0000000000
61604  -43.263  -34.696  64.247 0.0000000000
47859  -17.292  -46.405  75.764 0.0000000000
57305  -4.007  -39.589  72.743 0.0000000000
45744  -4.222  -50.729  77.196 0.0000000000
47866  -7.155  -48.930  74.560 0.0000000000
43678  -5.881  -51.792  72.399 0.0000000000
41291  -12.978  -53.710  85.122 0.0000000000
42419  -8.995  -54.430  85.720 0.0000000000
62490  -38.800  -33.511  70.870 0.0000000000
54127  -23.901  -41.258  81.296 0.0000000000
51982  -23.423  -41.663  75.576 0.0000000000
48848  -2.563  -47.661  80.999 0.0000000000
42473  -2.943  -52.751  79.549 0.0000000000
67493  -48.754  -28.692  61.457 0.0000000000
43554  -15.126  -51.789  82.835 0.0000000000
45720  -15.867  -48.860  78.822 0.0000000000
52015  -5.318  -44.497  74.576 0.0000000000
49925  -9.973  -46.379  72.124 0.0000000000
44635  -5.944  -50.871  82.237 0.0000000000
41303  -5.674  -53.742  83.031 0.0000000000
39050  -7.448  -56.006  81.370 0.0000000000
53085  -35.674  -41.644  76.456 0.0000000000
52029  -33.981  -43.264  74.310 0.0000000000
53126  -34.716  -42.229  73.618 0.0000000000
50906  -32.383  -42.623  76.391 0.0000000000
50966  -32.550  -43.040  73.659 0.0000000000
50869  -30.893  -42.634  77.761 0.0000000000
71619  -52.923  -25.560  57.775 0.0000000000
68583  -48.402  -27.754  57.666 0.0000000000
68616  -49.470  -26.999  55.988 0.0000000000
70678  -50.686  -25.432  54.970 0.0000000000
62582  -41.537  -33.607  65.129 0.0000000000
61551  -36.862  -33.680  67.233 0.0000000000
61585  -38.693  -33.172  64.384 0.0000000000
61615  -40.603  -34.534  62.489 0.0000000000
42529  -4.484  -52.229  76.455 0.0000000000
44726  -4.609  -51.059  75.074 0.0000000000
42563  -5.690  -52.452  74.261 0.0000000000
42584  -7.424  -53.724  72.093 0.0000000000
41411  -7.556  -54.103  74.408 0.0000000000
40179  -12.951  -54.444  83.591 0.0000000000
37828  -12.049  -55.606  85.075 0.0000000000
61502  -37.471  -35.194  72.350 0.0000000000
57306  -35.575  -39.066  73.139 0.0000000000
56319  -34.192  -40.391  70.340 0.0000000000
59595  -35.886  -37.224  72.206 0.0000000000
61519  -35.882  -35.885  70.530 0.0000000000
54079  -25.592  -40.458  82.395 0.0000000000
52001  -27.122  -42.131  75.574 0.0000000000
51974  -25.264  -42.138  77.174 0.0000000000
75705  -50.900  -20.990  54.547 0.0000000000
78412  -50.638  -18.582  54.942 0.0000000000
48838  -2.091  -48.183  82.007 0.0000000000
46731  -2.768  -49.817  80.477 0.0000000000
45700  -2.475  -50.564  81.452 0.0000000000
67479  -46.844  -30.284  61.784 0.0000000000
63548  -43.613  -33.334  60.866 0.0000000000
65455  -44.229  -31.331  60.591 0.0000000000
67489  -44.909  -29.824  60.683 0.0000000000
44609  -15.261  -50.965  84.390 0.0000000000
45688  -16.403  -49.935  83.636 0.0000000000
53071  -3.425  -44.071  77.358 0.0000000000
54190  -3.799  -43.576  75.437 0.0000000000
50891  -4.445  -45.049  76.376 0.0000000000
46843  -7.430  -49.322  71.473 0.0000000000
48918  -9.002  -47.551  73.336 0.0000000000
48971  -8.964  -48.244  70.682 0.0000000000
44638  -8.255  -51.595  82.709 0.0000000000
39003  -7.923  -55.884  85.883 0.0000000000
42427  -7.414  -54.099  84.446 0.0000000000
39013  -7.199  -55.388  83.766 0.0000000000
39027  -6.057  -54.937  81.960 0.0000000000
37837  -7.601  -56.407  83.119 0.0000000000
55269  -35.363  -40.380  73.810 0.0000000000
53016  -27.103  -41.183  81.301 0.0000000000
50839  -28.810  -42.487  79.558 0.0000000000
50902  -29.325  -42.457  76.748 0.0000000000
75699  -53.159  -21.226  56.289 0.0000000000
73628  -51.106  -22.918  54.945 0.0000000000
63536  -44.871  -33.689  62.795 0.0000000000
61632  -42.497  -35.335  61.811 0.0000000000
53079  -19.432  -42.967  75.610 0.0000000000
50896  -18.142  -44.730  76.530 0.0000000000
54224  -4.450  -41.896  70.958 0.0000000000
47828  -4.896  -48.558  78.581 0.0000000000
48873  -5.770  -47.625  77.619 0.0000000000
46754  -5.544  -49.603  76.614 0.0000000000
46823  -5.729  -50.038  73.514 0.0000000000
45855  -6.559  -50.851  70.360 0.0000000000
45660  -12.322  -51.883  85.340 0.0000000000
44606  -10.216  -52.737  84.685 0.0000000000
42422  -11.509  -53.531  86.216 0.0000000000
39001  -9.794  -55.787  86.523 0.0000000000
62530  -38.664  -33.494  68.269 0.0000000000
61546  -35.886  -34.648  68.678 0.0000000000
54139  -21.535  -41.355  80.124 0.0000000000
53052  -26.060  -41.740  80.136 0.0000000000
53066  -24.042  -41.784  78.126 0.0000000000
54179  -21.700  -41.790  76.379 0.0000000000
53063  -3.439  -44.057  78.349 0.0000000000
51940  -3.303  -44.882  80.211 0.0000000000
49867  -3.795  -46.343  79.246 0.0000000000
46733  -3.631  -49.373  79.722 0.0000000000
44692  -3.395  -51.767  78.268 0.0000000000
40237  -4.713  -53.257  78.383 0.0000000000
68555  -50.014  -28.043  59.809 0.0000000000
68552  -46.972  -28.029  59.682 0.0000000000
45658  -13.626  -51.724  85.322 0.0000000000
42443  -13.937  -52.967  83.773 0.0000000000
41320  -13.252  -53.638  81.969 0.0000000000
49872  -17.866  -45.666  79.056 0.0000000000
47821  -17.758  -47.197  80.981 0.0000000000
46716  -17.099  -48.587  82.323 0.0000000000
44649  -15.653  -50.123  80.693 0.0000000000
43575  -13.850  -52.137  80.225 0.0000000000
56274  -4.232  -40.549  74.826 0.0000000000
54196  -4.098  -42.661  73.441 0.0000000000
53135  -6.130  -43.261  72.581 0.0000000000
50895  -7.161  -46.465  76.072 0.0000000000
50960  -8.434  -45.078  74.429 0.0000000000
53138  -9.299  -43.365  72.638 0.0000000000
45675  -4.206  -49.657  82.951 0.0000000000
43540  -7.445  -53.030  83.812 0.0000000000
43537  -5.313  -52.116  82.603 0.0000000000
44611  -3.523  -51.083  82.241 0.0000000000
41312  -3.972  -53.401  81.558 0.0000000000
40201  -4.842  -54.489  80.228 0.0000000000
40227  -6.547  -54.706  78.597 0.0000000000
34430  -7.111  -59.801  82.317 0.0000000000
36732  -7.590  -58.262  81.201 0.0000000000
39087  -8.472  -55.947  76.480 0.0000000000
53076  -34.993  -41.661  76.868 0.0000000000
54155  -34.384  -40.861  77.938 0.0000000000
51986  -33.983  -42.565  76.195 0.0000000000
53084  -35.222  -42.232  76.100 0.0000000000
51977  -33.181  -42.491  76.829 0.0000000000
50931  -33.090  -42.792  75.539 0.0000000000
53061  -33.349  -41.659  78.123 0.0000000000
51968  -32.416  -42.478  77.567 0.0000000000
70667  -51.966  -26.722  57.698 0.0000000000
68584  -49.465  -27.583  57.940 0.0000000000
68598  -49.150  -27.376  56.874 0.0000000000
69652  -49.926  -27.185  57.221 0.0000000000
69653  -50.746  -26.737  56.900 0.0000000000
62572  -40.845  -33.525  65.885 0.0000000000
61563  -42.018  -33.542  66.583 0.0000000000
61554  -41.491  -33.409  67.249 0.0000000000
61560  -37.786  -33.330  65.945 0.0000000000
63492  -39.204  -33.138  65.883 0.0000000000
62580  -40.101  -33.568  64.753 0.0000000000
41388  -5.314  -52.925  76.711 0.0000000000
42546  -4.886  -52.281  75.694 0.0000000000
41409  -6.145  -53.260  75.265 0.0000000000
41427  -7.156  -53.608  73.845 0.0000000000
41391  -7.195  -54.034  75.420 0.0000000000
39053  -12.350  -55.290  82.443 0.0000000000
37844  -12.190  -55.624  83.353 0.0000000000
58370  -36.453  -37.479  73.562 0.0000000000
58376  -35.424  -38.290  71.988 0.0000000000
59596  -36.296  -37.084  72.735 0.0000000000
60591  -36.638  -36.391  72.491 0.0000000000
76739  -52.158  -20.125  55.509 0.0000000000
77574  -51.047  -19.376  55.019 0.0000000000
78406  -51.770  -18.213  55.621 0.0000000000
48830  -2.279  -48.565  82.488 0.0000000000
46718  -2.363  -49.784  81.477 0.0000000000
46710  -2.498  -49.775  81.886 0.0000000000
65450  -46.261  -31.233  61.945 0.0000000000
66479  -47.617  -30.752  62.650 0.0000000000
63549  -44.348  -33.033  61.471 0.0000000000
64487  -43.710  -32.172  60.455 0.0000000000
65456  -45.009  -31.543  61.172 0.0000000000
66484  -45.801  -30.758  61.377 0.0000000000
46687  -16.306  -49.112  85.159 0.0000000000
46691  -16.872  -48.819  84.429 0.0000000000
54138  -20.191  -41.716  80.151 0.0000000000
54137  -19.247  -42.447  79.459 0.0000000000
54226  -5.459  -42.238  70.469 0.0000000000
51971  -3.678  -44.631  77.200 0.0000000000
51980  -3.836  -44.399  76.352 0.0000000000
50873  -4.438  -45.596  77.394 0.0000000000
46860  -7.295  -49.594  70.635 0.0000000000
47911  -7.973  -48.865  71.636 0.0000000000
47952  -8.372  -49.010  69.859 0.0000000000
45694  -8.350  -50.922  82.023 0.0000000000
44639  -9.210  -51.410  82.696 0.0000000000
37825  -7.956  -56.788  85.052 0.0000000000
39009  -7.586  -55.798  84.870 0.0000000000
37829  -7.638  -56.419  84.158 0.0000000000
39024  -7.344  -55.801  83.171 0.0000000000
37838  -7.862  -57.154  83.356 0.0000000000
54186  -35.996  -41.341  75.277 0.0000000000
53127  -34.900  -41.644  73.781 0.0000000000
55263  -36.010  -40.123  74.845 0.0000000000
56283  -35.826  -39.591  74.268 0.0000000000
50904  -31.004  -42.497  76.549 0.0000000000
50882  -30.230  -42.629  77.307 0.0000000000
50927  -30.069  -42.192  75.716 0.0000000000
52003  -28.822  -42.095  75.564 0.0000000000
73621  -52.884  -22.981  56.647 0.0000000000
72563  -52.157  -24.226  56.536 0.0000000000
72561  -51.150  -24.059  55.087 0.0000000000
73620  -52.392  -23.151  56.266 0.0000000000
74649  -52.292  -22.040  55.667 0.0000000000
62599  -44.225  -34.160  62.751 0.0000000000
63530  -45.090  -33.730  63.641 0.0000000000
62584  -44.427  -33.834  64.445 0.0000000000
61602  -41.807  -34.485  63.785 0.0000000000
61631  -41.339  -35.215  61.704 0.0000000000
61633  -43.009  -35.186  62.423 0.0000000000
62608  -43.421  -34.396  61.877 0.0000000000
57314  -3.691  -39.586  71.626 0.0000000000
55278  -3.957  -41.529  71.118 0.0000000000
56296  -3.711  -40.660  71.306 0.0000000000
46738  -4.591  -49.400  78.598 0.0000000000
46746  -5.295  -49.469  77.381 0.0000000000
46752  -4.640  -50.383  76.918 0.0000000000
44759  -5.365  -51.380  73.464 0.0000000000
45800  -5.168  -50.448  74.183 0.0000000000
45840  -5.593  -50.915  72.443 0.0000000000
45821  -6.020  -50.246  72.114 0.0000000000
44777  -5.894  -51.364  71.804 0.0000000000
43679  -6.375  -52.089  71.293 0.0000000000
43517  -12.894  -52.905  85.760 0.0000000000
43515  -11.944  -52.999  86.049 0.0000000000
42424  -12.538  -53.488  86.020 0.0000000000
37831  -11.593  -56.389  84.641 0.0000000000
39007  -11.256  -55.561  86.020 0.0000000000
36702  -10.543  -56.794  85.519 0.0000000000
36700  -9.435  -56.961  85.995 0.0000000000
62508  -38.700  -33.407  69.432 0.0000000000
61520  -36.818  -35.151  70.813 0.0000000000
61534  -35.916  -35.262  69.764 0.0000000000
61535  -36.765  -34.404  69.468 0.0000000000
62507  -37.694  -33.704  68.932 0.0000000000
55203  -23.112  -41.033  82.528 0.0000000000
55218  -22.118  -41.095  81.971 0.0000000000
54126  -22.964  -41.167  81.310 0.0000000000
51946  -27.622  -42.408  79.669 0.0000000000
53044  -26.780  -41.595  80.715 0.0000000000
51957  -26.884  -42.426  79.158 0.0000000000
51983  -24.100  -41.864  76.115 0.0000000000
51964  -24.602  -41.879  77.501 0.0000000000
53083  -23.765  -41.753  76.766 0.0000000000
54172  -22.477  -41.702  77.616 0.0000000000
53082  -22.961  -41.655  76.267 0.0000000000
53092  -21.564  -41.749  75.109 0.0000000000
49845  -2.652  -46.676  81.723 0.0000000000
49853  -2.773  -46.887  80.912 0.0000000000
50841  -3.248  -45.753  80.103 0.0000000000
48857  -3.014  -47.667  80.613 0.0000000000
48862  -3.674  -47.456  79.925 0.0000000000
47823  -3.328  -48.630  80.268 0.0000000000
44655  -2.838  -51.193  79.748 0.0000000000
44665  -3.158  -51.292  79.217 0.0000000000
43589  -3.037  -52.139  78.866 0.0000000000
42512  -3.832  -52.289  77.887 0.0000000000
41352  -3.575  -52.791  78.915 0.0000000000
68533  -49.381  -28.296  60.736 0.0000000000
67495  -51.044  -28.639  61.230 0.0000000000
68519  -50.172  -28.755  61.508 0.0000000000
68530  -46.271  -28.735  60.607 0.0000000000
68551  -45.971  -28.023  59.677 0.0000000000
68531  -47.312  -28.532  60.701 0.0000000000
68553  -47.987  -27.935  59.758 0.0000000000
46684  -14.383  -49.962  84.906 0.0000000000
43552  -15.571  -51.106  83.547 0.0000000000
43543  -15.082  -51.586  83.811 0.0000000000
42451  -14.652  -52.349  83.095 0.0000000000
41315  -13.662  -53.252  82.594 0.0000000000
42457  -14.189  -52.593  82.249 0.0000000000
48893  -17.511  -45.948  76.339 0.0000000000
49877  -17.831  -45.544  78.046 0.0000000000
48884  -17.509  -46.035  77.428 0.0000000000
46747  -16.286  -48.254  78.290 0.0000000000
47830  -17.365  -47.502  79.442 0.0000000000
46735  -17.024  -48.251  79.992 0.0000000000
46727  -17.631  -47.643  81.509 0.0000000000
45711  -16.845  -48.798  80.807 0.0000000000
45707  -16.282  -49.789  81.963 0.0000000000
44658  -15.669  -49.831  80.129 0.0000000000
43582  -13.648  -51.507  79.142 0.0000000000
56271  -4.212  -40.811  75.997 0.0000000000
50958  -4.601  -43.988  74.977 0.0000000000
53112  -4.362  -43.487  74.260 0.0000000000
53113  -4.820  -43.614  73.714 0.0000000000
53133  -4.941  -43.215  72.972 0.0000000000
52037  -5.652  -44.233  74.019 0.0000000000
48882  -6.849  -47.842  76.592 0.0000000000
49884  -6.861  -46.938  76.572 0.0000000000
48883  -7.334  -47.683  76.040 0.0000000000
48919  -9.354  -47.087  73.099 0.0000000000
49900  -8.853  -46.227  74.216 0.0000000000
49916  -9.548  -46.314  73.019 0.0000000000
52040  -8.957  -44.352  73.545 0.0000000000
50976  -10.046  -44.954  72.505 0.0000000000
52058  -10.161  -44.265  72.425 0.0000000000
45683  -4.710  -50.003  82.666 0.0000000000
43521  -9.646  -53.502  85.068 0.0000000000
43542  -8.661  -52.860  84.086 0.0000000000
43519  -8.428  -53.627  84.681 0.0000000000
41299  -6.381  -54.101  83.588 0.0000000000
42442  -6.097  -53.044  83.103 0.0000000000
42441  -5.598  -52.981  82.890 0.0000000000
43536  -4.713  -52.084  82.531 0.0000000000
43535  -4.219  -52.147  82.442 0.0000000000
43545  -3.372  -51.996  81.987 0.0000000000
41307  -4.487  -53.481  82.131 0.0000000000
39037  -6.268  -55.236  81.723 0.0000000000
39035  -5.107  -54.509  81.144 0.0000000000
39048  -5.778  -55.126  81.012 0.0000000000
40213  -5.218  -54.735  79.732 0.0000000000
40204  -6.988  -55.281  80.026 0.0000000000
34438  -6.707  -60.264  81.698 0.0000000000
35554  -6.974  -59.316  81.801 0.0000000000
55250  -36.630  -40.197  76.656 0.0000000000
50968  -33.630  -43.295  73.508 0.0000000000
52069  -34.022  -42.954  72.499 0.0000000000
52030  -34.577  -42.978  74.532 0.0000000000
53095  -35.795  -41.967  75.629 0.0000000000
50929  -31.715  -42.491  75.660 0.0000000000
50950  -32.237  -42.677  74.674 0.0000000000
50967  -33.112  -43.228  73.595 0.0000000000
50884  -31.657  -42.637  77.126 0.0000000000
71625  -52.508  -25.097  57.205 0.0000000000
68614  -48.045  -27.957  55.473 0.0000000000
69674  -48.813  -26.996  54.886 0.0000000000
70689  -49.491  -26.097  53.988 0.0000000000
69676  -49.946  -26.405  55.342 0.0000000000
70680  -51.182  -25.757  56.291 0.0000000000
61589  -42.631  -34.046  64.761 0.0000000000
61590  -43.145  -34.033  65.003 0.0000000000
61577  -42.631  -33.700  65.645 0.0000000000
63495  -43.073  -33.258  66.635 0.0000000000
60622  -35.328  -34.461  66.729 0.0000000000
61572  -36.559  -33.750  65.276 0.0000000000
61583  -36.461  -33.732  64.075 0.0000000000
61584  -37.469  -33.403  64.158 0.0000000000
61599  -38.535  -33.564  63.128 0.0000000000
61600  -39.701  -33.817  63.288 0.0000000000
62589  -41.403  -33.898  64.016 0.0000000000
45761  -4.032  -51.027  76.780 0.0000000000
45762  -4.378  -50.711  76.158 0.0000000000
43635  -4.468  -51.724  75.845 0.0000000000
43649  -5.364  -51.945  74.181 0.0000000000
42581  -5.812  -52.297  73.593 0.0000000000
42603  -6.458  -52.427  72.210 0.0000000000
42565  -6.697  -53.127  73.429 0.0000000000
42566  -7.273  -53.528  72.969 0.0000000000
40170  -12.934  -54.278  84.331 0.0000000000
40165  -12.659  -54.547  85.073 0.0000000000
37836  -12.583  -55.338  84.011 0.0000000000
61521  -37.844  -34.346  71.328 0.0000000000
55279  -34.717  -40.399  72.299 0.0000000000
54251  -34.759  -41.128  71.076 0.0000000000
56308  -34.575  -40.083  71.845 0.0000000000
57327  -34.720  -39.094  71.668 0.0000000000
58390  -34.832  -38.255  70.703 0.0000000000
60589  -35.620  -37.010  71.347 0.0000000000
61501  -36.568  -35.862  71.736 0.0000000000
54090  -24.811  -40.818  82.146 0.0000000000
50878  -26.973  -42.516  77.312 0.0000000000
50863  -26.436  -42.553  77.734 0.0000000000
50898  -26.082  -42.363  76.451 0.0000000000
51998  -24.905  -42.058  75.568 0.0000000000
76742  -49.336  -20.172  54.018 0.0000000000
77580  -49.808  -19.363  54.359 0.0000000000
78411  -49.933  -18.559  54.543 0.0000000000
80138  -49.603  -17.074  54.539 0.0000000000
48847  -2.289  -48.115  81.302 0.0000000000
47815  -2.477  -48.900  80.915 0.0000000000
46728  -2.383  -49.786  80.952 0.0000000000
45709  -2.397  -50.636  80.913 0.0000000000
43564  -2.619  -52.218  80.488 0.0000000000
67492  -47.833  -29.103  61.481 0.0000000000
67472  -48.998  -29.970  63.015 0.0000000000
65467  -43.143  -31.584  60.143 0.0000000000
66497  -42.806  -30.575  60.182 0.0000000000
67507  -43.226  -29.530  59.831 0.0000000000
66482  -44.445  -30.391  60.520 0.0000000000
67490  -45.646  -29.776  60.932 0.0000000000
46685  -15.021  -49.651  85.196 0.0000000000
45665  -15.907  -49.727  84.989 0.0000000000
44621  -15.963  -50.606  83.959 0.0000000000
43555  -15.572  -51.179  83.104 0.0000000000
45746  -15.320  -48.250  76.530 0.0000000000
44667  -14.691  -49.804  78.665 0.0000000000
54176  -3.538  -42.590  76.668 0.0000000000
54183  -3.570  -42.728  75.677 0.0000000000
54182  -3.612  -43.507  75.772 0.0000000000
50913  -4.338  -44.233  75.585 0.0000000000
50941  -5.326  -44.986  75.125 0.0000000000
47879  -7.552  -48.900  73.824 0.0000000000
47867  -7.881  -48.355  74.549 0.0000000000
47895  -8.060  -48.662  72.513 0.0000000000
47912  -8.536  -48.368  72.017 0.0000000000
48952  -9.719  -47.372  71.117 0.0000000000
46720  -7.607  -49.096  81.631 0.0000000000
45701  -6.773  -50.072  81.884 0.0000000000
44636  -6.363  -51.440  82.462 0.0000000000
40160  -8.196  -55.092  85.927 0.0000000000
42428  -7.874  -54.351  84.865 0.0000000000
41286  -7.762  -55.021  85.135 0.0000000000
41293  -7.020  -54.675  84.066 0.0000000000
40168  -6.235  -54.594  83.067 0.0000000000
40173  -5.896  -54.422  82.694 0.0000000000
40174  -6.510  -54.998  82.896 0.0000000000
39029  -7.201  -55.755  82.665 0.0000000000
37848  -7.546  -56.417  82.364 0.0000000000
52099  -34.524  -42.787  70.589 0.0000000000
52070  -34.227  -42.530  72.624 0.0000000000
53172  -34.297  -41.845  72.227 0.0000000000
54216  -34.651  -40.902  72.282 0.0000000000
56282  -35.443  -39.890  73.576 0.0000000000
57307  -35.840  -38.657  73.671 0.0000000000
50845  -28.138  -42.669  79.130 0.0000000000
50847  -29.441  -42.567  79.093 0.0000000000
50855  -28.769  -42.705  78.575 0.0000000000
50865  -27.921  -42.673  78.039 0.0000000000
50925  -28.207  -42.267  76.250 0.0000000000
72575  -49.992  -23.885  53.529 0.0000000000
74656  -50.711  -21.901  54.426 0.0000000000
75698  -52.430  -21.083  55.627 0.0000000000
63544  -45.291  -32.955  62.178 0.0000000000
64479  -46.446  -32.190  62.790 0.0000000000
63537  -45.555  -33.219  62.945 0.0000000000
61614  -39.542  -34.177  62.263 0.0000000000
62614  -42.473  -34.824  60.899 0.0000000000
63542  -43.900  -33.542  61.580 0.0000000000
54159  -19.652  -42.449  77.252 0.0000000000
53064  -18.884  -43.229  77.761 0.0000000000
51981  -18.566  -43.891  76.066 0.0000000000
49901  -17.963  -45.338  74.877 0.0000000000
54239  -4.454  -41.772  70.314 0.0000000000
53181  -5.522  -42.511  71.201 0.0000000000
48866  -4.482  -47.380  78.933 0.0000000000
49873  -4.701  -46.039  77.575 0.0000000000
48868  -5.383  -47.849  78.049 0.0000000000
47837  -6.089  -48.424  77.201 0.0000000000
46768  -6.135  -49.354  75.507 0.0000000000
46783  -4.861  -50.161  75.323 0.0000000000
46785  -5.671  -49.684  74.808 0.0000000000
46786  -6.382  -49.334  74.608 0.0000000000
46824  -6.275  -49.872  72.635 0.0000000000
44618  -10.213  -52.074  84.150 0.0000000000
44599  -11.459  -52.542  85.465 0.0000000000
43513  -10.655  -53.449  85.694 0.0000000000
42420  -9.933  -53.973  85.713 0.0000000000
40157  -12.018  -54.703  86.004 0.0000000000
41282  -10.393  -54.579  86.387 0.0000000000
41280  -9.146  -54.773  86.162 0.0000000000
39005  -8.644  -55.969  86.380 0.0000000000
37826  -8.214  -56.804  85.429 0.0000000000
35524  -8.302  -57.797  84.632 0.0000000000
62548  -39.507  -33.445  67.570 0.0000000000
62532  -40.405  -33.098  68.697 0.0000000000
62510  -40.406  -32.865  69.777 0.0000000000
55322  -34.209  -41.153  69.378 0.0000000000
60615  -35.135  -34.919  67.855 0.0000000000
62529  -37.713  -33.621  67.824 0.0000000000
55229  -21.424  -41.311  80.963 0.0000000000
54149  -20.348  -41.781  78.814 0.0000000000
53015  -26.267  -41.052  81.505 0.0000000000
53032  -26.061  -41.321  81.201 0.0000000000
54142  -24.687  -41.437  80.619 0.0000000000
51955  -25.523  -42.003  78.601 0.0000000000
53059  -24.892  -41.693  79.197 0.0000000000
54152  -23.765  -41.435  79.588 0.0000000000
54151  -22.624  -41.377  79.399 0.0000000000
54161  -21.534  -41.659  78.153 0.0000000000
54160  -20.491  -41.881  77.745 0.0000000000
54178  -20.644  -42.183  75.875 0.0000000000
81034  -49.291  -16.312  54.153 0.0000000000
81985  -49.343  -15.585  53.911 0.0000000000
81986  -49.535  -14.784  53.705 0.0000000000
51962  -3.623  -44.748  78.224 0.0000000000
50850  -3.595  -45.583  79.170 0.0000000000
48863  -4.131  -47.746  79.548 0.0000000000
47827  -4.401  -48.574  79.203 0.0000000000
45730  -4.084  -50.623  78.136 0.0000000000
46732  -3.263  -49.789  79.967 0.0000000000
45717  -3.505  -50.736  79.188 0.0000000000
45743  -3.902  -51.073  77.501 0.0000000000
43619  -3.804  -51.869  77.403 0.0000000000
41387  -4.680  -52.635  77.091 0.0000000000
41370  -5.699  -53.346  77.356 0.0000000000
68571  -50.406  -27.775  58.882 0.0000000000
68549  -43.999  -28.464  59.322 0.0000000000
68550  -44.976  -28.207  59.579 0.0000000000
69639  -45.991  -27.728  57.934 0.0000000000
68568  -47.682  -27.787  58.623 0.0000000000
68569  -48.676  -27.688  58.795 0.0000000000
44602  -12.987  -51.902  85.491 0.0000000000
43518  -13.413  -52.702  85.461 0.0000000000
44604  -14.666  -51.236  84.748 0.0000000000
43533  -14.041  -52.695  84.507 0.0000000000
41297  -13.263  -53.565  84.571 0.0000000000
41314  -13.111  -53.959  82.752 0.0000000000
51963  -18.421  -44.169  78.278 0.0000000000
50851  -18.114  -45.217  79.537 0.0000000000
50843  -18.150  -45.262  80.869 0.0000000000
47839  -17.309  -46.640  77.901 0.0000000000
47826  -17.775  -46.917  80.043 0.0000000000
48855  -17.951  -46.054  81.557 0.0000000000
48836  -17.939  -46.832  82.583 0.0000000000
47792  -17.667  -47.571  83.296 0.0000000000
46699  -16.994  -48.593  83.814 0.0000000000
45689  -16.587  -49.464  83.333 0.0000000000
45698  -16.146  -50.086  82.438 0.0000000000
44644  -15.030  -51.240  81.696 0.0000000000
44657  -15.065  -50.202  79.850 0.0000000000
44647  -14.347  -51.587  80.614 0.0000000000
43557  -14.454  -52.099  81.764 0.0000000000
42465  -13.547  -53.118  81.291 0.0000000000
56281  -4.022  -40.727  73.641 0.0000000000
55261  -3.735  -41.803  74.668 0.0000000000
55268  -3.806  -41.845  73.504 0.0000000000
56288  -3.858  -40.729  72.465 0.0000000000
53156  -4.658  -42.742  72.583 0.0000000000
53157  -4.992  -42.727  72.134 0.0000000000
53159  -6.157  -42.810  71.688 0.0000000000
49882  -5.477  -46.022  76.844 0.0000000000
50893  -5.801  -45.818  76.346 0.0000000000
51993  -6.439  -45.234  75.165 0.0000000000
49892  -8.300  -46.672  75.082 0.0000000000
50943  -7.882  -45.363  75.062 0.0000000000
52017  -7.167  -44.991  74.934 0.0000000000
53116  -6.869  -43.598  73.431 0.0000000000
53117  -7.973  -43.577  73.328 0.0000000000
54201  -7.555  -42.721  71.937 0.0000000000
54203  -9.246  -42.707  72.029 0.0000000000
44630  -9.191  -51.968  83.442 0.0000000000
44628  -7.263  -52.440  83.252 0.0000000000
44627  -6.279  -51.949  82.688 0.0000000000
43528  -7.349  -53.492  84.023 0.0000000000
43539  -6.838  -52.958  83.472 0.0000000000
44626  -5.451  -51.217  82.410 0.0000000000
44624  -4.477  -50.676  82.509 0.0000000000
45673  -3.654  -50.397  82.476 0.0000000000
46692  -3.132  -49.980  82.396 0.0000000000
44634  -2.995  -51.245  81.813 0.0000000000
43556  -2.746  -52.090  81.119 0.0000000000
42455  -2.959  -52.813  80.720 0.0000000000
40184  -4.709  -54.111  81.434 0.0000000000
40190  -3.902  -53.690  80.512 0.0000000000
41334  -3.738  -53.402  79.589 0.0000000000
40224  -4.709  -53.718  78.954 0.0000000000
40239  -5.690  -53.969  78.297 0.0000000000
41357  -6.530  -54.031  77.225 0.0000000000
35536  -8.083  -58.566  83.927 0.0000000000
34422  -7.513  -59.900  82.622 0.0000000000
35539  -7.838  -58.812  83.403 0.0000000000
36718  -7.724  -58.095  82.873 0.0000000000
37849  -7.798  -57.161  82.280 0.0000000000
39051  -7.991  -56.924  81.284 0.0000000000
37859  -7.948  -57.520  80.249 0.0000000000
39060  -8.095  -56.233  80.277 0.0000000000
40216  -7.879  -55.542  79.454 0.0000000000
40242  -8.126  -55.236  77.403 0.0000000000
40254  -7.456  -54.404  76.464 0.0000000000
40265  -8.385  -55.253  74.884 0.0000000000
39114  -8.419  -56.068  73.811 0.0000000000
51979  -34.515  -41.958  76.786 0.0000000000
53070  -34.790  -41.322  77.274 0.0000000000
53069  -34.196  -41.571  77.434 0.0000000000
51987  -34.591  -42.248  76.450 0.0000000000
51985  -33.448  -42.715  75.964 0.0000000000
51970  -33.748  -41.905  77.384 0.0000000000
51969  -33.209  -42.119  77.621 0.0000000000
53062  -33.929  -41.335  77.885 0.0000000000
69644  -52.188  -27.044  58.204 0.0000000000
69632  -52.623  -27.096  58.675 0.0000000000
69631  -51.948  -27.528  58.491 0.0000000000
69642  -50.428  -27.504  57.882 0.0000000000
69641  -49.862  -27.454  57.595 0.0000000000
69643  -51.618  -27.076  57.850 0.0000000000
61561  -40.919  -33.490  66.866 0.0000000000
61552  -40.853  -33.463  67.299 0.0000000000
62559  -39.341  -33.447  66.821 0.0000000000
62558  -38.525  -33.233  66.304 0.0000000000
63494  -39.740  -33.556  66.526 0.0000000000
63512  -39.995  -33.647  66.114 0.0000000000
41389  -5.939  -53.234  76.270 0.0000000000
41408  -5.493  -52.783  75.702 0.0000000000
41390  -6.547  -53.624  75.822 0.0000000000
41410  -6.813  -53.647  74.839 0.0000000000
39041  -12.100  -55.683  82.604 0.0000000000
58378  -36.253  -37.382  73.075 0.0000000000
47793  -2.484  -49.156  82.398 0.0000000000
65451  -46.843  -31.460  62.593 0.0000000000
64489  -45.065  -32.417  61.592 0.0000000000
64488  -44.326  -32.306  61.022 0.0000000000
65457  -45.591  -31.707  61.695 0.0000000000
47769  -16.893  -47.541  85.601 0.0000000000
47773  -16.722  -48.320  85.336 0.0000000000
47780  -17.004  -48.410  84.920 0.0000000000
54227  -6.173  -42.228  70.455 0.0000000000
50860  -3.964  -45.447  78.122 0.0000000000
50872  -4.025  -44.957  76.881 0.0000000000
47951  -7.717  -49.420  70.195 0.0000000000
44640  -9.978  -51.132  82.740 0.0000000000
37830  -7.906  -56.995  84.418 0.0000000000
39015  -7.678  -56.318  84.750 0.0000000000
37834  -7.858  -57.094  83.868 0.0000000000
55253  -36.394  -40.615  75.831 0.0000000000
55256  -36.112  -40.722  75.044 0.0000000000
55257  -36.460  -40.068  75.537 0.0000000000
56276  -36.412  -39.404  75.202 0.0000000000
50928  -30.987  -42.300  75.780 0.0000000000
50903  -30.206  -42.487  76.624 0.0000000000
73614  -52.837  -23.304  56.795 0.0000000000
72562  -51.560  -23.973  55.600 0.0000000000
62591  -43.820  -34.518  63.442 0.0000000000
62592  -44.398  -34.091  63.559 0.0000000000
62583  -43.778  -34.168  64.372 0.0000000000
61603  -42.539  -34.882  64.066 0.0000000000
61617  -42.455  -35.173  63.015 0.0000000000
61618  -43.300  -35.030  63.113 0.0000000000
58369  -3.753  -38.502  72.043 0.0000000000
46744  -4.476  -50.197  77.974 0.0000000000
46745  -4.918  -49.658  77.788 0.0000000000
43677  -5.543  -51.490  72.901 0.0000000000
45819  -5.397  -50.828  73.229 0.0000000000
44776  -5.592  -51.292  72.564 0.0000000000
42425  -12.964  -53.303  85.569 0.0000000000
43516  -12.432  -53.022  85.990 0.0000000000
41290  -12.692  -53.875  85.652 0.0000000000
36703  -11.037  -56.539  85.262 0.0000000000
53211  -34.519  -42.313  70.318 0.0000000000
62489  -37.733  -33.991  70.183 0.0000000000
54089  -23.987  -40.896  82.301 0.0000000000
54110  -23.975  -41.125  81.848 0.0000000000
54109  -23.069  -41.183  81.985 0.0000000000
50844  -27.483  -42.586  79.151 0.0000000000
51945  -27.009  -42.288  79.659 0.0000000000
53093  -22.631  -41.544  75.343 0.0000000000
53105  -22.248  -41.429  74.371 0.0000000000
49852  -2.456  -47.537  81.214 0.0000000000
43580  -2.791  -52.206  79.424 0.0000000000
44664  -2.868  -51.711  79.302 0.0000000000
42483  -3.165  -52.562  79.084 0.0000000000
68532  -48.363  -28.298  60.730 0.0000000000
68518  -49.589  -28.736  61.552 0.0000000000
43551  -15.128  -51.754  83.292 0.0000000000
42458  -14.645  -52.269  82.681 0.0000000000
47849  -17.185  -46.459  76.811 0.0000000000
46739  -16.479  -48.523  79.354 0.0000000000
46734  -16.612  -48.694  79.926 0.0000000000
45716  -16.686  -48.751  80.212 0.0000000000
45715  -16.164  -49.261  80.036 0.0000000000
52014  -5.030  -44.222  74.581 0.0000000000
52035  -4.794  -43.905  74.355 0.0000000000
52036  -5.151  -44.040  74.094 0.0000000000
53114  -5.297  -43.719  73.463 0.0000000000
47847  -7.040  -48.355  76.027 0.0000000000
47857  -7.413  -48.366  75.370 0.0000000000
48934  -9.588  -47.239  72.251 0.0000000000
50975  -9.698  -45.330  72.939 0.0000000000
50989  -10.114  -45.589  72.242 0.0000000000
50990  -10.412  -45.248  71.878 0.0000000000
49926  -10.263  -45.980  71.780 0.0000000000
45691  -5.645  -50.292  82.387 0.0000000000
45684  -5.188  -50.128  82.546 0.0000000000
42430  -9.259  -53.886  85.316 0.0000000000
43520  -8.888  -53.606  84.861 0.0000000000
42429  -8.388  -54.179  85.150 0.0000000000
41304  -5.976  -53.593  83.216 0.0000000000
42440  -4.932  -52.897  82.665 0.0000000000
42439  -4.363  -52.829  82.418 0.0000000000
41302  -5.078  -53.585  82.562 0.0000000000
39049  -6.563  -55.490  81.282 0.0000000000
39058  -6.129  -55.220  80.365 0.0000000000
39059  -7.133  -55.530  80.680 0.0000000000
33305  -6.157  -60.853  80.532 0.0000000000
33297  -6.573  -61.065  81.202 0.0000000000
34446  -6.392  -60.566  80.985 0.0000000000
54181  -36.171  -41.193  76.149 0.0000000000
52051  -34.115  -43.133  73.468 0.0000000000
53094  -35.218  -42.519  75.135 0.0000000000
50930  -32.391  -42.636  75.559 0.0000000000
50932  -33.519  -42.936  75.234 0.0000000000
50952  -33.455  -43.103  74.596 0.0000000000
50885  -32.320  -42.615  77.104 0.0000000000
50871  -32.072  -42.594  77.552 0.0000000000
50905  -31.721  -42.568  76.445 0.0000000000
71626  -53.032  -25.092  57.648 0.0000000000
68582  -47.445  -27.998  57.487 0.0000000000
68596  -47.168  -28.248  56.569 0.0000000000
68615  -48.724  -27.517  55.881 0.0000000000
68629  -48.010  -27.921  54.805 0.0000000000
68631  -49.004  -27.144  55.565 0.0000000000
69675  -49.368  -26.739  55.175 0.0000000000
69663  -49.612  -26.765  55.732 0.0000000000
70674  -51.701  -26.037  56.903 0.0000000000
69654  -51.119  -26.231  56.579 0.0000000000
61588  -42.109  -33.951  64.522 0.0000000000
61576  -41.926  -33.642  65.660 0.0000000000
63475  -42.714  -33.073  67.250 0.0000000000
61558  -36.143  -33.789  66.489 0.0000000000
61574  -38.223  -33.112  65.458 0.0000000000
61573  -37.585  -33.379  65.240 0.0000000000
62581  -40.925  -33.638  64.655 0.0000000000
61587  -40.471  -33.656  64.266 0.0000000000
62590  -41.634  -33.850  64.369 0.0000000000
43620  -4.107  -51.779  76.680 0.0000000000
44709  -4.130  -51.257  76.226 0.0000000000
42547  -5.342  -52.368  74.920 0.0000000000
42582  -6.327  -52.625  73.081 0.0000000000
42564  -6.124  -52.766  73.902 0.0000000000
41428  -7.882  -54.439  73.038 0.0000000000
40175  -13.020  -54.365  84.006 0.0000000000
39025  -12.733  -55.020  83.876 0.0000000000
56298  -34.824  -39.857  72.289 0.0000000000
57315  -35.126  -38.969  72.106 0.0000000000
58391  -34.940  -38.426  71.199 0.0000000000
59594  -35.548  -37.489  71.440 0.0000000000
59600  -35.247  -37.792  70.879 0.0000000000
54078  -24.830  -40.518  82.534 0.0000000000
50899  -26.782  -42.403  76.691 0.0000000000
50923  -26.599  -42.314  76.071 0.0000000000
75711  -50.103  -21.043  54.141 0.0000000000
76743  -50.297  -20.206  54.365 0.0000000000
77581  -50.521  -19.633  54.621 0.0000000000
77573  -50.403  -19.100  54.673 0.0000000000
79247  -50.142  -17.853  54.785 0.0000000000
47807  -2.181  -48.972  81.458 0.0000000000
44646  -2.465  -51.420  80.964 0.0000000000
67480  -47.396  -30.028  61.975 0.0000000000
67481  -48.664  -29.556  62.348 0.0000000000
63558  -42.801  -33.888  60.239 0.0000000000
65454  -43.697  -31.581  60.402 0.0000000000
65468  -43.697  -31.269  60.378 0.0000000000
66498  -43.702  -30.595  60.304 0.0000000000
66477  -46.481  -30.564  61.706 0.0000000000
67491  -46.661  -29.708  61.379 0.0000000000
46686  -15.744  -49.088  85.396 0.0000000000
45671  -16.579  -49.436  84.369 0.0000000000
45670  -16.223  -49.854  84.549 0.0000000000
45679  -16.401  -50.014  84.016 0.0000000000
44632  -16.039  -50.525  83.490 0.0000000000
45732  -15.598  -48.556  77.682 0.0000000000
45745  -14.782  -48.825  77.063 0.0000000000
54175  -3.436  -43.416  76.555 0.0000000000
53078  -3.551  -44.041  76.477 0.0000000000
50890  -4.177  -44.561  76.093 0.0000000000
50914  -4.552  -44.595  75.676 0.0000000000
50915  -4.893  -45.019  75.755 0.0000000000
46825  -7.095  -49.435  72.352 0.0000000000
46807  -7.558  -49.012  72.965 0.0000000000
46826  -7.638  -49.095  72.165 0.0000000000
47930  -8.408  -48.569  71.056 0.0000000000
48951  -9.098  -48.007  71.591 0.0000000000
45702  -7.521  -50.148  81.679 0.0000000000
45693  -7.366  -50.910  82.112 0.0000000000
45692  -6.339  -50.525  82.158 0.0000000000
44637  -7.260  -51.660  82.621 0.0000000000
40159  -7.921  -55.438  85.725 0.0000000000
41287  -7.964  -54.862  85.362 0.0000000000
40158  -7.713  -55.508  85.203 0.0000000000
39014  -7.451  -55.766  84.310 0.0000000000
40164  -7.478  -55.213  84.630 0.0000000000
40163  -7.174  -55.192  84.053 0.0000000000
40169  -6.643  -54.804  83.378 0.0000000000
39018  -7.050  -55.328  83.241 0.0000000000
39038  -7.097  -55.838  82.109 0.0000000000
37841  -7.545  -56.397  82.657 0.0000000000
52098  -34.369  -43.116  70.779 0.0000000000
52084  -34.226  -42.452  71.667 0.0000000000
52052  -34.462  -42.733  73.502 0.0000000000
54197  -35.098  -41.032  73.812 0.0000000000
53151  -34.556  -41.449  73.038 0.0000000000
53173  -34.480  -41.400  72.257 0.0000000000
54205  -34.752  -40.873  73.075 0.0000000000
55274  -34.988  -40.321  73.042 0.0000000000
50979  -31.545  -42.777  72.860 0.0000000000
51935  -28.329  -42.310  80.039 0.0000000000
51947  -28.230  -42.490  79.618 0.0000000000
50849  -30.636  -42.515  78.604 0.0000000000
50857  -30.168  -42.621  78.369 0.0000000000
50881  -29.448  -42.608  77.412 0.0000000000
50867  -29.482  -42.708  77.979 0.0000000000
50866  -28.719  -42.705  78.048 0.0000000000
50880  -28.615  -42.564  77.476 0.0000000000
50879  -27.781  -42.516  77.451 0.0000000000
50901  -28.437  -42.402  76.867 0.0000000000
52027  -28.487  -41.790  74.852 0.0000000000
70683  -50.212  -26.045  54.738 0.0000000000
70682  -50.197  -25.859  53.976 0.0000000000
71634  -50.580  -25.615  54.031 0.0000000000
72567  -50.872  -23.766  54.571 0.0000000000
72576  -50.569  -23.982  53.958 0.0000000000
73637  -50.064  -23.074  54.007 0.0000000000
73627  -50.564  -22.721  54.371 0.0000000000
74664  -50.011  -21.996  54.058 0.0000000000
75697  -52.099  -21.434  55.368 0.0000000000
63545  -45.763  -32.725  62.603 0.0000000000
63524  -45.117  -33.559  64.515 0.0000000000
63531  -45.795  -33.325  63.715 0.0000000000
62575  -43.623  -33.530  65.494 0.0000000000
61645  -41.902  -35.277  60.859 0.0000000000
62609  -43.931  -34.165  62.303 0.0000000000
63543  -44.398  -33.670  62.017 0.0000000000
63550  -44.814  -33.047  61.759 0.0000000000
53072  -19.029  -43.112  76.685 0.0000000000
51995  -18.674  -43.905  74.979 0.0000000000
50946  -18.474  -44.813  74.473 0.0000000000
56306  -3.639  -40.704  70.211 0.0000000000
55286  -4.064  -41.496  70.411 0.0000000000
54225  -4.933  -42.177  70.785 0.0000000000
53180  -5.156  -42.496  71.484 0.0000000000
48867  -4.968  -47.469  78.357 0.0000000000
47829  -5.224  -48.318  78.206 0.0000000000
47836  -5.631  -48.716  77.599 0.0000000000
46755  -5.969  -49.381  76.211 0.0000000000
45781  -4.736  -50.384  75.246 0.0000000000
45801  -5.473  -50.196  73.753 0.0000000000
46804  -5.348  -49.970  74.286 0.0000000000
46805  -5.991  -49.727  73.897 0.0000000000
46806  -6.853  -49.371  73.541 0.0000000000
46858  -6.400  -50.460  70.947 0.0000000000
46841  -6.337  -50.170  71.497 0.0000000000
42583  -6.930  -53.032  72.481 0.0000000000
42604  -7.014  -53.161  71.178 0.0000000000
45666  -11.538  -51.718  84.698 0.0000000000
44608  -11.794  -52.012  85.214 0.0000000000
43514  -11.326  -53.228  85.975 0.0000000000
42421  -10.777  -53.710  86.074 0.0000000000
40161  -12.458  -54.528  85.550 0.0000000000
39012  -11.911  -55.290  85.576 0.0000000000
39006  -10.690  -55.807  86.287 0.0000000000
40155  -11.026  -55.245  86.370 0.0000000000
40149  -10.095  -55.490  86.522 0.0000000000
41276  -9.978  -54.896  86.484 0.0000000000
40148  -9.654  -55.354  86.512 0.0000000000
40153  -8.993  -55.361  86.427 0.0000000000
38999  -9.067  -55.773  86.492 0.0000000000
35520  -8.952  -57.300  85.692 0.0000000000
36698  -8.635  -56.773  85.910 0.0000000000
36705  -8.528  -57.151  85.499 0.0000000000
36704  -8.248  -57.444  84.876 0.0000000000
62531  -39.608  -33.261  68.539 0.0000000000
55306  -34.627  -40.941  70.673 0.0000000000
60610  -35.130  -35.542  68.960 0.0000000000
55230  -22.080  -41.202  81.333 0.0000000000
55228  -20.848  -41.455  80.651 0.0000000000
53043  -26.263  -41.616  80.576 0.0000000000
53042  -25.491  -41.529  80.609 0.0000000000
53031  -25.535  -41.380  81.074 0.0000000000
51975  -25.802  -42.327  77.626 0.0000000000
51966  -25.984  -42.358  78.157 0.0000000000
53067  -24.794  -41.805  78.501 0.0000000000
53058  -24.216  -41.656  78.815 0.0000000000
54153  -24.546  -41.488  79.973 0.0000000000
54163  -23.494  -41.558  78.831 0.0000000000
54180  -22.408  -41.698  76.945 0.0000000000
54171  -21.562  -41.784  77.276 0.0000000000
54170  -20.644  -42.053  76.798 0.0000000000
53104  -21.029  -41.887  74.099 0.0000000000
53091  -20.375  -42.354  75.007 0.0000000000
80139  -50.413  -17.078  55.160 0.0000000000
81023  -49.784  -16.336  54.754 0.0000000000
83040  -49.914  -14.468  54.219 0.0000000000
54157  -3.395  -43.263  78.525 0.0000000000
51926  -3.213  -44.853  81.196 0.0000000000
49861  -3.347  -46.583  80.030 0.0000000000
48865  -4.034  -46.988  79.329 0.0000000000
47824  -3.904  -48.585  79.732 0.0000000000
46737  -4.146  -49.743  79.052 0.0000000000
47822  -2.906  -49.117  80.524 0.0000000000
45713  -3.039  -50.617  79.851 0.0000000000
44678  -3.440  -51.391  78.556 0.0000000000
45729  -3.743  -50.994  78.302 0.0000000000
44693  -3.649  -51.512  77.828 0.0000000000
41367  -4.167  -52.666  78.073 0.0000000000
41386  -4.273  -52.540  77.611 0.0000000000
41368  -4.606  -52.876  77.853 0.0000000000
41369  -5.066  -53.042  77.492 0.0000000000
40251  -4.905  -53.120  77.943 0.0000000000
68556  -51.186  -28.162  59.548 0.0000000000
68535  -51.474  -28.466  60.579 0.0000000000
62533  -41.027  -33.024  68.810 0.0000000000
67508  -44.332  -29.400  60.188 0.0000000000
68565  -44.834  -27.729  58.436 0.0000000000
68566  -45.824  -27.727  58.515 0.0000000000
69629  -46.241  -27.786  58.251 0.0000000000
68567  -46.648  -27.822  58.426 0.0000000000
68554  -49.006  -27.866  59.841 0.0000000000
68570  -49.594  -27.688  58.965 0.0000000000
45661  -12.925  -51.440  85.121 0.0000000000
44596  -13.270  -52.164  85.501 0.0000000000
44597  -13.764  -52.034  85.341 0.0000000000
45664  -15.307  -50.277  85.015 0.0000000000
45663  -14.433  -50.763  84.989 0.0000000000
42444  -14.355  -52.473  83.940 0.0000000000
43534  -14.498  -52.014  84.393 0.0000000000
42438  -14.182  -52.612  84.221 0.0000000000
42432  -13.632  -52.952  84.888 0.0000000000
42437  -13.817  -53.020  84.225 0.0000000000
41301  -13.478  -53.527  83.987 0.0000000000
41305  -13.575  -53.458  83.757 0.0000000000
40194  -12.675  -54.690  82.310 0.0000000000
40207  -12.791  -54.410  81.618 0.0000000000
51972  -18.473  -44.008  77.161 0.0000000000
50862  -18.130  -45.008  78.685 0.0000000000
50842  -18.202  -45.121  80.340 0.0000000000
49868  -18.012  -45.738  79.925 0.0000000000
47848  -16.900  -47.007  77.295 0.0000000000
47838  -17.109  -47.257  78.391 0.0000000000
47825  -17.526  -47.606  80.371 0.0000000000
48861  -17.899  -46.430  80.792 0.0000000000
48854  -17.917  -46.542  81.457 0.0000000000
48845  -17.940  -46.779  82.008 0.0000000000
47814  -17.843  -47.097  81.638 0.0000000000
46726  -17.268  -48.366  81.576 0.0000000000
46717  -17.559  -47.911  82.187 0.0000000000
46709  -17.428  -48.058  82.831 0.0000000000
46700  -17.306  -48.121  83.380 0.0000000000
46708  -16.967  -48.691  83.047 0.0000000000
44645  -15.589  -50.581  81.880 0.0000000000
44666  -14.152  -50.552  78.971 0.0000000000
44656  -14.305  -51.156  80.008 0.0000000000
43565  -14.331  -51.970  81.112 0.0000000000
42475  -13.861  -52.588  80.933 0.0000000000
57295  -4.547  -39.346  74.902 0.0000000000
57294  -4.428  -39.853  74.514 0.0000000000
57299  -4.326  -39.595  73.916 0.0000000000
54191  -3.745  -43.086  74.731 0.0000000000
55273  -3.927  -41.801  72.287 0.0000000000
54200  -4.341  -42.499  72.682 0.0000000000
53134  -5.453  -43.265  72.740 0.0000000000
53158  -5.564  -42.812  71.974 0.0000000000
49874  -5.250  -46.445  77.464 0.0000000000
50894  -6.665  -46.117  76.242 0.0000000000
50917  -6.384  -45.548  75.696 0.0000000000
47881  -8.605  -47.798  73.754 0.0000000000
48899  -8.198  -47.720  74.761 0.0000000000
48900  -8.507  -47.315  74.505 0.0000000000
50945  -8.910  -45.913  74.136 0.0000000000
50944  -8.469  -45.719  74.658 0.0000000000
52018  -8.051  -45.023  74.761 0.0000000000
52038  -6.537  -44.262  74.142 0.0000000000
52039  -7.931  -44.369  74.213 0.0000000000
53118  -8.837  -43.668  73.103 0.0000000000
53137  -8.184  -43.132  72.658 0.0000000000
54202  -8.470  -42.781  72.183 0.0000000000
46694  -3.748  -49.175  83.242 0.0000000000
44617  -9.184  -52.664  84.130 0.0000000000
43541  -8.111  -53.083  84.121 0.0000000000
44616  -8.171  -52.782  83.888 0.0000000000
44615  -7.745  -52.887  83.833 0.0000000000
43550  -6.792  -52.622  83.235 0.0000000000
42436  -7.810  -53.857  84.563 0.0000000000
42435  -7.435  -53.937  84.393 0.0000000000
43538  -6.297  -52.804  83.081 0.0000000000
43549  -6.221  -52.325  82.811 0.0000000000
43548  -5.521  -51.871  82.559 0.0000000000
44625  -4.894  -50.956  82.441 0.0000000000
43547  -4.838  -51.762  82.578 0.0000000000
44612  -3.849  -51.301  82.378 0.0000000000
44613  -4.385  -51.097  82.458 0.0000000000
45672  -3.400  -50.724  82.248 0.0000000000
45681  -2.928  -50.592  81.990 0.0000000000
44622  -3.427  -51.316  82.153 0.0000000000
42445  -3.516  -52.647  81.769 0.0000000000
43553  -3.032  -51.986  81.591 0.0000000000
42449  -3.238  -52.719  81.295 0.0000000000
41319  -3.546  -53.318  80.905 0.0000000000
40178  -5.844  -54.637  82.148 0.0000000000
40177  -5.183  -54.187  82.033 0.0000000000
39026  -5.473  -54.558  81.681 0.0000000000
40192  -4.902  -54.469  80.639 0.0000000000
40191  -4.569  -54.206  80.730 0.0000000000
40199  -3.744  -53.598  80.186 0.0000000000
40200  -4.101  -53.904  80.005 0.0000000000
40211  -4.238  -53.603  79.363 0.0000000000
40212  -4.685  -54.145  79.558 0.0000000000
40214  -5.959  -55.026  79.516 0.0000000000
40226  -5.715  -54.564  78.829 0.0000000000
40240  -6.270  -54.244  78.002 0.0000000000
33270  -8.063  -59.722  83.171 0.0000000000
35542  -7.533  -58.948  82.873 0.0000000000
35547  -7.261  -59.059  82.413 0.0000000000
36731  -7.256  -58.720  81.498 0.0000000000
36724  -7.555  -58.273  82.271 0.0000000000
36725  -7.664  -58.041  81.828 0.0000000000
37850  -7.831  -57.554  81.631 0.0000000000
37854  -7.886  -57.770  80.992 0.0000000000
39061  -8.258  -56.702  79.632 0.0000000000
39068  -8.209  -55.953  79.715 0.0000000000
39069  -8.289  -56.342  79.257 0.0000000000
40241  -7.227  -54.473  77.361 0.0000000000
40255  -8.106  -54.890  76.162 0.0000000000
41373  -7.524  -54.341  75.924 0.0000000000
53077  -35.520  -41.391  76.789 0.0000000000
54173  -35.436  -41.236  76.972 0.0000000000
54165  -35.258  -40.874  77.374 0.0000000000
54156  -35.085  -40.472  77.825 0.0000000000
52006  -33.913  -42.972  75.282 0.0000000000
52007  -34.632  -42.683  75.661 0.0000000000
50907  -32.887  -42.647  76.454 0.0000000000
52005  -33.515  -42.851  75.504 0.0000000000
51960  -32.340  -42.146  78.342 0.0000000000
50886  -32.777  -42.595  76.857 0.0000000000
70668  -52.447  -26.401  57.881 0.0000000000
70669  -52.961  -25.937  58.070 0.0000000000
70662  -52.816  -26.620  58.441 0.0000000000
68597  -47.969  -27.991  56.415 0.0000000000
69651  -49.593  -27.394  57.405 0.0000000000
68599  -49.870  -26.920  56.583 0.0000000000
68600  -50.122  -26.747  56.404 0.0000000000
70673  -51.726  -26.616  57.426 0.0000000000
62573  -41.454  -33.560  65.744 0.0000000000
61575  -41.357  -33.529  66.203 0.0000000000
62551  -41.832  -33.198  67.707 0.0000000000
61559  -37.165  -33.567  66.222 0.0000000000
62557  -37.755  -33.413  66.373 0.0000000000
62570  -38.961  -32.944  65.375 0.0000000000
62579  -39.460  -33.235  64.833 0.0000000000
63523  -39.684  -33.384  65.240 0.0000000000
62571  -40.204  -33.603  65.401 0.0000000000
41407  -4.955  -52.582  76.331 0.0000000000
41425  -5.848  -52.839  74.721 0.0000000000
41426  -6.432  -53.231  74.325 0.0000000000
39042  -12.404  -55.207  82.849 0.0000000000
39031  -12.440  -55.294  83.357 0.0000000000
39030  -12.150  -55.561  82.990 0.0000000000
37843  -11.877  -55.975  82.911 0.0000000000
57317  -35.865  -37.960  73.190 0.0000000000
57316  -35.443  -38.874  72.684 0.0000000000
58377  -35.811  -37.749  72.678 0.0000000000
55176  -25.811  -40.147  82.692 0.0000000000
52000  -26.354  -42.102  75.466 0.0000000000
76738  -51.611  -20.079  55.179 0.0000000000
76737  -51.031  -20.178  54.761 0.0000000000
77575  -51.762  -19.446  55.397 0.0000000000
79243  -52.572  -17.858  56.217 0.0000000000
47800  -2.236  -49.075  81.993 0.0000000000
66478  -46.874  -30.717  62.127 0.0000000000
65452  -47.357  -31.338  62.854 0.0000000000
46690  -16.691  -49.040  84.838 0.0000000000
45680  -16.640  -49.396  83.955 0.0000000000
55216  -20.269  -41.663  81.313 0.0000000000
54240  -4.814  -41.878  69.885 0.0000000000
54255  -4.984  -41.688  69.264 0.0000000000
54241  -5.491  -41.948  69.725 0.0000000000
47929  -7.837  -49.128  70.777 0.0000000000
39010  -7.741  -56.023  85.393 0.0000000000
39019  -7.418  -55.856  83.723 0.0000000000
37833  -7.637  -56.434  83.615 0.0000000000
53107  -35.377  -41.953  74.580 0.0000000000
54192  -35.588  -41.253  74.473 0.0000000000
55262  -35.652  -40.635  74.418 0.0000000000
50981  -32.768  -43.363  72.603 0.0000000000
50883  -30.948  -42.632  77.194 0.0000000000
50868  -30.200  -42.673  77.864 0.0000000000
50926  -29.065  -42.291  76.153 0.0000000000
52004  -29.439  -42.114  75.579 0.0000000000
74644  -53.463  -22.111  56.775 0.0000000000
71630  -51.194  -25.081  55.846 0.0000000000
71629  -50.964  -24.743  55.169 0.0000000000
72568  -51.150  -23.685  55.069 0.0000000000
73619  -51.793  -22.607  55.413 0.0000000000
74650  -52.876  -22.251  56.340 0.0000000000
61616  -41.609  -34.893  62.734 0.0000000000
62598  -43.758  -34.500  62.661 0.0000000000
53090  -19.411  -43.249  74.510 0.0000000000
57326  -3.522  -39.454  70.440 0.0000000000
46753  -5.057  -50.048  76.713 0.0000000000
44743  -5.168  -51.091  73.900 0.0000000000
45820  -5.689  -50.389  72.921 0.0000000000
45841  -6.007  -50.696  71.556 0.0000000000
44778  -6.320  -51.418  70.852 0.0000000000
43695  -6.549  -51.974  70.410 0.0000000000
44594  -12.322  -52.664  85.850 0.0000000000
44600  -11.999  -52.443  85.676 0.0000000000
42423  -12.086  -53.440  86.217 0.0000000000
37832  -12.020  -55.958  84.544 0.0000000000
37827  -11.598  -56.075  85.188 0.0000000000
37824  -11.068  -56.149  85.673 0.0000000000
37823  -10.465  -56.240  86.106 0.0000000000
37815  -9.518  -56.122  86.470 0.0000000000
36701  -10.001  -56.889  85.890 0.0000000000
35522  -9.618  -57.372  85.554 0.0000000000
62509  -39.643  -33.053  69.698 0.0000000000
57334  -34.069  -39.305  70.903 0.0000000000
61547  -36.748  -33.929  68.310 0.0000000000
54140  -22.619  -41.222  80.473 0.0000000000
51921  -27.389  -41.833  80.587 0.0000000000
53033  -26.915  -41.421  81.025 0.0000000000
51933  -27.085  -41.992  80.213 0.0000000000
51932  -26.584  -41.937  80.036 0.0000000000
51944  -26.335  -42.030  79.543 0.0000000000
51984  -24.979  -42.120  76.442 0.0000000000
51973  -24.470  -41.902  76.900 0.0000000000
53074  -23.918  -41.780  77.370 0.0000000000
53065  -23.295  -41.688  77.738 0.0000000000
53073  -23.173  -41.667  77.135 0.0000000000
54185  -21.442  -41.881  75.708 0.0000000000
53081  -22.096  -41.662  75.769 0.0000000000
77586  -48.397  -19.249  53.703 0.0000000000
50833  -3.037  -45.816  81.029 0.0000000000
44677  -3.150  -51.753  78.723 0.0000000000
43604  -3.548  -51.953  77.976 0.0000000000
43603  -3.305  -52.058  78.407 0.0000000000
42494  -3.511  -52.414  78.514 0.0000000000
41353  -3.995  -52.857  78.564 0.0000000000
68534  -50.445  -28.501  60.807 0.0000000000
67494  -50.551  -28.742  61.529 0.0000000000
68529  -45.283  -28.892  60.466 0.0000000000
45662  -13.623  -51.269  85.106 0.0000000000
44620  -15.587  -50.948  84.023 0.0000000000
42448  -14.546  -52.361  83.505 0.0000000000
42447  -14.038  -52.903  83.379 0.0000000000
42450  -14.134  -52.814  82.905 0.0000000000
41321  -13.724  -53.091  82.199 0.0000000000
49886  -17.769  -45.405  76.976 0.0000000000
50875  -18.121  -44.839  77.617 0.0000000000
48875  -17.623  -46.186  78.490 0.0000000000
46740  -16.853  -47.914  78.886 0.0000000000
46730  -17.601  -47.616  81.079 0.0000000000
46729  -17.394  -48.002  80.886 0.0000000000
45708  -16.756  -49.121  81.734 0.0000000000
45710  -16.275  -49.656  81.187 0.0000000000
43581  -13.261  -52.359  79.422 0.0000000000
43574  -13.359  -52.641  80.004 0.0000000000
53101  -4.128  -43.623  74.938 0.0000000000
53132  -4.521  -43.065  73.266 0.0000000000
53115  -5.935  -43.800  73.342 0.0000000000
48874  -6.387  -47.855  77.091 0.0000000000
49875  -6.182  -47.058  77.181 0.0000000000
49876  -6.571  -47.410  76.891 0.0000000000
49885  -7.520  -46.900  75.905 0.0000000000
48907  -8.843  -47.156  73.973 0.0000000000
49908  -9.152  -46.364  73.722 0.0000000000
50961  -8.995  -45.398  73.895 0.0000000000
52057  -9.591  -44.296  72.943 0.0000000000
43532  -9.843  -53.147  84.786 0.0000000000
44605  -9.616  -52.954  84.544 0.0000000000
43531  -9.179  -53.192  84.589 0.0000000000
43530  -8.518  -53.344  84.480 0.0000000000
43529  -8.011  -53.474  84.402 0.0000000000
41300  -6.910  -54.228  84.076 0.0000000000
42434  -6.881  -53.712  83.819 0.0000000000
42433  -6.211  -53.496  83.320 0.0000000000
44623  -3.788  -51.706  82.329 0.0000000000
43546  -3.798  -52.109  82.275 0.0000000000
42446  -3.853  -52.703  82.137 0.0000000000
41306  -3.903  -53.085  81.939 0.0000000000
39036  -5.668  -54.848  81.386 0.0000000000
39056  -5.152  -54.701  80.330 0.0000000000
39067  -5.485  -55.019  79.999 0.0000000000
40215  -6.872  -55.064  79.351 0.0000000000
34439  -6.909  -59.713  82.046 0.0000000000
35553  -6.737  -59.849  81.761 0.0000000000
35559  -6.810  -59.433  81.034 0.0000000000
36738  -7.123  -58.870  80.701 0.0000000000
37875  -8.207  -57.044  78.382 0.0000000000
50983  -33.718  -43.249  72.475 0.0000000000
53106  -34.910  -42.495  74.276 0.0000000000
50949  -31.573  -42.441  74.829 0.0000000000
50951  -32.850  -42.910  74.601 0.0000000000
50982  -33.296  -43.409  72.532 0.0000000000
50859  -31.205  -42.579  78.142 0.0000000000
51967  -31.930  -42.567  77.785 0.0000000000
50870  -31.564  -42.604  77.743 0.0000000000
72559  -53.139  -24.450  57.491 0.0000000000
73610  -53.769  -23.551  57.633 0.0000000000
67532  -47.567  -28.446  55.627 0.0000000000
67539  -47.233  -28.699  55.181 0.0000000000
68628  -47.427  -28.241  54.624 0.0000000000
69691  -49.301  -26.564  54.514 0.0000000000
70690  -49.645  -26.438  54.581 0.0000000000
70684  -50.204  -26.232  55.419 0.0000000000
69664  -50.069  -26.586  55.921 0.0000000000
69665  -50.743  -26.238  56.281 0.0000000000
70679  -50.666  -25.808  55.593 0.0000000000
71631  -51.751  -25.059  56.379 0.0000000000
61578  -43.073  -33.755  65.471 0.0000000000
62574  -42.997  -33.647  65.763 0.0000000000
62561  -42.751  -33.444  66.429 0.0000000000
61598  -37.363  -33.456  62.925 0.0000000000
61586  -39.888  -33.557  64.158 0.0000000000
61601  -40.866  -33.986  63.596 0.0000000000
43636  -4.894  -51.811  74.999 0.0000000000
44727  -5.049  -51.456  74.396 0.0000000000
44744  -5.298  -51.503  73.842 0.0000000000
43662  -5.549  -51.755  73.292 0.0000000000
42602  -5.969  -52.184  72.897 0.0000000000
41296  -12.877  -53.922  85.022 0.0000000000
40162  -12.742  -54.173  85.258 0.0000000000
40166  -12.817  -54.289  84.846 0.0000000000
39017  -12.663  -54.728  84.815 0.0000000000
39020  -12.423  -55.439  84.443 0.0000000000
37840  -12.399  -55.512  83.704 0.0000000000
37835  -12.289  -55.784  84.018 0.0000000000
36711  -11.791  -56.429  83.921 0.0000000000
62472  -38.488  -34.157  72.216 0.0000000000
54234  -34.684  -41.136  71.498 0.0000000000
54250  -34.621  -41.550  70.733 0.0000000000
55292  -34.578  -40.614  71.165 0.0000000000
56307  -34.357  -40.150  71.347 0.0000000000
58404  -34.496  -38.629  70.815 0.0000000000
58403  -34.129  -38.543  70.347 0.0000000000
59599  -34.968  -37.672  70.406 0.0000000000
60602  -35.416  -36.881  70.840 0.0000000000
60603  -36.097  -36.060  71.150 0.0000000000
60590  -35.940  -36.675  71.646 0.0000000000
50864  -27.154  -42.664  77.906 0.0000000000
50852  -26.622  -42.579  78.244 0.0000000000
50877  -26.123  -42.436  77.106 0.0000000000
50876  -25.591  -42.280  76.677 0.0000000000
50922  -25.937  -42.272  75.902 0.0000000000
50921  -25.494  -42.194  75.774 0.0000000000
51997  -23.953  -41.828  75.206 0.0000000000
76741  -48.800  -19.713  53.891 0.0000000000
77579  -48.994  -19.276  54.037 0.0000000000
78417  -49.212  -18.575  54.174 0.0000000000
79253  -48.752  -17.827  53.778 0.0000000000
79254  -49.381  -17.821  54.310 0.0000000000
79249  -51.370  -17.835  55.501 0.0000000000
49844  -2.360  -47.466  81.567 0.0000000000
48856  -2.581  -48.144  80.937 0.0000000000
45712  -2.616  -50.616  80.342 0.0000000000
44654  -2.598  -51.567  80.120 0.0000000000
43573  -2.664  -52.358  79.901 0.0000000000
64497  -43.172  -32.882  59.829 0.0000000000
66483  -44.998  -30.630  60.894 0.0000000000
45669  -15.748  -50.271  84.659 0.0000000000
44610  -15.808  -50.530  84.305 0.0000000000
46770  -16.478  -47.306  75.407 0.0000000000
46757  -16.492  -47.415  76.638 0.0000000000
46756  -16.086  -48.009  77.148 0.0000000000
45719  -15.463  -49.508  79.243 0.0000000000
45731  -15.108  -49.127  78.204 0.0000000000
44679  -14.013  -50.103  78.011 0.0000000000
55252  -3.930  -41.686  76.864 0.0000000000
55255  -3.811  -41.724  75.772 0.0000000000
53089  -3.789  -43.922  75.857 0.0000000000
53100  -3.973  -43.732  75.351 0.0000000000
50938  -4.415  -44.037  75.302 0.0000000000
50940  -5.168  -44.584  74.973 0.0000000000
47880  -8.116  -48.453  73.526 0.0000000000
47896  -8.597  -48.158  72.934 0.0000000000
48933  -9.113  -47.827  72.538 0.0000000000
49934  -10.183  -46.545  71.433 0.0000000000
46719  -6.978  -49.455  81.932 0.0000000000
46712  -6.311  -49.174  82.411 0.0000000000
41288  -8.454  -54.773  85.794 0.0000000000
42418  -8.290  -54.514  85.344 0.0000000000
42417  -7.981  -54.609  85.132 0.0000000000
41295  -7.824  -54.675  84.998 0.0000000000
41294  -7.418  -54.474  84.554 0.0000000000
41298  -6.150  -54.379  83.164 0.0000000000
40172  -5.183  -53.956  82.325 0.0000000000
39022  -6.304  -54.963  82.448 0.0000000000
39023  -6.852  -55.316  82.742 0.0000000000
39028  -6.609  -55.318  82.292 0.0000000000
53195  -34.429  -42.005  71.368 0.0000000000
52083  -34.094  -42.993  71.520 0.0000000000
53150  -34.393  -42.028  72.861 0.0000000000
53196  -34.538  -41.433  71.663 0.0000000000
56289  -35.351  -39.597  73.042 0.0000000000
56290  -35.611  -39.450  73.658 0.0000000000
53034  -27.720  -41.721  80.879 0.0000000000
50854  -28.037  -42.709  78.604 0.0000000000
51948  -29.312  -42.444  79.478 0.0000000000
50856  -29.472  -42.661  78.502 0.0000000000
50846  -28.799  -42.651  79.094 0.0000000000
50900  -27.587  -42.375  76.840 0.0000000000
50924  -27.368  -42.295  76.207 0.0000000000
52002  -27.942  -42.111  75.613 0.0000000000
71635  -50.794  -24.955  54.289 0.0000000000
71643  -50.553  -24.478  53.668 0.0000000000
72574  -49.019  -23.985  53.280 0.0000000000
74657  -51.375  -21.836  54.897 0.0000000000
75706  -51.681  -20.956  55.089 0.0000000000
75707  -51.972  -20.532  55.347 0.0000000000
76732  -52.758  -20.272  55.925 0.0000000000
64483  -45.435  -32.401  61.980 0.0000000000
64484  -45.989  -32.131  62.320 0.0000000000
63538  -46.239  -32.665  63.045 0.0000000000
62576  -44.483  -33.535  65.015 0.0000000000
62615  -42.902  -34.245  60.954 0.0000000000
62607  -42.819  -34.726  61.369 0.0000000000
50920  -18.221  -44.690  75.461 0.0000000000
49893  -17.861  -45.376  75.894 0.0000000000
48902  -17.559  -45.967  75.200 0.0000000000
47870  -17.332  -46.350  75.192 0.0000000000
47869  -17.102  -46.692  74.921 0.0000000000
53182  -5.909  -42.535  70.948 0.0000000000
49870  -4.613  -46.440  78.103 0.0000000000
49871  -4.938  -46.864  77.992 0.0000000000
48872  -5.209  -47.223  77.934 0.0000000000
47846  -6.479  -48.719  76.433 0.0000000000
47856  -6.775  -48.885  75.426 0.0000000000
46765  -4.737  -50.332  75.935 0.0000000000
46766  -5.068  -50.027  75.797 0.0000000000
46803  -4.987  -50.152  74.844 0.0000000000
46784  -5.121  -49.946  75.069 0.0000000000
46767  -5.531  -49.715  75.622 0.0000000000
46842  -6.817  -49.730  71.472 0.0000000000
44607  -11.048  -52.227  84.868 0.0000000000
44598  -10.893  -52.742  85.198 0.0000000000
43524  -11.630  -52.834  85.819 0.0000000000
43523  -11.115  -52.996  85.608 0.0000000000
43522  -10.406  -53.187  85.202 0.0000000000
43512  -10.112  -53.593  85.414 0.0000000000
42431  -9.745  -53.751  85.390 0.0000000000
42412  -9.536  -54.460  85.999 0.0000000000
41285  -12.360  -54.118  86.078 0.0000000000
42415  -11.645  -53.936  86.355 0.0000000000
39008  -11.719  -55.106  85.980 0.0000000000
41283  -11.069  -54.631  86.384 0.0000000000
42414  -10.946  -54.070  86.329 0.0000000000
42413  -10.225  -54.246  86.133 0.0000000000
42411  -9.245  -54.531  85.960 0.0000000000
41279  -8.603  -55.002  86.140 0.0000000000
40152  -8.333  -55.495  86.195 0.0000000000
39004  -8.161  -55.980  86.132 0.0000000000
37820  -8.785  -56.489  86.209 0.0000000000
37819  -8.397  -56.477  85.934 0.0000000000
37818  -8.024  -56.303  85.689 0.0000000000
36709  -8.127  -57.620  84.448 0.0000000000
62549  -40.484  -33.402  67.630 0.0000000000
54265  -34.419  -41.850  69.801 0.0000000000
61550  -35.923  -34.123  67.581 0.0000000000
62547  -38.589  -33.481  67.296 0.0000000000
55217  -21.154  -41.196  81.771 0.0000000000
54091  -25.562  -40.771  82.002 0.0000000000
54112  -25.537  -41.008  81.693 0.0000000000
54111  -24.963  -41.111  81.647 0.0000000000
54128  -24.779  -41.306  81.210 0.0000000000
51956  -26.343  -42.319  78.782 0.0000000000
51943  -25.747  -41.918  79.182 0.0000000000
51965  -25.181  -41.993  77.936 0.0000000000
53051  -25.438  -41.647  79.888 0.0000000000
54141  -23.779  -41.320  80.566 0.0000000000
54162  -22.730  -41.586  78.406 0.0000000000
54150  -21.492  -41.472  79.147 0.0000000000
54169  -19.858  -42.504  76.327 0.0000000000
54184  -21.033  -42.040  75.422 0.0000000000
80144  -48.838  -16.950  53.740 0.0000000000
81971  -49.547  -15.906  54.408 0.0000000000
81046  -48.836  -16.003  53.357 0.0000000000
83051  -49.872  -13.982  53.452 0.0000000000
54167  -3.364  -43.338  77.509 0.0000000000
53056  -3.427  -44.040  79.361 0.0000000000
51953  -3.486  -44.831  79.233 0.0000000000
49869  -4.187  -46.337  78.687 0.0000000000
47816  -2.824  -48.472  80.704 0.0000000000
46736  -3.682  -50.073  79.394 0.0000000000
45718  -3.862  -50.502  78.833 0.0000000000
44708  -3.898  -51.414  77.044 0.0000000000
42528  -4.150  -52.233  77.174 0.0000000000
69622  -52.099  -27.844  59.140 0.0000000000
64485  -46.553  -31.940  62.714 0.0000000000
62550  -41.067  -33.293  67.897 0.0000000000
68580  -45.846  -27.780  57.448 0.0000000000
68581  -46.676  -28.003  57.330 0.0000000000
68585  -49.973  -27.668  58.415 0.0000000000
44601  -12.537  -52.171  85.583 0.0000000000
44595  -12.715  -52.523  85.721 0.0000000000
42426  -13.368  -53.123  85.164 0.0000000000
44603  -14.233  -51.646  85.081 0.0000000000
43526  -14.353  -51.853  84.797 0.0000000000
43525  -13.986  -52.457  84.989 0.0000000000
41292  -13.202  -53.302  85.095 0.0000000000
40176  -13.594  -53.884  83.943 0.0000000000
41309  -13.461  -53.585  83.286 0.0000000000
41308  -12.894  -54.242  82.979 0.0000000000
40185  -12.760  -54.650  83.039 0.0000000000
40193  -12.546  -54.888  81.729 0.0000000000
53057  -18.727  -43.346  78.892 0.0000000000
53050  -18.587  -43.487  80.022 0.0000000000
51954  -18.346  -44.426  79.502 0.0000000000
51941  -18.370  -44.398  80.549 0.0000000000
50838  -18.136  -45.223  81.249 0.0000000000
47831  -17.524  -46.830  78.965 0.0000000000
48869  -17.774  -46.285  79.479 0.0000000000
49865  -18.026  -45.738  80.674 0.0000000000
49859  -17.947  -45.955  81.188 0.0000000000
49851  -17.971  -45.888  81.795 0.0000000000
49843  -17.924  -45.992  82.320 0.0000000000
49842  -17.916  -46.423  82.572 0.0000000000
47806  -17.819  -47.292  82.124 0.0000000000
47799  -17.774  -47.450  82.712 0.0000000000
47791  -17.476  -47.723  83.873 0.0000000000
45699  -16.593  -49.404  82.544 0.0000000000
44642  -16.299  -49.955  82.903 0.0000000000
44633  -16.266  -50.124  83.263 0.0000000000
44641  -15.928  -50.553  82.830 0.0000000000
43559  -15.428  -51.171  82.600 0.0000000000
43558  -14.917  -51.688  82.194 0.0000000000
45714  -15.625  -49.702  79.841 0.0000000000
44648  -14.835  -51.021  80.990 0.0000000000
43566  -14.713  -51.610  81.588 0.0000000000
42466  -14.036  -52.561  81.551 0.0000000000
42456  -13.752  -52.978  81.871 0.0000000000
42474  -13.322  -53.004  80.482 0.0000000000
41328  -12.954  -53.975  80.903 0.0000000000
54209  -4.436  -42.227  71.855 0.0000000000
54210  -4.792  -42.295  71.422 0.0000000000
53160  -6.770  -42.729  71.673 0.0000000000
50874  -4.779  -45.875  77.281 0.0000000000
50892  -5.016  -45.595  76.665 0.0000000000
49883  -6.038  -46.345  76.834 0.0000000000
50916  -5.483  -45.371  75.784 0.0000000000
52016  -5.984  -44.877  74.663 0.0000000000
48891  -7.857  -47.615  75.361 0.0000000000
48892  -8.231  -47.250  75.075 0.0000000000
49891  -7.983  -46.865  75.473 0.0000000000
49899  -8.652  -46.551  74.515 0.0000000000
50919  -8.331  -46.194  75.010 0.0000000000
50918  -7.604  -45.949  75.531 0.0000000000
51994  -6.907  -45.374  75.388 0.0000000000
53136  -7.048  -43.069  72.488 0.0000000000
54204  -10.042  -42.721  71.836 0.0000000000
53139  -10.158  -43.401  72.197 0.0000000000
44631  -10.007  -51.547  83.413 0.0000000000
44629  -8.210  -52.252  83.381 0.0000000000
43527  -6.879  -53.262  83.615 0.0000000000
45682  -4.423  -50.214  82.620 0.0000000000
45674  -4.093  -50.017  82.798 0.0000000000
46693  -3.359  -49.559  82.828 0.0000000000
46701  -2.758  -49.802  82.179 0.0000000000
45690  -2.710  -50.499  81.781 0.0000000000
44643  -2.668  -51.293  81.480 0.0000000000
42464  -2.834  -52.868  80.099 0.0000000000
41313  -4.590  -53.816  81.800 0.0000000000
40183  -4.133  -53.757  81.021 0.0000000000
41325  -3.359  -53.331  80.300 0.0000000000
41333  -3.259  -53.203  79.770 0.0000000000
41341  -3.405  -52.991  79.321 0.0000000000
40223  -4.315  -53.281  78.836 0.0000000000
40225  -5.145  -54.209  78.970 0.0000000000
40238  -5.174  -53.687  78.470 0.0000000000
40253  -5.566  -53.553  78.049 0.0000000000
41356  -6.095  -53.774  77.613 0.0000000000
35531  -8.278  -58.148  84.343 0.0000000000
34421  -7.397  -60.740  82.085 0.0000000000
34417  -7.960  -59.489  83.246 0.0000000000
36715  -7.877  -57.938  83.416 0.0000000000
37842  -7.839  -57.212  82.839 0.0000000000
39039  -7.640  -56.522  81.975 0.0000000000
36739  -7.531  -58.306  80.425 0.0000000000
40205  -7.556  -55.587  80.171 0.0000000000
39076  -8.344  -56.317  78.321 0.0000000000
40228  -7.536  -54.998  78.460 0.0000000000
41372  -6.940  -54.066  76.416 0.0000000000
41392  -7.880  -54.495  75.162 0.0000000000
41429  -8.270  -55.230  73.494 0.0000000000
35521  -9.181  -57.345  85.650 0.0000000000
36699  -8.908  -57.061  85.877 0.0000000000
36706  -8.757  -57.255  85.607 0.0000000000
36707  -10.776  -56.982  85.043 0.0000000000
36708  -11.162  -56.774  84.718 0.0000000000
37814  -9.089  -56.114  86.457 0.0000000000
37816  -10.013  -56.117  86.443 0.0000000000
37817  -10.360  -56.078  86.332 0.0000000000
37821  -9.224  -56.540  86.294 0.0000000000
37822  -9.764  -56.484  86.284 0.0000000000
37860  -8.176  -57.092  79.751 0.0000000000
39000  -9.377  -55.783  86.500 0.0000000000
39002  -10.246  -55.869  86.451 0.0000000000
39011  -11.470  -55.755  85.652 0.0000000000
39021  -12.696  -54.938  84.362 0.0000000000
39040  -7.885  -57.026  81.880 0.0000000000
39046  -4.960  -54.477  80.880 0.0000000000
39047  -5.220  -54.697  80.739 0.0000000000
39057  -5.357  -54.930  80.293 0.0000000000
39066  -5.265  -54.907  80.021 0.0000000000
40147  -9.252  -55.567  86.484 0.0000000000
40150  -10.526  -55.422  86.451 0.0000000000
40151  -8.053  -55.684  86.057 0.0000000000
40154  -9.492  -54.999  86.455 0.0000000000
40156  -11.524  -54.922  86.232 0.0000000000
40167  -12.992  -53.954  84.547 0.0000000000
40171  -13.195  -53.903  84.075 0.0000000000
40202  -5.144  -54.727  80.081 0.0000000000
40203  -6.422  -55.190  79.828 0.0000000000
40217  -8.301  -55.898  78.889 0.0000000000
40229  -8.220  -55.604  78.358 0.0000000000
40236  -4.350  -53.087  78.536 0.0000000000
40252  -5.212  -53.308  77.981 0.0000000000
40279  -8.427  -55.538  74.017 0.0000000000
40294  -8.346  -55.839  73.506 0.0000000000
41277  -10.345  -55.034  86.506 0.0000000000
41278  -10.746  -55.064  86.464 0.0000000000
41281  -9.786  -54.668  86.295 0.0000000000
41284  -11.832  -54.330  86.285 0.0000000000
41289  -8.780  -54.756  85.984 0.0000000000
41326  -3.616  -53.509  79.963 0.0000000000
41342  -3.873  -53.153  79.104 0.0000000000
41354  -4.378  -52.940  78.298 0.0000000000
41355  -5.826  -53.627  77.870 0.0000000000
42416  -12.146  -53.829  86.278 0.0000000000
42485  -12.913  -52.991  79.767 0.0000000000
42495  -3.869  -52.536  78.254 0.0000000000
42511  -3.527  -52.165  78.193 0.0000000000
43544  -15.578  -51.046  83.792 0.0000000000
43661  -5.440  -51.452  73.187 0.0000000000
44614  -4.806  -51.273  82.456 0.0000000000
44758  -5.390  -51.211  73.138 0.0000000000
45659  -13.925  -51.472  85.196 0.0000000000
45839  -5.440  -51.048  72.820 0.0000000000
47820  -17.580  -47.612  80.838 0.0000000000
47835  -5.196  -48.982  77.982 0.0000000000
47845  -5.980  -49.043  76.873 0.0000000000
47868  -8.319  -47.966  74.229 0.0000000000
48837  -17.938  -46.501  82.269 0.0000000000
48846  -17.964  -46.310  81.897 0.0000000000
48864  -17.924  -46.242  80.219 0.0000000000
48901  -17.370  -46.311  74.894 0.0000000000
48908  -9.111  -46.977  73.638 0.0000000000
49860  -18.007  -45.639  81.439 0.0000000000
49866  -18.048  -45.521  81.094 0.0000000000
49907  -8.939  -46.651  74.009 0.0000000000
50832  -18.083  -45.353  81.794 0.0000000000
50840  -29.107  -42.469  79.529 0.0000000000
50858  -30.800  -42.589  78.244 0.0000000000
50897  -25.498  -42.245  76.152 0.0000000000
50939  -4.604  -44.189  75.220 0.0000000000
50942  -5.870  -45.242  75.251 0.0000000000
50959  -4.792  -44.115  74.832 0.0000000000
51936  -29.036  -42.321  79.886 0.0000000000
51958  -30.950  -42.522  78.432 0.0000000000
51976  -32.674  -42.561  77.079 0.0000000000
51992  -3.844  -44.049  75.930 0.0000000000
51996  -23.199  -41.528  74.872 0.0000000000
52012  -4.209  -43.920  75.344 0.0000000000
52013  -4.396  -43.849  74.985 0.0000000000
52034  -4.594  -43.863  74.701 0.0000000000
53068  -33.625  -41.829  77.628 0.0000000000
53075  -34.433  -41.823  76.983 0.0000000000
53080  -20.094  -42.493  75.576 0.0000000000
54164  -34.664  -41.157  77.488 0.0000000000
54177  -19.987  -42.519  75.835 0.0000000000
55270  -35.700  -40.198  74.369 0.0000000000
55293  -34.616  -40.632  71.477 0.0000000000
55307  -34.743  -40.899  71.063 0.0000000000
56297  -34.812  -39.518  72.029 0.0000000000
61553  -41.087  -33.432  67.295 0.0000000000
61562  -41.479  -33.503  66.677 0.0000000000
63493  -39.429  -33.378  66.268 0.0000000000
63510  -39.377  -33.180  65.501 0.0000000000
63511  -39.634  -33.434  65.738 0.0000000000
63522  -39.378  -33.139  65.231 0.0000000000
64480  -46.953  -32.076  63.165 0.0000000000
67540  -47.684  -28.359  55.124 0.0000000000
68595  -46.558  -28.290  56.346 0.0000000000
68617  -49.870  -26.804  56.222 0.0000000000
68630  -48.596  -27.369  55.085 0.0000000000
68642  -48.249  -27.485  54.573 0.0000000000
69621  -51.637  -27.890  58.900 0.0000000000
69628  -46.091  -27.759  58.144 0.0000000000
69640  -46.268  -27.811  57.900 0.0000000000
69690  -48.639  -26.913  54.341 0.0000000000
74648  -51.875  -21.753  55.251 0.0000000000
81973  -50.146  -14.619  54.712 0.0000000000
