#!ascii label  , from subject sub-MOT05 vox2ras=TkReg
875
50042  -36.069  -45.983  64.076 0.0000000000
46936  -19.609  -49.199  66.632 0.0000000000
50039  -27.060  -46.944  63.406 0.0000000000
72600  -43.526  -24.366  50.997 0.0000000000
77604  -48.015  -18.754  47.056 0.0000000000
45822  -14.030  -50.725  72.823 0.0000000000
69703  -41.961  -27.112  52.466 0.0000000000
54349  -37.015  -42.250  62.456 0.0000000000
48072  -31.407  -48.594  63.467 0.0000000000
46878  -17.194  -49.862  69.309 0.0000000000
42609  -17.715  -54.040  71.575 0.0000000000
51146  -32.183  -45.273  61.778 0.0000000000
54358  -32.818  -42.526  61.405 0.0000000000
51080  -23.286  -45.611  64.988 0.0000000000
52192  -29.283  -44.764  63.486 0.0000000000
63644  -38.281  -33.358  53.407 0.0000000000
65577  -41.360  -31.284  51.815 0.0000000000
67592  -44.380  -29.115  49.629 0.0000000000
35600  -12.336  -59.253  75.813 0.0000000000
34463  -10.124  -60.622  78.950 0.0000000000
56436  -32.067  -40.716  59.548 0.0000000000
58635  -33.298  -38.637  57.123 0.0000000000
59801  -35.604  -36.410  54.491 0.0000000000
39116  -14.156  -56.645  73.064 0.0000000000
45873  -20.248  -50.797  69.174 0.0000000000
46898  -22.023  -49.188  68.359 0.0000000000
49065  -33.763  -47.502  63.748 0.0000000000
49959  -19.170  -46.206  68.929 0.0000000000
46915  -18.510  -49.638  67.991 0.0000000000
44811  -18.934  -51.839  69.424 0.0000000000
51106  -32.131  -44.965  64.279 0.0000000000
51131  -30.478  -45.116  62.128 0.0000000000
66550  -37.353  -30.539  54.037 0.0000000000
65548  -39.520  -31.807  53.244 0.0000000000
67553  -39.047  -29.458  52.754 0.0000000000
68665  -42.191  -27.864  50.673 0.0000000000
69740  -43.919  -27.098  49.514 0.0000000000
69742  -45.808  -27.365  49.260 0.0000000000
71680  -45.512  -25.442  49.385 0.0000000000
73680  -46.188  -23.226  48.759 0.0000000000
55412  -31.968  -41.695  63.033 0.0000000000
55444  -33.280  -41.809  60.185 0.0000000000
56415  -30.726  -40.208  62.264 0.0000000000
60670  -31.058  -36.444  59.074 0.0000000000
60696  -32.247  -36.352  57.356 0.0000000000
58682  -34.294  -37.773  55.515 0.0000000000
61737  -33.960  -35.351  55.821 0.0000000000
62708  -35.102  -34.218  54.593 0.0000000000
52176  -25.472  -45.131  64.132 0.0000000000
41413  -11.884  -54.818  74.234 0.0000000000
42586  -13.215  -53.232  72.415 0.0000000000
31136  -10.364  -63.554  78.832 0.0000000000
30014  -8.584  -64.035  80.043 0.0000000000
69681  -40.440  -27.056  53.524 0.0000000000
56408  -37.110  -41.030  62.262 0.0000000000
48070  -29.178  -48.977  63.062 0.0000000000
45843  -15.375  -50.135  71.154 0.0000000000
43682  -14.945  -52.720  70.950 0.0000000000
43698  -16.630  -52.631  69.907 0.0000000000
79293  -49.304  -17.853  46.687 0.0000000000
50071  -34.094  -46.174  61.601 0.0000000000
52218  -35.423  -44.956  60.966 0.0000000000
52226  -33.473  -44.572  60.887 0.0000000000
49977  -19.894  -46.371  66.753 0.0000000000
49050  -21.195  -47.362  65.242 0.0000000000
52158  -21.161  -44.274  65.355 0.0000000000
54328  -23.638  -42.270  63.984 0.0000000000
53302  -25.826  -42.917  62.564 0.0000000000
53265  -27.707  -42.288  64.839 0.0000000000
52213  -27.583  -45.531  61.663 0.0000000000
50066  -29.915  -46.545  61.092 0.0000000000
49108  -32.400  -46.892  61.598 0.0000000000
60761  -39.257  -36.130  53.905 0.0000000000
68663  -40.555  -28.315  51.778 0.0000000000
66586  -43.116  -30.464  50.149 0.0000000000
74715  -47.328  -22.132  48.062 0.0000000000
34470  -11.277  -60.180  77.326 0.0000000000
32242  -12.172  -62.450  77.502 0.0000000000
54367  -35.472  -43.159  60.550 0.0000000000
56439  -35.138  -41.213  60.560 0.0000000000
57480  -34.789  -39.699  60.296 0.0000000000
58552  -30.206  -38.534  60.504 0.0000000000
58581  -32.533  -39.236  58.566 0.0000000000
58584  -35.887  -38.962  59.915 0.0000000000
57508  -36.004  -39.171  58.244 0.0000000000
58659  -36.791  -38.895  55.991 0.0000000000
59784  -38.267  -37.899  54.868 0.0000000000
61756  -36.323  -35.067  53.771 0.0000000000
64589  -36.133  -32.445  54.189 0.0000000000
49978  -23.957  -47.530  67.655 0.0000000000
39088  -11.775  -56.640  76.168 0.0000000000
37901  -12.675  -57.693  74.332 0.0000000000
40312  -15.819  -55.291  72.409 0.0000000000
31117  -6.999  -63.339  80.396 0.0000000000
46917  -19.856  -49.913  67.000 0.0000000000
46897  -21.336  -49.834  68.267 0.0000000000
48016  -21.086  -48.977  66.046 0.0000000000
50031  -35.312  -46.688  63.876 0.0000000000
49013  -19.475  -47.470  66.820 0.0000000000
47976  -18.587  -48.430  68.523 0.0000000000
46916  -19.007  -49.557  67.317 0.0000000000
45907  -19.381  -50.315  67.707 0.0000000000
68604  -37.778  -28.938  54.955 0.0000000000
67546  -38.312  -29.445  53.408 0.0000000000
68621  -38.142  -28.540  54.171 0.0000000000
71662  -43.455  -25.083  51.567 0.0000000000
70719  -43.479  -26.093  50.559 0.0000000000
71678  -43.917  -25.270  50.058 0.0000000000
71679  -44.629  -25.319  49.554 0.0000000000
72609  -44.423  -24.425  49.664 0.0000000000
73670  -44.801  -23.585  49.358 0.0000000000
56416  -31.205  -40.762  62.709 0.0000000000
61653  -32.446  -35.346  58.983 0.0000000000
61718  -33.164  -35.726  56.565 0.0000000000
61699  -34.103  -34.592  57.604 0.0000000000
62672  -34.854  -33.877  56.691 0.0000000000
50029  -26.615  -46.318  64.123 0.0000000000
50017  -26.512  -47.075  65.027 0.0000000000
50030  -26.967  -47.054  64.357 0.0000000000
42568  -12.373  -53.016  73.555 0.0000000000
43663  -13.472  -52.219  72.561 0.0000000000
77607  -47.883  -19.871  46.704 0.0000000000
30024  -9.057  -63.538  79.608 0.0000000000
53284  -37.974  -43.028  64.473 0.0000000000
55399  -37.207  -41.571  62.569 0.0000000000
48071  -30.737  -48.856  63.371 0.0000000000
46969  -31.709  -49.117  64.764 0.0000000000
47931  -17.525  -48.756  69.830 0.0000000000
46863  -17.164  -48.397  70.798 0.0000000000
46844  -16.048  -49.209  71.263 0.0000000000
46861  -16.260  -49.976  70.113 0.0000000000
45858  -15.662  -51.000  70.194 0.0000000000
45871  -16.424  -50.836  69.521 0.0000000000
44781  -19.744  -51.777  70.452 0.0000000000
43712  -18.832  -52.301  69.973 0.0000000000
50070  -33.571  -46.087  61.357 0.0000000000
51147  -33.323  -45.273  61.250 0.0000000000
52216  -32.865  -44.563  61.745 0.0000000000
52132  -20.487  -43.728  67.412 0.0000000000
51064  -20.687  -44.945  65.808 0.0000000000
52145  -20.738  -43.895  66.213 0.0000000000
54303  -23.293  -41.510  65.838 0.0000000000
54316  -24.084  -41.733  64.421 0.0000000000
54329  -24.354  -42.060  63.667 0.0000000000
55378  -25.469  -41.362  64.513 0.0000000000
52160  -29.144  -44.407  65.211 0.0000000000
53295  -28.364  -43.377  63.049 0.0000000000
53294  -27.645  -43.070  62.446 0.0000000000
52203  -28.394  -44.693  61.924 0.0000000000
51142  -28.459  -46.052  61.353 0.0000000000
51129  -28.822  -45.353  61.708 0.0000000000
51132  -31.333  -44.976  62.339 0.0000000000
51145  -31.125  -45.586  61.666 0.0000000000
50068  -31.775  -46.190  61.473 0.0000000000
49109  -33.119  -46.547  61.624 0.0000000000
61768  -38.758  -35.125  53.569 0.0000000000
61770  -40.748  -35.079  54.042 0.0000000000
62720  -39.507  -34.383  53.543 0.0000000000
65562  -40.054  -31.213  52.790 0.0000000000
64611  -41.509  -32.240  53.399 0.0000000000
69682  -41.255  -27.048  53.380 0.0000000000
69701  -40.491  -27.444  52.649 0.0000000000
69720  -41.262  -27.595  51.797 0.0000000000
68688  -43.468  -28.689  49.715 0.0000000000
67576  -42.486  -29.543  50.158 0.0000000000
66587  -44.267  -30.322  49.955 0.0000000000
65601  -44.957  -31.347  50.477 0.0000000000
74703  -46.708  -22.516  48.426 0.0000000000
75754  -45.881  -21.145  48.169 0.0000000000
75755  -46.486  -21.208  47.772 0.0000000000
37882  -11.685  -57.479  76.739 0.0000000000
35585  -11.333  -59.178  77.428 0.0000000000
35591  -11.873  -59.193  76.518 0.0000000000
33334  -13.104  -62.003  76.933 0.0000000000
31138  -12.396  -64.186  78.861 0.0000000000
53319  -33.920  -43.753  60.438 0.0000000000
53321  -35.571  -44.065  60.772 0.0000000000
54366  -34.631  -42.902  60.248 0.0000000000
55443  -32.252  -41.514  60.176 0.0000000000
55445  -34.451  -41.866  60.210 0.0000000000
56437  -33.219  -40.837  59.764 0.0000000000
56425  -35.063  -40.334  60.711 0.0000000000
57479  -33.964  -40.085  59.810 0.0000000000
60651  -30.704  -37.130  61.524 0.0000000000
58608  -31.791  -37.871  57.896 0.0000000000
58580  -31.299  -38.586  58.777 0.0000000000
58609  -32.359  -38.633  57.863 0.0000000000
58582  -33.621  -39.430  58.888 0.0000000000
58611  -34.408  -39.226  58.555 0.0000000000
58612  -35.397  -39.091  58.962 0.0000000000
58636  -34.307  -39.075  57.489 0.0000000000
59781  -35.136  -37.004  54.877 0.0000000000
58658  -35.741  -38.819  56.018 0.0000000000
58684  -36.464  -38.332  55.337 0.0000000000
58685  -37.507  -38.478  55.360 0.0000000000
59783  -37.252  -37.772  54.793 0.0000000000
60748  -37.936  -36.406  53.929 0.0000000000
60746  -35.914  -35.902  54.123 0.0000000000
64558  -35.514  -33.026  55.841 0.0000000000
63629  -35.586  -33.317  54.329 0.0000000000
65531  -36.009  -31.840  55.361 0.0000000000
50027  -22.540  -45.798  64.869 0.0000000000
49052  -22.518  -47.311  65.704 0.0000000000
50013  -24.127  -46.477  65.774 0.0000000000
41431  -12.834  -55.277  73.097 0.0000000000
39101  -12.519  -56.719  73.929 0.0000000000
37917  -13.879  -57.399  73.460 0.0000000000
42608  -16.622  -53.884  71.077 0.0000000000
41466  -15.081  -54.034  71.465 0.0000000000
41449  -16.331  -54.859  72.092 0.0000000000
45859  -20.567  -50.684  70.046 0.0000000000
45860  -21.320  -50.059  70.182 0.0000000000
46881  -22.404  -49.129  69.304 0.0000000000
47957  -23.121  -48.712  69.316 0.0000000000
48055  -33.009  -47.930  64.225 0.0000000000
48040  -33.134  -48.660  65.476 0.0000000000
48974  -18.818  -47.080  69.603 0.0000000000
47955  -17.948  -48.812  69.175 0.0000000000
46896  -17.919  -49.685  68.610 0.0000000000
44823  -17.729  -51.133  68.837 0.0000000000
45886  -18.120  -50.504  68.477 0.0000000000
44812  -19.618  -51.302  69.249 0.0000000000
51133  -32.017  -44.774  62.534 0.0000000000
52205  -32.484  -44.411  62.550 0.0000000000
52178  -29.376  -44.778  64.538 0.0000000000
51116  -29.897  -44.951  62.861 0.0000000000
51117  -30.762  -44.979  63.169 0.0000000000
64591  -37.949  -32.423  53.439 0.0000000000
64592  -38.916  -32.532  53.347 0.0000000000
65547  -38.633  -31.523  53.315 0.0000000000
66552  -38.891  -30.741  53.152 0.0000000000
66562  -40.121  -30.446  52.203 0.0000000000
69721  -42.067  -27.330  51.332 0.0000000000
69722  -42.769  -26.688  51.029 0.0000000000
68677  -43.427  -27.667  49.774 0.0000000000
68689  -43.917  -28.162  49.551 0.0000000000
68690  -45.049  -28.222  49.369 0.0000000000
69741  -44.800  -27.265  49.270 0.0000000000
70730  -45.622  -26.419  49.335 0.0000000000
71681  -46.410  -25.590  49.339 0.0000000000
72620  -45.846  -23.695  48.952 0.0000000000
74701  -44.948  -22.703  49.112 0.0000000000
35601  -13.071  -59.467  75.187 0.0000000000
34488  -12.695  -59.924  75.881 0.0000000000
34490  -14.339  -60.474  75.687 0.0000000000
54347  -32.402  -42.071  62.215 0.0000000000
54357  -32.348  -41.965  61.488 0.0000000000
55426  -31.631  -41.506  61.505 0.0000000000
56435  -30.996  -40.425  60.208 0.0000000000
60658  -30.962  -36.132  60.237 0.0000000000
61635  -31.650  -35.632  59.554 0.0000000000
60682  -31.734  -36.485  58.104 0.0000000000
59743  -32.030  -37.125  57.326 0.0000000000
58656  -33.316  -37.833  56.185 0.0000000000
59760  -32.870  -37.051  56.250 0.0000000000
60726  -33.751  -36.323  55.683 0.0000000000
60727  -34.446  -36.160  55.162 0.0000000000
61738  -34.728  -35.180  54.933 0.0000000000
62693  -34.649  -34.236  55.590 0.0000000000
51101  -24.502  -45.197  64.630 0.0000000000
51065  -24.871  -46.471  65.751 0.0000000000
51083  -25.378  -46.171  65.257 0.0000000000
41445  -12.471  -54.320  73.070 0.0000000000
40310  -13.997  -55.237  72.398 0.0000000000
32231  -10.051  -61.920  78.558 0.0000000000
33324  -9.834  -61.130  79.190 0.0000000000
31135  -9.439  -62.943  79.159 0.0000000000
32221  -8.522  -62.720  80.336 0.0000000000
31119  -8.005  -62.573  80.975 0.0000000000
57449  -37.442  -40.234  62.127 0.0000000000
48087  -28.047  -48.303  63.006 0.0000000000
48052  -28.146  -48.877  64.491 0.0000000000
45824  -15.301  -49.499  72.349 0.0000000000
45823  -14.560  -50.482  72.269 0.0000000000
44779  -14.164  -52.135  71.822 0.0000000000
44795  -15.093  -51.993  70.636 0.0000000000
43697  -15.679  -52.730  70.424 0.0000000000
42626  -17.237  -53.418  70.592 0.0000000000
43710  -17.442  -52.253  69.527 0.0000000000
43699  -17.765  -52.796  70.179 0.0000000000
42610  -18.792  -53.215  71.677 0.0000000000
78439  -48.442  -18.221  47.035 0.0000000000
50054  -35.179  -46.228  62.847 0.0000000000
51135  -35.505  -45.844  62.420 0.0000000000
51134  -35.001  -45.837  61.834 0.0000000000
52227  -34.309  -44.653  60.603 0.0000000000
53313  -33.150  -43.609  61.313 0.0000000000
52206  -32.876  -43.900  62.428 0.0000000000
53306  -33.083  -43.211  62.461 0.0000000000
54348  -32.988  -42.559  62.763 0.0000000000
55413  -32.674  -42.100  63.154 0.0000000000
49014  -19.984  -46.969  66.298 0.0000000000
48034  -20.807  -48.174  65.559 0.0000000000
49993  -20.274  -46.467  65.939 0.0000000000
51079  -21.167  -45.358  64.980 0.0000000000
51098  -22.083  -45.211  64.593 0.0000000000
53264  -21.934  -42.363  65.950 0.0000000000
53276  -22.112  -43.099  64.822 0.0000000000
52173  -23.366  -44.213  64.122 0.0000000000
52174  -24.278  -44.225  63.846 0.0000000000
53293  -25.506  -43.874  62.939 0.0000000000
52201  -26.528  -44.593  62.443 0.0000000000
54305  -26.685  -41.239  65.612 0.0000000000
54332  -27.168  -42.426  62.987 0.0000000000
53304  -27.087  -43.761  62.093 0.0000000000
50050  -26.948  -46.080  62.216 0.0000000000
49103  -27.897  -47.375  61.710 0.0000000000
48103  -29.568  -48.137  61.859 0.0000000000
48104  -30.258  -47.834  61.723 0.0000000000
51144  -30.209  -45.752  61.473 0.0000000000
49106  -30.528  -47.183  61.330 0.0000000000
48092  -32.271  -47.815  62.472 0.0000000000
49076  -32.845  -47.609  62.680 0.0000000000
49078  -34.200  -46.904  63.158 0.0000000000
49976  -19.519  -46.441  67.785 0.0000000000
64593  -39.842  -32.624  53.407 0.0000000000
69680  -39.485  -27.420  53.595 0.0000000000
67554  -39.822  -29.467  52.144 0.0000000000
67555  -40.267  -29.973  51.805 0.0000000000
68664  -41.558  -28.392  50.896 0.0000000000
67565  -41.602  -29.556  50.598 0.0000000000
65598  -41.879  -31.217  51.033 0.0000000000
65579  -43.501  -31.948  51.417 0.0000000000
75756  -47.387  -21.429  47.435 0.0000000000
76776  -46.784  -20.390  47.315 0.0000000000
78437  -47.042  -18.596  47.766 0.0000000000
35578  -11.021  -58.804  78.574 0.0000000000
34469  -10.753  -59.989  78.041 0.0000000000
33343  -12.529  -60.851  76.457 0.0000000000
33333  -12.035  -61.267  76.911 0.0000000000
32232  -10.968  -62.153  77.942 0.0000000000
31148  -11.129  -63.121  78.294 0.0000000000
52219  -36.189  -45.033  61.642 0.0000000000
53315  -36.360  -43.989  61.608 0.0000000000
54359  -36.475  -42.906  61.604 0.0000000000
55446  -35.449  -42.057  60.543 0.0000000000
55429  -36.245  -41.719  61.426 0.0000000000
56418  -36.257  -40.730  61.704 0.0000000000
57447  -36.071  -40.181  61.543 0.0000000000
58527  -35.936  -39.533  61.132 0.0000000000
57462  -30.205  -39.290  61.232 0.0000000000
57476  -30.490  -39.481  60.306 0.0000000000
59717  -30.258  -37.590  60.159 0.0000000000
58553  -30.613  -38.906  59.682 0.0000000000
56450  -32.301  -40.033  59.237 0.0000000000
57493  -33.793  -39.743  59.400 0.0000000000
58554  -35.036  -39.411  60.236 0.0000000000
57539  -35.290  -39.077  56.770 0.0000000000
57540  -36.185  -39.192  56.691 0.0000000000
59805  -39.002  -37.259  54.447 0.0000000000
60759  -37.986  -35.642  53.647 0.0000000000
62718  -37.681  -34.171  53.479 0.0000000000
62709  -35.839  -34.189  53.913 0.0000000000
63642  -36.362  -33.277  53.741 0.0000000000
64590  -36.952  -32.364  53.664 0.0000000000
65545  -36.677  -31.454  54.227 0.0000000000
66540  -36.732  -30.446  54.955 0.0000000000
48017  -22.001  -48.425  66.228 0.0000000000
47998  -23.003  -48.190  67.843 0.0000000000
49980  -24.975  -47.362  66.933 0.0000000000
37888  -11.949  -57.670  75.658 0.0000000000
40266  -11.791  -55.721  75.543 0.0000000000
39093  -12.050  -56.875  74.943 0.0000000000
36783  -12.600  -58.199  74.727 0.0000000000
36785  -14.086  -58.761  74.295 0.0000000000
42587  -14.135  -53.324  71.731 0.0000000000
41447  -14.219  -54.348  71.875 0.0000000000
40298  -15.477  -55.877  72.795 0.0000000000
30001  -7.716  -64.452  80.614 0.0000000000
31108  -7.278  -62.040  81.401 0.0000000000
46918  -20.881  -49.792  67.167 0.0000000000
46937  -20.309  -49.374  66.478 0.0000000000
48014  -19.427  -48.493  66.588 0.0000000000
46935  -19.075  -49.001  66.845 0.0000000000
68620  -37.783  -29.096  54.401 0.0000000000
68605  -38.419  -28.261  55.286 0.0000000000
71669  -43.515  -25.203  50.800 0.0000000000
72608  -43.844  -24.423  50.267 0.0000000000
73668  -43.879  -23.667  50.508 0.0000000000
61698  -33.230  -35.229  57.417 0.0000000000
51115  -26.444  -45.414  63.282 0.0000000000
49064  -27.288  -47.655  64.052 0.0000000000
44746  -13.738  -50.842  73.323 0.0000000000
44745  -13.370  -51.376  73.569 0.0000000000
44760  -13.412  -51.772  72.898 0.0000000000
77608  -48.414  -19.382  46.658 0.0000000000
54337  -37.598  -42.339  63.561 0.0000000000
54336  -37.372  -41.883  62.931 0.0000000000
46984  -31.020  -49.042  63.867 0.0000000000
48054  -32.134  -48.539  64.420 0.0000000000
47954  -17.429  -49.127  69.541 0.0000000000
46862  -16.946  -48.922  70.271 0.0000000000
46877  -16.711  -50.335  69.527 0.0000000000
50069  -32.720  -46.046  61.467 0.0000000000
52215  -32.365  -44.750  62.103 0.0000000000
54290  -24.560  -41.160  66.480 0.0000000000
54304  -24.104  -41.421  65.330 0.0000000000
55363  -24.983  -41.271  65.734 0.0000000000
55394  -24.768  -41.581  64.226 0.0000000000
55364  -25.559  -41.255  65.312 0.0000000000
52177  -28.848  -44.013  64.090 0.0000000000
52191  -28.691  -44.251  62.801 0.0000000000
52204  -29.123  -44.858  62.412 0.0000000000
62719  -38.574  -34.249  53.446 0.0000000000
65576  -40.634  -31.059  52.241 0.0000000000
65563  -41.106  -31.711  52.875 0.0000000000
69683  -41.993  -27.246  53.393 0.0000000000
69702  -41.246  -27.274  52.623 0.0000000000
67577  -43.508  -29.392  49.780 0.0000000000
66603  -44.410  -29.731  49.749 0.0000000000
76769  -45.582  -20.569  48.435 0.0000000000
36765  -11.877  -58.452  76.141 0.0000000000
53320  -34.826  -43.846  60.466 0.0000000000
54365  -33.586  -42.771  60.384 0.0000000000
57478  -33.053  -40.175  59.407 0.0000000000
58610  -33.388  -39.066  58.100 0.0000000000
58683  -35.352  -38.126  55.374 0.0000000000
59782  -36.219  -37.529  54.774 0.0000000000
59802  -36.138  -36.661  54.340 0.0000000000
50028  -22.911  -45.733  65.013 0.0000000000
50012  -22.982  -46.549  65.530 0.0000000000
40296  -13.468  -55.763  72.912 0.0000000000
39115  -13.250  -56.650  73.337 0.0000000000
37918  -14.816  -57.290  73.460 0.0000000000
41468  -16.800  -54.442  71.628 0.0000000000
41450  -17.228  -54.674  72.326 0.0000000000
34464  -10.465  -60.142  78.855 0.0000000000
34456  -10.255  -60.378  79.578 0.0000000000
53298  -37.572  -43.506  63.703 0.0000000000
45874  -20.958  -50.254  69.187 0.0000000000
46919  -21.682  -49.350  67.555 0.0000000000
46880  -21.662  -49.649  69.219 0.0000000000
47977  -22.737  -48.666  68.450 0.0000000000
49947  -18.648  -46.104  69.912 0.0000000000
47975  -18.405  -49.078  68.223 0.0000000000
45905  -18.282  -50.022  68.205 0.0000000000
45888  -19.737  -50.784  68.410 0.0000000000
44798  -19.993  -51.265  69.949 0.0000000000
51118  -31.609  -44.890  63.315 0.0000000000
51119  -32.309  -44.593  63.371 0.0000000000
51104  -30.163  -45.087  64.207 0.0000000000
51105  -31.226  -45.161  64.267 0.0000000000
65546  -37.604  -31.463  53.630 0.0000000000
66551  -38.187  -30.534  53.467 0.0000000000
66560  -38.772  -30.124  53.084 0.0000000000
66561  -39.413  -30.388  52.703 0.0000000000
69730  -43.229  -27.073  50.149 0.0000000000
72611  -46.299  -24.700  49.179 0.0000000000
72610  -45.412  -24.302  49.249 0.0000000000
74694  -44.486  -23.077  49.533 0.0000000000
56424  -31.208  -41.022  61.935 0.0000000000
56423  -30.875  -40.683  61.538 0.0000000000
55425  -31.106  -41.055  60.862 0.0000000000
61676  -32.437  -35.631  57.982 0.0000000000
61675  -31.955  -35.955  58.111 0.0000000000
60683  -32.056  -36.072  57.863 0.0000000000
60695  -31.914  -36.784  57.639 0.0000000000
59759  -32.377  -37.047  56.786 0.0000000000
60709  -32.703  -36.424  56.619 0.0000000000
61736  -33.489  -35.948  56.012 0.0000000000
51102  -25.204  -45.454  64.686 0.0000000000
49999  -26.134  -47.205  65.591 0.0000000000
42585  -12.541  -53.819  72.898 0.0000000000
41446  -13.052  -54.634  72.661 0.0000000000
31147  -10.291  -62.711  78.550 0.0000000000
31146  -9.829  -62.393  78.825 0.0000000000
31134  -8.652  -63.102  79.842 0.0000000000
31127  -8.113  -63.085  80.516 0.0000000000
32213  -8.416  -62.416  80.842 0.0000000000
55400  -37.741  -41.614  62.970 0.0000000000
56409  -37.937  -41.195  62.390 0.0000000000
57428  -37.484  -40.618  62.126 0.0000000000
48088  -28.637  -48.496  62.590 0.0000000000
48069  -28.556  -48.877  63.560 0.0000000000
46982  -29.470  -49.424  63.824 0.0000000000
44762  -14.465  -51.229  71.769 0.0000000000
45842  -14.923  -51.138  71.067 0.0000000000
44808  -16.283  -51.704  69.544 0.0000000000
44796  -15.655  -51.964  70.040 0.0000000000
42625  -16.347  -53.305  70.512 0.0000000000
44810  -18.001  -51.768  69.196 0.0000000000
43683  -18.921  -52.786  71.172 0.0000000000
43700  -18.717  -52.667  70.558 0.0000000000
42628  -18.649  -52.977  71.080 0.0000000000
42627  -18.194  -53.265  70.885 0.0000000000
50053  -34.547  -46.278  62.279 0.0000000000
51163  -33.509  -44.978  60.932 0.0000000000
51164  -33.761  -45.080  60.798 0.0000000000
52193  -32.795  -44.128  63.314 0.0000000000
53296  -33.703  -43.094  63.598 0.0000000000
49034  -20.244  -47.474  65.801 0.0000000000
52171  -21.691  -44.318  64.712 0.0000000000
54315  -23.141  -42.054  64.700 0.0000000000
54314  -22.527  -42.094  65.465 0.0000000000
53277  -23.226  -43.131  63.962 0.0000000000
52172  -22.521  -44.184  64.353 0.0000000000
53278  -23.740  -43.659  63.755 0.0000000000
54330  -25.222  -42.227  63.199 0.0000000000
53292  -25.252  -43.214  62.906 0.0000000000
53303  -26.099  -43.543  62.485 0.0000000000
53266  -28.146  -42.822  65.359 0.0000000000
53251  -27.780  -42.135  66.087 0.0000000000
54293  -27.145  -41.412  65.974 0.0000000000
54306  -27.167  -41.576  65.124 0.0000000000
55366  -26.745  -41.444  64.397 0.0000000000
54318  -27.177  -41.848  63.986 0.0000000000
53305  -28.029  -43.883  62.116 0.0000000000
52202  -27.436  -44.856  61.881 0.0000000000
51127  -26.836  -45.471  62.348 0.0000000000
51128  -27.218  -45.805  61.850 0.0000000000
50051  -27.202  -46.869  62.067 0.0000000000
51141  -27.670  -46.077  61.469 0.0000000000
50065  -28.971  -46.762  61.149 0.0000000000
49105  -29.641  -47.409  61.327 0.0000000000
51130  -29.634  -45.233  61.892 0.0000000000
49107  -31.432  -47.028  61.420 0.0000000000
50067  -30.836  -46.354  61.269 0.0000000000
49090  -31.907  -47.585  61.905 0.0000000000
49091  -32.543  -47.449  62.094 0.0000000000
50052  -33.720  -46.508  61.877 0.0000000000
49093  -33.806  -46.785  62.470 0.0000000000
50040  -34.953  -46.586  63.287 0.0000000000
51050  -19.851  -45.198  67.480 0.0000000000
51049  -19.473  -45.714  68.340 0.0000000000
60750  -39.726  -36.412  54.156 0.0000000000
62721  -40.455  -34.416  53.761 0.0000000000
69669  -40.234  -27.072  54.562 0.0000000000
69668  -39.300  -27.495  54.643 0.0000000000
68652  -40.382  -27.935  52.204 0.0000000000
68651  -39.893  -28.300  52.354 0.0000000000
67563  -40.169  -28.784  51.866 0.0000000000
67564  -40.648  -29.429  51.371 0.0000000000
66585  -42.119  -30.485  50.502 0.0000000000
66571  -41.281  -30.466  51.059 0.0000000000
65599  -42.740  -31.367  50.729 0.0000000000
65580  -44.594  -32.011  51.245 0.0000000000
68691  -46.086  -28.281  49.339 0.0000000000
73681  -46.979  -23.361  48.747 0.0000000000
74704  -47.606  -22.751  48.457 0.0000000000
74716  -48.030  -22.192  47.899 0.0000000000
76775  -46.079  -20.462  47.854 0.0000000000
77603  -47.437  -19.334  47.132 0.0000000000
35584  -10.967  -59.476  77.991 0.0000000000
34479  -12.924  -60.614  76.095 0.0000000000
33344  -13.057  -61.255  76.445 0.0000000000
32241  -11.520  -61.747  77.451 0.0000000000
32233  -11.629  -62.788  77.942 0.0000000000
31137  -11.362  -63.919  78.755 0.0000000000
51149  -35.446  -45.521  61.613 0.0000000000
51136  -36.196  -45.389  62.503 0.0000000000
53322  -36.036  -44.000  61.078 0.0000000000
54368  -36.048  -43.461  61.022 0.0000000000
55447  -36.018  -42.637  60.939 0.0000000000
55427  -32.407  -41.933  60.889 0.0000000000
55428  -35.662  -41.242  60.973 0.0000000000
55414  -36.747  -41.389  62.136 0.0000000000
56427  -35.880  -40.998  61.355 0.0000000000
57463  -35.099  -40.030  60.799 0.0000000000
57464  -35.747  -39.778  61.195 0.0000000000
57465  -36.262  -39.906  61.542 0.0000000000
57481  -35.304  -39.654  60.767 0.0000000000
58526  -30.137  -38.455  61.615 0.0000000000
60669  -30.453  -36.811  59.855 0.0000000000
59718  -30.604  -37.498  59.211 0.0000000000
57491  -31.909  -39.563  59.005 0.0000000000
57492  -32.872  -39.716  59.040 0.0000000000
58583  -34.758  -39.359  59.656 0.0000000000
58555  -35.611  -39.395  60.632 0.0000000000
58657  -34.483  -38.686  56.345 0.0000000000
57541  -37.128  -39.220  56.725 0.0000000000
58686  -38.524  -38.508  55.511 0.0000000000
59785  -39.254  -37.851  55.081 0.0000000000
59804  -38.050  -37.189  54.348 0.0000000000
60747  -36.985  -35.938  53.743 0.0000000000
60758  -37.532  -35.385  53.602 0.0000000000
61767  -37.956  -34.936  53.534 0.0000000000
61766  -37.199  -34.963  53.557 0.0000000000
61755  -35.481  -35.104  54.278 0.0000000000
64571  -35.591  -32.573  54.957 0.0000000000
48035  -21.568  -48.066  65.566 0.0000000000
49036  -23.265  -47.590  66.978 0.0000000000
49035  -22.803  -47.590  66.386 0.0000000000
49016  -23.506  -47.749  67.614 0.0000000000
47978  -23.386  -48.239  68.486 0.0000000000
48994  -23.936  -47.834  68.346 0.0000000000
49997  -25.257  -46.872  65.963 0.0000000000
49996  -24.645  -46.851  66.206 0.0000000000
46965  -28.466  -49.428  65.140 0.0000000000
41393  -11.752  -54.781  74.993 0.0000000000
37894  -12.271  -57.834  74.927 0.0000000000
36784  -13.112  -58.608  74.558 0.0000000000
37902  -13.548  -58.006  73.994 0.0000000000
43681  -14.383  -52.661  71.513 0.0000000000
42606  -14.772  -53.353  71.330 0.0000000000
41448  -15.388  -54.756  71.835 0.0000000000
40311  -14.895  -55.305  72.238 0.0000000000
78440  -49.058  -18.114  46.749 0.0000000000
30000  -6.734  -64.558  80.457 0.0000000000
31118  -7.578  -62.645  80.826 0.0000000000
45908  -20.106  -50.312  67.654 0.0000000000
45889  -20.564  -50.348  68.280 0.0000000000
49066  -34.762  -47.199  64.162 0.0000000000
48993  -19.039  -47.503  68.365 0.0000000000
47995  -18.814  -48.579  67.457 0.0000000000
47994  -18.642  -49.231  67.694 0.0000000000
45906  -18.698  -50.160  67.963 0.0000000000
51087  -31.854  -45.335  65.182 0.0000000000
67536  -37.455  -29.639  54.513 0.0000000000
67545  -37.779  -29.874  53.835 0.0000000000
67537  -37.818  -29.283  54.013 0.0000000000
68633  -38.919  -28.386  53.078 0.0000000000
70713  -43.390  -25.987  51.607 0.0000000000
70728  -43.908  -26.178  49.784 0.0000000000
73669  -44.200  -23.655  49.843 0.0000000000
56406  -31.801  -41.215  63.760 0.0000000000
57446  -31.093  -40.070  63.290 0.0000000000
57445  -30.748  -39.759  62.856 0.0000000000
61697  -32.711  -35.759  57.219 0.0000000000
61717  -32.663  -36.040  56.907 0.0000000000
61719  -33.733  -34.876  56.743 0.0000000000
62692  -34.235  -34.511  56.334 0.0000000000
62671  -34.292  -34.385  56.993 0.0000000000
51103  -25.851  -45.684  64.424 0.0000000000
49053  -27.019  -47.649  64.998 0.0000000000
43650  -13.010  -52.164  73.169 0.0000000000
76782  -48.226  -20.424  46.609 0.0000000000
30026  -10.545  -64.346  79.354 0.0000000000
30025  -9.560  -63.932  79.396 0.0000000000
46998  -29.901  -49.031  63.093 0.0000000000
46983  -30.420  -49.284  63.729 0.0000000000
46968  -31.125  -49.598  64.503 0.0000000000
46955  -31.806  -49.703  65.311 0.0000000000
47932  -17.748  -48.232  70.307 0.0000000000
46845  -16.673  -48.497  71.360 0.0000000000
43709  -16.831  -52.091  69.414 0.0000000000
43701  -19.255  -52.148  70.245 0.0000000000
43684  -19.578  -52.355  71.315 0.0000000000
51063  -20.297  -45.598  66.351 0.0000000000
51051  -20.443  -44.707  66.656 0.0000000000
54302  -22.570  -41.641  66.269 0.0000000000
53290  -23.824  -42.623  63.683 0.0000000000
55395  -25.253  -41.626  63.771 0.0000000000
55396  -25.718  -41.703  63.460 0.0000000000
52159  -28.718  -43.573  65.422 0.0000000000
53280  -28.231  -42.889  64.217 0.0000000000
54333  -27.896  -42.747  63.212 0.0000000000
52214  -28.046  -45.399  61.567 0.0000000000
51143  -29.322  -45.938  61.391 0.0000000000
61769  -39.739  -35.489  53.832 0.0000000000
65549  -40.286  -31.934  53.251 0.0000000000
69719  -40.738  -27.684  52.162 0.0000000000
68676  -42.789  -28.320  50.092 0.0000000000
68675  -42.076  -28.956  50.388 0.0000000000
65600  -43.833  -31.362  50.516 0.0000000000
74702  -45.788  -22.535  48.683 0.0000000000
75744  -46.161  -21.809  48.287 0.0000000000
75745  -46.825  -21.816  48.005 0.0000000000
36759  -11.499  -58.298  77.152 0.0000000000
34478  -12.083  -60.144  76.534 0.0000000000
31149  -12.196  -63.338  78.113 0.0000000000
52228  -35.006  -44.517  60.635 0.0000000000
56438  -34.562  -40.669  60.255 0.0000000000
56426  -35.550  -40.497  61.058 0.0000000000
59706  -30.274  -37.684  61.121 0.0000000000
59729  -31.259  -37.347  58.408 0.0000000000
57507  -35.109  -39.199  58.027 0.0000000000
57522  -35.009  -39.133  57.332 0.0000000000
58660  -37.780  -38.966  56.071 0.0000000000
59803  -37.080  -36.965  54.269 0.0000000000
63628  -35.162  -33.420  55.120 0.0000000000
64570  -35.415  -32.989  55.532 0.0000000000
65544  -36.102  -31.900  54.692 0.0000000000
65532  -36.309  -31.301  54.937 0.0000000000
50011  -21.829  -46.358  64.888 0.0000000000
49051  -22.057  -47.276  65.342 0.0000000000
49994  -23.190  -47.115  66.150 0.0000000000
49995  -23.680  -47.202  66.611 0.0000000000
41430  -12.271  -54.832  73.493 0.0000000000
40280  -12.022  -55.679  74.321 0.0000000000
40295  -12.660  -55.842  73.450 0.0000000000
37916  -13.110  -57.345  73.715 0.0000000000
42607  -15.621  -53.510  70.976 0.0000000000
41467  -15.976  -54.308  71.445 0.0000000000
54350  -37.314  -43.095  63.009 0.0000000000
44782  -20.308  -51.350  70.920 0.0000000000
45844  -20.867  -50.616  70.786 0.0000000000
48073  -32.362  -48.087  63.296 0.0000000000
47933  -18.358  -47.465  70.317 0.0000000000
47956  -18.660  -48.075  69.461 0.0000000000
45872  -17.003  -50.678  69.184 0.0000000000
46895  -17.641  -50.165  68.766 0.0000000000
44824  -18.482  -51.263  68.780 0.0000000000
45887  -18.930  -50.766  68.298 0.0000000000
44825  -19.160  -51.242  68.794 0.0000000000
65561  -39.321  -31.127  53.070 0.0000000000
69729  -42.564  -27.454  50.607 0.0000000000
67593  -45.446  -29.078  49.537 0.0000000000
70729  -44.702  -26.286  49.393 0.0000000000
72621  -46.297  -23.905  48.945 0.0000000000
73679  -45.491  -23.340  48.989 0.0000000000
34489  -13.481  -60.269  75.619 0.0000000000
55442  -31.486  -41.178  60.347 0.0000000000
61652  -31.792  -35.819  58.599 0.0000000000
59742  -31.750  -37.193  57.807 0.0000000000
58633  -31.972  -37.515  57.530 0.0000000000
58634  -32.408  -37.813  57.111 0.0000000000
58681  -33.774  -37.439  55.690 0.0000000000
60710  -33.195  -36.410  56.108 0.0000000000
59779  -33.451  -37.031  55.810 0.0000000000
59780  -34.114  -36.988  55.398 0.0000000000
60728  -35.199  -35.988  54.607 0.0000000000
63615  -35.242  -33.369  55.993 0.0000000000
63598  -35.946  -33.132  56.590 0.0000000000
51100  -23.715  -44.974  64.609 0.0000000000
51081  -23.910  -45.798  65.152 0.0000000000
51082  -24.743  -46.049  65.356 0.0000000000
51066  -25.094  -46.481  65.686 0.0000000000
50016  -26.020  -46.566  65.104 0.0000000000
49998  -25.736  -47.133  65.900 0.0000000000
42548  -11.832  -53.958  74.253 0.0000000000
42567  -12.174  -53.976  73.384 0.0000000000
42588  -17.829  -54.377  72.354 0.0000000000
33325  -10.284  -61.136  78.383 0.0000000000
32230  -9.572  -61.909  79.230 0.0000000000
32222  -9.049  -62.153  80.153 0.0000000000
32205  -8.134  -62.035  81.560 0.0000000000
69661  -41.084  -27.211  55.398 0.0000000000
69671  -41.833  -27.209  53.926 0.0000000000
68635  -42.524  -27.375  53.723 0.0000000000
58508  -37.392  -39.808  62.110 0.0000000000
49075  -27.454  -47.726  63.042 0.0000000000
48068  -27.806  -48.314  63.799 0.0000000000
46981  -28.772  -49.361  64.350 0.0000000000
45804  -15.253  -49.007  73.559 0.0000000000
45803  -14.645  -49.742  73.387 0.0000000000
44761  -13.921  -51.488  72.412 0.0000000000
44780  -14.505  -51.895  71.397 0.0000000000
45857  -15.315  -51.517  70.466 0.0000000000
44822  -17.306  -50.981  68.967 0.0000000000
44809  -17.089  -51.477  69.152 0.0000000000
43711  -18.295  -52.308  69.788 0.0000000000
50041  -35.669  -46.144  63.453 0.0000000000
51120  -35.983  -45.695  62.970 0.0000000000
51148  -34.451  -45.588  61.159 0.0000000000
52217  -34.813  -44.975  60.738 0.0000000000
52194  -33.268  -43.688  63.350 0.0000000000
54320  -33.261  -42.031  64.215 0.0000000000
49033  -19.779  -48.028  66.235 0.0000000000
48015  -20.166  -48.569  66.117 0.0000000000
50010  -20.808  -46.502  65.225 0.0000000000
51078  -20.641  -45.796  65.609 0.0000000000
51099  -22.906  -45.089  64.634 0.0000000000
53248  -21.237  -42.621  66.832 0.0000000000
53263  -21.371  -43.315  65.647 0.0000000000
53275  -21.548  -43.759  65.079 0.0000000000
52175  -25.030  -44.837  63.956 0.0000000000
53291  -24.249  -43.084  63.395 0.0000000000
52189  -25.059  -44.085  63.339 0.0000000000
52190  -25.753  -44.618  63.372 0.0000000000
50038  -26.803  -46.176  62.870 0.0000000000
55352  -26.138  -41.203  65.655 0.0000000000
55365  -26.297  -41.263  64.945 0.0000000000
54317  -26.605  -41.626  63.763 0.0000000000
54345  -26.335  -42.618  62.585 0.0000000000
54346  -26.872  -42.958  62.276 0.0000000000
49087  -27.984  -47.872  62.219 0.0000000000
49088  -28.520  -48.126  62.059 0.0000000000
50064  -28.038  -46.852  61.338 0.0000000000
49104  -28.646  -47.687  61.576 0.0000000000
48102  -28.934  -48.308  62.029 0.0000000000
48090  -30.488  -48.470  62.589 0.0000000000
48091  -31.604  -48.124  62.550 0.0000000000
49089  -31.045  -47.752  61.852 0.0000000000
48074  -33.095  -47.681  63.370 0.0000000000
49077  -33.495  -47.284  62.906 0.0000000000
49092  -33.170  -47.077  62.110 0.0000000000
51034  -19.327  -45.639  68.750 0.0000000000
61758  -40.398  -35.837  54.147 0.0000000000
63645  -39.231  -33.446  53.417 0.0000000000
63646  -40.206  -33.504  53.567 0.0000000000
64594  -40.872  -32.585  53.516 0.0000000000
69667  -38.669  -27.931  54.741 0.0000000000
69679  -38.756  -27.788  53.989 0.0000000000
69700  -39.907  -27.524  52.907 0.0000000000
68634  -39.491  -27.857  52.907 0.0000000000
68650  -39.358  -28.889  52.499 0.0000000000
66570  -40.662  -30.482  51.686 0.0000000000
65578  -42.429  -31.757  51.747 0.0000000000
75757  -48.291  -21.760  47.205 0.0000000000
75767  -47.983  -21.104  46.867 0.0000000000
76777  -47.564  -20.440  46.883 0.0000000000
78434  -47.205  -17.938  48.132 0.0000000000
35577  -10.787  -59.385  78.797 0.0000000000
34487  -12.265  -59.647  76.181 0.0000000000
33332  -10.929  -60.966  77.686 0.0000000000
53314  -35.996  -44.443  61.121 0.0000000000
53307  -36.869  -43.459  62.377 0.0000000000
56417  -35.946  -40.406  61.482 0.0000000000
57448  -36.756  -40.153  61.955 0.0000000000
58507  -36.853  -39.825  61.862 0.0000000000
58505  -30.321  -38.391  62.403 0.0000000000
57444  -30.307  -39.195  62.244 0.0000000000
56422  -30.446  -39.895  61.775 0.0000000000
56434  -30.473  -40.014  60.988 0.0000000000
56449  -31.624  -40.069  59.415 0.0000000000
58579  -30.480  -38.244  59.613 0.0000000000
57477  -31.080  -39.534  59.496 0.0000000000
57494  -34.347  -39.691  59.774 0.0000000000
58529  -37.304  -39.086  61.583 0.0000000000
58613  -36.411  -39.004  59.123 0.0000000000
57538  -34.747  -39.041  56.965 0.0000000000
57523  -35.679  -39.226  57.420 0.0000000000
59806  -39.841  -37.212  54.677 0.0000000000
60749  -38.790  -36.583  54.051 0.0000000000
60760  -38.750  -35.930  53.750 0.0000000000
62717  -36.766  -34.168  53.595 0.0000000000
63643  -37.319  -33.296  53.496 0.0000000000
67529  -37.988  -28.870  55.765 0.0000000000
47996  -21.643  -49.096  66.804 0.0000000000
47997  -22.370  -48.557  67.346 0.0000000000
48036  -22.217  -47.784  65.754 0.0000000000
49979  -24.338  -47.425  67.162 0.0000000000
49963  -24.597  -47.653  67.663 0.0000000000
49962  -24.150  -47.661  67.884 0.0000000000
48051  -27.502  -48.304  64.735 0.0000000000
48038  -27.815  -48.878  65.399 0.0000000000
36773  -12.451  -58.598  75.186 0.0000000000
36774  -12.943  -58.961  74.906 0.0000000000
35609  -13.665  -59.257  74.713 0.0000000000
43664  -13.865  -52.507  72.042 0.0000000000
41465  -14.552  -53.774  71.584 0.0000000000
40297  -14.507  -55.932  72.696 0.0000000000
41432  -16.712  -55.055  72.685 0.0000000000
39117  -15.102  -56.567  73.108 0.0000000000
78446  -48.992  -18.728  46.624 0.0000000000
30002  -9.018  -64.999  80.836 0.0000000000
30013  -7.838  -63.541  80.502 0.0000000000
31126  -7.771  -63.176  80.646 0.0000000000
31116  -6.538  -63.526  80.171 0.0000000000
32203  -6.617  -62.549  80.324 0.0000000000
31106  -6.818  -62.625  80.451 0.0000000000
31107  -7.098  -62.222  80.921 0.0000000000
33323  -9.677  -61.484  79.395 0.0000000000
35608  -13.203  -59.082  74.827 0.0000000000
44797  -19.544  -51.712  69.841 0.0000000000
45885  -17.469  -50.566  68.866 0.0000000000
46846  -17.192  -47.974  71.256 0.0000000000
46879  -17.601  -49.361  69.139 0.0000000000
46999  -30.378  -48.908  63.196 0.0000000000
48053  -31.460  -48.950  64.221 0.0000000000
48089  -29.444  -48.618  62.496 0.0000000000
49015  -22.987  -47.897  67.249 0.0000000000
49961  -23.901  -47.756  67.960 0.0000000000
50014  -24.629  -46.470  65.769 0.0000000000
50015  -25.606  -46.592  65.439 0.0000000000
51084  -25.730  -46.217  65.089 0.0000000000
51150  -35.892  -45.515  61.999 0.0000000000
52188  -24.691  -43.647  63.338 0.0000000000
53279  -27.731  -42.340  64.182 0.0000000000
54319  -27.678  -42.416  63.696 0.0000000000
54331  -26.290  -41.902  63.214 0.0000000000
54344  -25.748  -42.500  62.785 0.0000000000
55377  -24.811  -41.397  64.921 0.0000000000
55379  -26.149  -41.408  63.958 0.0000000000
55380  -26.708  -41.511  64.000 0.0000000000
56414  -30.533  -39.778  62.307 0.0000000000
58655  -32.716  -37.459  56.562 0.0000000000
63616  -35.596  -33.039  56.074 0.0000000000
67578  -44.120  -29.652  49.746 0.0000000000
67591  -43.798  -28.844  49.660 0.0000000000
68622  -41.946  -27.254  54.315 0.0000000000
68662  -40.206  -28.474  52.006 0.0000000000
69658  -38.700  -28.011  55.090 0.0000000000
78438  -47.687  -18.210  47.526 0.0000000000
78447  -49.578  -18.531  46.463 0.0000000000
