#!ascii label  , from subject sub-MOT05 vox2ras=TkReg
1594
49990  -47.623  -46.231  68.141 0.0000000000
39138  -35.210  -56.856  72.430 0.0000000000
57580  -43.953  -39.605  53.406 0.0000000000
47031  -40.170  -49.374  60.981 0.0000000000
55432  -44.638  -42.051  62.116 0.0000000000
45837  -42.453  -50.105  73.228 0.0000000000
45976  -38.643  -50.928  62.138 0.0000000000
41551  -41.364  -54.372  66.062 0.0000000000
40316  -26.509  -55.878  72.406 0.0000000000
63625  -55.641  -33.294  55.674 0.0000000000
43883  -29.630  -51.890  57.738 0.0000000000
50035  -43.523  -46.949  64.803 0.0000000000
52209  -40.670  -44.489  62.163 0.0000000000
55356  -45.045  -42.702  66.907 0.0000000000
47948  -46.812  -48.074  70.525 0.0000000000
46928  -43.407  -49.634  67.721 0.0000000000
45933  -44.773  -50.799  66.707 0.0000000000
43798  -41.900  -52.606  63.761 0.0000000000
64634  -54.673  -32.459  51.340 0.0000000000
35648  -30.553  -58.688  70.946 0.0000000000
39228  -27.497  -56.199  63.811 0.0000000000
42687  -31.418  -53.849  65.698 0.0000000000
56480  -44.250  -40.936  57.745 0.0000000000
42579  -38.694  -53.429  73.763 0.0000000000
44858  -35.860  -51.861  66.678 0.0000000000
47985  -39.423  -48.375  67.993 0.0000000000
43760  -39.899  -52.764  65.666 0.0000000000
42519  -24.157  -53.339  76.139 0.0000000000
55421  -50.696  -41.001  62.483 0.0000000000
56485  -50.244  -39.891  57.830 0.0000000000
61667  -54.679  -35.706  59.104 0.0000000000
60756  -48.750  -36.327  54.773 0.0000000000
61798  -49.460  -35.280  50.622 0.0000000000
43732  -25.315  -52.318  67.489 0.0000000000
46024  -34.820  -49.809  59.101 0.0000000000
50007  -45.199  -46.788  66.226 0.0000000000
52153  -44.478  -44.948  66.176 0.0000000000
52141  -46.594  -44.991  67.432 0.0000000000
47971  -47.765  -47.907  69.794 0.0000000000
46910  -46.516  -49.194  68.619 0.0000000000
48031  -45.992  -48.486  67.005 0.0000000000
46976  -43.932  -48.923  65.349 0.0000000000
57616  -40.456  -39.399  50.135 0.0000000000
58728  -42.389  -37.841  51.278 0.0000000000
37967  -33.071  -58.046  71.181 0.0000000000
39195  -31.031  -56.960  68.300 0.0000000000
40357  -33.551  -55.487  69.160 0.0000000000
47041  -39.084  -49.334  59.193 0.0000000000
54352  -42.968  -42.323  63.007 0.0000000000
53324  -40.248  -43.639  60.461 0.0000000000
55462  -42.369  -42.018  59.892 0.0000000000
55486  -42.218  -41.647  57.973 0.0000000000
55464  -44.481  -41.519  59.844 0.0000000000
43659  -40.774  -51.553  73.510 0.0000000000
45866  -38.875  -50.535  70.591 0.0000000000
46854  -40.774  -49.483  71.425 0.0000000000
43737  -42.383  -52.599  67.530 0.0000000000
44873  -41.201  -51.295  66.608 0.0000000000
42673  -40.408  -53.697  67.110 0.0000000000
44922  -41.089  -51.276  62.081 0.0000000000
56441  -50.917  -40.968  60.697 0.0000000000
60718  -52.326  -36.781  57.047 0.0000000000
63621  -51.836  -34.554  55.628 0.0000000000
61779  -49.009  -35.443  52.381 0.0000000000
63651  -52.062  -33.250  53.414 0.0000000000
62764  -52.810  -34.152  49.461 0.0000000000
41419  -25.464  -54.495  74.736 0.0000000000
43686  -24.678  -52.814  71.197 0.0000000000
42632  -26.521  -54.158  70.334 0.0000000000
42784  -28.115  -53.884  60.698 0.0000000000
42783  -26.372  -53.922  60.312 0.0000000000
42839  -27.395  -53.672  57.173 0.0000000000
46970  -36.589  -49.630  64.252 0.0000000000
45963  -35.290  -50.483  63.347 0.0000000000
47029  -37.026  -49.962  60.261 0.0000000000
48094  -41.431  -48.141  62.793 0.0000000000
49111  -40.329  -47.161  61.795 0.0000000000
51124  -42.218  -46.153  63.939 0.0000000000
54324  -42.660  -43.139  64.551 0.0000000000
55401  -44.849  -41.776  64.275 0.0000000000
47908  -44.541  -48.579  72.632 0.0000000000
48965  -42.987  -47.450  70.423 0.0000000000
47967  -45.620  -48.019  69.554 0.0000000000
44847  -44.712  -51.230  67.974 0.0000000000
43763  -42.669  -52.629  66.239 0.0000000000
42731  -41.635  -53.660  64.203 0.0000000000
44888  -43.336  -51.171  65.313 0.0000000000
46991  -42.518  -49.343  63.832 0.0000000000
64605  -54.938  -32.262  53.592 0.0000000000
65557  -57.911  -31.409  53.723 0.0000000000
37949  -27.905  -57.897  71.690 0.0000000000
39180  -27.254  -56.216  69.105 0.0000000000
38005  -28.526  -57.674  67.140 0.0000000000
40411  -29.051  -55.742  64.637 0.0000000000
44915  -30.123  -52.309  62.294 0.0000000000
51165  -38.968  -45.726  60.245 0.0000000000
56525  -41.070  -41.067  54.970 0.0000000000
56527  -43.608  -40.363  54.704 0.0000000000
40322  -36.984  -54.974  72.837 0.0000000000
41492  -35.372  -54.398  69.846 0.0000000000
43705  -37.215  -52.804  70.683 0.0000000000
46904  -37.585  -49.891  67.563 0.0000000000
48043  -38.564  -48.354  65.017 0.0000000000
49025  -41.807  -47.816  66.993 0.0000000000
48045  -40.692  -48.794  65.391 0.0000000000
44902  -39.079  -51.955  63.456 0.0000000000
52103  -49.090  -43.899  69.874 0.0000000000
40276  -35.968  -55.175  74.704 0.0000000000
44722  -39.323  -51.832  75.596 0.0000000000
46781  -41.569  -49.707  75.188 0.0000000000
54269  -48.932  -42.532  68.748 0.0000000000
55359  -47.685  -40.784  66.796 0.0000000000
56399  -47.932  -40.949  64.438 0.0000000000
56402  -50.526  -40.519  64.561 0.0000000000
55418  -47.731  -41.225  62.581 0.0000000000
55467  -47.752  -41.119  60.158 0.0000000000
56483  -47.719  -40.472  57.401 0.0000000000
56516  -46.847  -39.820  55.740 0.0000000000
58650  -53.493  -38.339  58.322 0.0000000000
58668  -49.902  -38.156  56.343 0.0000000000
58705  -46.114  -38.354  53.397 0.0000000000
60777  -46.274  -37.061  51.763 0.0000000000
63662  -52.139  -33.844  51.310 0.0000000000
42571  -22.413  -53.759  73.585 0.0000000000
43788  -22.785  -52.237  64.199 0.0000000000
42667  -26.437  -54.131  66.170 0.0000000000
44931  -25.054  -51.926  62.102 0.0000000000
42690  -34.432  -53.256  66.114 0.0000000000
44918  -33.065  -51.587  62.293 0.0000000000
46043  -31.644  -50.612  58.803 0.0000000000
42827  -33.589  -53.541  58.114 0.0000000000
49988  -46.507  -46.653  67.198 0.0000000000
52155  -46.265  -45.508  67.131 0.0000000000
51059  -47.349  -45.742  67.765 0.0000000000
48990  -47.946  -47.395  69.492 0.0000000000
48011  -47.163  -48.529  68.255 0.0000000000
49029  -47.082  -47.875  67.894 0.0000000000
49047  -45.942  -47.667  66.817 0.0000000000
56552  -42.420  -39.844  52.911 0.0000000000
57599  -41.927  -39.466  51.873 0.0000000000
58718  -42.186  -38.524  51.488 0.0000000000
58710  -43.530  -38.665  52.361 0.0000000000
39147  -34.348  -57.248  71.592 0.0000000000
39168  -33.203  -57.157  70.199 0.0000000000
40335  -34.520  -56.020  70.538 0.0000000000
44959  -39.931  -50.992  59.819 0.0000000000
47030  -39.618  -49.331  60.226 0.0000000000
54362  -43.639  -42.164  62.345 0.0000000000
54371  -42.126  -42.370  60.926 0.0000000000
55449  -44.095  -41.954  60.869 0.0000000000
55463  -43.517  -41.798  59.981 0.0000000000
55450  -45.188  -41.736  60.930 0.0000000000
44756  -41.562  -50.854  73.587 0.0000000000
45853  -40.876  -50.583  72.423 0.0000000000
46855  -41.785  -49.719  72.299 0.0000000000
42674  -42.022  -53.359  66.951 0.0000000000
43736  -41.472  -52.771  67.418 0.0000000000
41516  -41.067  -53.953  67.403 0.0000000000
40386  -41.009  -55.841  66.750 0.0000000000
44941  -40.757  -50.724  61.520 0.0000000000
43832  -40.533  -52.268  60.941 0.0000000000
44940  -40.429  -51.201  60.955 0.0000000000
62700  -53.300  -34.533  56.246 0.0000000000
63623  -53.410  -33.856  55.777 0.0000000000
63650  -51.299  -33.643  53.903 0.0000000000
64580  -53.293  -33.159  54.643 0.0000000000
40302  -25.967  -55.399  73.565 0.0000000000
41454  -26.073  -54.755  72.147 0.0000000000
41455  -26.507  -55.379  71.771 0.0000000000
44991  -28.501  -51.749  59.159 0.0000000000
43864  -27.378  -53.134  58.833 0.0000000000
42840  -28.341  -53.018  57.122 0.0000000000
40528  -28.708  -55.160  55.828 0.0000000000
42861  -29.909  -53.578  56.695 0.0000000000
46987  -37.689  -49.133  63.208 0.0000000000
47001  -36.823  -49.229  62.346 0.0000000000
47017  -37.907  -50.274  61.006 0.0000000000
49080  -42.517  -47.710  63.879 0.0000000000
50043  -41.749  -46.668  63.264 0.0000000000
50034  -42.886  -46.626  64.392 0.0000000000
53258  -44.019  -43.879  66.283 0.0000000000
53271  -42.973  -44.122  65.310 0.0000000000
54310  -43.742  -43.229  65.971 0.0000000000
54326  -44.032  -42.167  64.636 0.0000000000
55385  -44.797  -41.850  65.341 0.0000000000
47926  -45.702  -47.829  71.474 0.0000000000
48967  -45.047  -47.713  71.061 0.0000000000
47947  -46.264  -48.033  70.450 0.0000000000
46929  -45.973  -49.968  67.670 0.0000000000
45920  -45.493  -50.661  67.949 0.0000000000
44862  -44.534  -51.259  67.331 0.0000000000
44861  -43.666  -51.761  67.027 0.0000000000
44876  -44.146  -51.227  66.503 0.0000000000
44874  -42.885  -52.149  65.696 0.0000000000
45944  -43.791  -50.902  65.782 0.0000000000
49059  -43.931  -47.995  65.326 0.0000000000
46975  -43.593  -49.480  65.148 0.0000000000
48060  -43.029  -48.875  64.511 0.0000000000
48078  -41.997  -48.740  63.217 0.0000000000
36813  -29.077  -58.518  71.225 0.0000000000
37965  -28.566  -57.825  70.077 0.0000000000
37979  -29.481  -58.085  69.421 0.0000000000
41510  -31.133  -55.164  67.458 0.0000000000
39218  -29.832  -56.280  66.059 0.0000000000
42685  -29.844  -53.887  64.899 0.0000000000
42727  -29.206  -53.931  63.591 0.0000000000
43771  -30.824  -53.120  63.846 0.0000000000
51137  -40.638  -45.483  62.251 0.0000000000
50087  -39.462  -46.579  60.838 0.0000000000
52220  -39.734  -45.157  61.119 0.0000000000
53342  -39.471  -43.251  59.107 0.0000000000
53332  -39.004  -43.752  59.434 0.0000000000
53340  -38.243  -43.652  58.112 0.0000000000
56492  -42.521  -41.287  57.309 0.0000000000
55517  -41.425  -41.312  56.515 0.0000000000
56493  -43.287  -40.921  56.939 0.0000000000
56526  -42.441  -40.797  54.757 0.0000000000
56494  -44.410  -40.691  56.655 0.0000000000
41462  -38.072  -53.933  73.501 0.0000000000
42621  -36.823  -54.023  71.376 0.0000000000
42623  -38.198  -53.013  72.191 0.0000000000
46888  -39.351  -49.282  69.442 0.0000000000
45881  -38.323  -50.616  69.718 0.0000000000
46905  -38.359  -49.451  68.178 0.0000000000
46944  -37.843  -49.135  66.465 0.0000000000
48025  -39.045  -48.108  65.948 0.0000000000
49027  -43.647  -47.935  68.107 0.0000000000
48985  -41.817  -47.274  69.282 0.0000000000
49026  -42.830  -47.848  67.671 0.0000000000
44872  -40.725  -51.932  66.489 0.0000000000
46960  -41.400  -49.455  65.812 0.0000000000
44886  -40.353  -51.582  65.457 0.0000000000
46972  -40.086  -49.978  64.327 0.0000000000
45778  -40.908  -50.654  75.151 0.0000000000
48916  -44.273  -47.586  73.963 0.0000000000
53229  -49.335  -43.029  69.140 0.0000000000
56334  -49.398  -40.326  68.343 0.0000000000
56348  -49.355  -40.005  67.376 0.0000000000
56365  -48.192  -40.504  66.112 0.0000000000
56366  -49.198  -40.117  66.324 0.0000000000
55392  -50.786  -40.720  63.837 0.0000000000
55391  -49.934  -40.776  63.866 0.0000000000
55420  -49.689  -40.986  62.505 0.0000000000
55452  -47.339  -41.192  60.967 0.0000000000
55454  -49.324  -41.089  61.022 0.0000000000
56471  -50.013  -40.452  58.610 0.0000000000
56470  -48.694  -40.608  58.497 0.0000000000
56484  -49.009  -40.105  57.492 0.0000000000
56496  -46.722  -40.336  56.450 0.0000000000
56498  -48.821  -39.589  56.715 0.0000000000
60687  -54.272  -37.067  58.450 0.0000000000
60737  -50.764  -36.571  56.223 0.0000000000
59769  -50.682  -37.544  56.474 0.0000000000
59790  -48.801  -37.300  55.283 0.0000000000
58689  -48.071  -38.353  55.335 0.0000000000
59807  -47.617  -37.200  54.233 0.0000000000
59815  -46.440  -37.437  52.512 0.0000000000
60762  -47.376  -36.784  53.090 0.0000000000
61787  -48.905  -35.663  51.392 0.0000000000
61795  -46.965  -36.105  51.056 0.0000000000
62743  -47.262  -35.148  50.472 0.0000000000
65569  -55.446  -31.935  52.965 0.0000000000
64621  -53.619  -32.648  52.454 0.0000000000
64633  -53.853  -32.835  51.392 0.0000000000
43715  -25.048  -52.463  69.510 0.0000000000
42630  -23.569  -52.831  70.135 0.0000000000
43721  -23.806  -52.376  68.423 0.0000000000
43742  -23.256  -52.243  66.674 0.0000000000
44853  -24.053  -51.877  66.369 0.0000000000
40383  -27.386  -56.395  66.352 0.0000000000
41509  -26.731  -54.919  66.855 0.0000000000
41544  -26.760  -55.409  64.888 0.0000000000
42766  -25.934  -53.274  60.858 0.0000000000
39323  -24.699  -56.619  56.904 0.0000000000
43724  -35.768  -52.918  68.453 0.0000000000
42658  -34.851  -53.550  67.522 0.0000000000
43745  -35.257  -52.690  66.863 0.0000000000
45986  -34.424  -50.564  61.282 0.0000000000
44919  -34.058  -51.246  62.129 0.0000000000
45985  -33.396  -50.737  61.031 0.0000000000
46001  -32.454  -50.594  60.534 0.0000000000
46044  -32.737  -50.442  58.185 0.0000000000
42805  -32.696  -54.148  59.055 0.0000000000
50023  -44.292  -46.878  65.502 0.0000000000
51093  -43.775  -45.755  65.343 0.0000000000
51074  -44.602  -45.657  65.932 0.0000000000
52154  -45.625  -45.080  66.892 0.0000000000
54283  -46.260  -43.270  67.671 0.0000000000
47949  -47.556  -47.779  70.391 0.0000000000
47969  -46.817  -48.478  69.860 0.0000000000
46911  -47.130  -48.838  69.116 0.0000000000
46930  -46.695  -49.350  68.048 0.0000000000
46948  -45.685  -49.570  67.051 0.0000000000
46962  -44.235  -49.512  65.735 0.0000000000
48030  -45.218  -48.819  66.505 0.0000000000
49061  -44.707  -47.587  66.019 0.0000000000
59832  -42.428  -37.212  50.816 0.0000000000
36849  -32.029  -58.386  70.801 0.0000000000
36859  -31.007  -58.219  69.926 0.0000000000
37997  -32.098  -57.809  69.876 0.0000000000
40356  -32.490  -55.830  68.695 0.0000000000
41512  -32.790  -54.845  67.889 0.0000000000
53310  -41.217  -43.722  62.629 0.0000000000
53316  -40.462  -44.029  61.447 0.0000000000
54370  -41.168  -42.894  60.769 0.0000000000
54378  -41.725  -42.379  60.336 0.0000000000
54387  -40.791  -42.529  59.170 0.0000000000
55485  -41.192  -41.844  57.705 0.0000000000
55476  -42.252  -41.768  58.900 0.0000000000
56465  -43.489  -41.367  58.647 0.0000000000
56467  -45.157  -41.014  58.484 0.0000000000
43658  -40.224  -52.071  73.654 0.0000000000
43693  -38.716  -52.319  72.127 0.0000000000
44791  -40.107  -51.343  72.447 0.0000000000
46853  -39.978  -49.805  71.094 0.0000000000
47942  -39.954  -48.754  69.667 0.0000000000
45917  -42.720  -51.085  67.701 0.0000000000
46927  -42.782  -49.916  67.357 0.0000000000
44844  -41.954  -52.053  67.631 0.0000000000
43748  -40.961  -52.611  67.255 0.0000000000
42693  -40.139  -53.151  66.671 0.0000000000
41549  -39.412  -54.661  66.200 0.0000000000
40385  -40.316  -55.545  67.077 0.0000000000
43813  -41.268  -52.444  62.648 0.0000000000
43812  -40.726  -52.379  61.790 0.0000000000
55423  -52.366  -40.675  62.484 0.0000000000
55438  -51.051  -41.050  61.522 0.0000000000
56430  -52.803  -40.690  61.678 0.0000000000
56443  -53.198  -40.398  60.592 0.0000000000
56473  -52.106  -39.741  58.892 0.0000000000
61710  -54.880  -35.144  57.925 0.0000000000
60702  -53.708  -36.498  57.713 0.0000000000
61727  -53.799  -35.429  57.134 0.0000000000
61746  -51.597  -35.463  56.121 0.0000000000
62697  -50.551  -35.353  55.457 0.0000000000
61773  -48.760  -35.304  53.461 0.0000000000
62724  -49.925  -34.397  53.661 0.0000000000
62730  -50.026  -34.654  52.467 0.0000000000
62731  -50.688  -34.497  51.809 0.0000000000
64641  -54.745  -32.752  50.340 0.0000000000
64640  -54.096  -32.976  50.673 0.0000000000
63680  -53.498  -33.797  49.345 0.0000000000
42555  -24.924  -53.786  74.713 0.0000000000
43642  -24.124  -53.140  74.386 0.0000000000
42574  -25.140  -53.688  73.822 0.0000000000
43688  -25.707  -53.168  70.722 0.0000000000
43716  -25.764  -52.907  69.599 0.0000000000
40462  -27.971  -55.406  61.609 0.0000000000
40442  -27.138  -55.290  62.008 0.0000000000
41638  -27.103  -54.201  59.871 0.0000000000
42802  -26.532  -53.628  59.376 0.0000000000
41686  -26.213  -54.688  56.446 0.0000000000
39335  -26.148  -56.494  56.031 0.0000000000
40538  -27.226  -55.863  55.666 0.0000000000
45940  -36.272  -50.637  65.388 0.0000000000
44884  -35.751  -51.224  64.760 0.0000000000
45964  -36.035  -49.872  63.687 0.0000000000
47014  -36.075  -49.438  61.736 0.0000000000
46004  -35.696  -49.668  60.044 0.0000000000
47004  -40.828  -48.768  62.060 0.0000000000
48106  -40.396  -48.222  61.704 0.0000000000
49094  -40.866  -47.511  62.399 0.0000000000
51138  -41.136  -45.995  62.798 0.0000000000
52210  -41.049  -44.951  62.858 0.0000000000
52185  -43.101  -45.323  65.034 0.0000000000
52183  -41.999  -44.212  64.201 0.0000000000
53299  -41.910  -43.493  63.654 0.0000000000
54338  -42.132  -43.046  63.511 0.0000000000
54341  -44.210  -42.062  63.652 0.0000000000
55415  -44.914  -41.900  63.273 0.0000000000
46839  -43.391  -49.459  72.936 0.0000000000
47923  -42.661  -48.865  71.858 0.0000000000
48945  -44.022  -48.213  71.654 0.0000000000
48987  -44.070  -47.249  69.921 0.0000000000
47987  -44.374  -48.688  68.284 0.0000000000
46909  -45.861  -49.294  68.700 0.0000000000
46908  -45.062  -49.573  68.470 0.0000000000
46907  -44.198  -49.880  68.158 0.0000000000
44846  -43.648  -51.681  67.837 0.0000000000
43749  -42.670  -52.661  67.012 0.0000000000
42695  -42.375  -53.005  66.413 0.0000000000
42712  -41.655  -53.786  65.264 0.0000000000
43762  -42.384  -52.870  65.709 0.0000000000
43799  -42.422  -52.287  64.615 0.0000000000
44905  -42.406  -51.516  63.954 0.0000000000
45956  -43.446  -50.438  65.152 0.0000000000
45955  -42.963  -50.874  64.616 0.0000000000
44904  -41.735  -51.737  63.080 0.0000000000
45967  -41.905  -50.813  63.039 0.0000000000
45977  -41.470  -50.156  62.376 0.0000000000
64582  -54.722  -32.713  54.545 0.0000000000
64584  -56.905  -32.291  54.668 0.0000000000
65556  -57.063  -31.854  53.864 0.0000000000
65570  -56.163  -31.782  52.638 0.0000000000
65589  -56.445  -31.751  51.857 0.0000000000
64643  -56.371  -32.046  50.322 0.0000000000
37963  -27.485  -57.328  71.525 0.0000000000
40334  -27.002  -55.755  70.447 0.0000000000
39155  -27.665  -56.900  70.030 0.0000000000
37992  -28.085  -57.263  67.814 0.0000000000
38015  -27.926  -57.576  65.863 0.0000000000
38017  -29.886  -57.089  67.223 0.0000000000
38047  -29.059  -57.483  65.219 0.0000000000
39250  -28.360  -56.210  63.787 0.0000000000
41578  -28.532  -55.049  62.665 0.0000000000
43829  -29.008  -52.837  61.725 0.0000000000
44972  -29.237  -51.344  59.803 0.0000000000
49141  -39.309  -47.854  60.409 0.0000000000
49140  -38.858  -47.365  59.978 0.0000000000
52230  -39.357  -44.739  60.535 0.0000000000
56539  -42.745  -40.152  53.599 0.0000000000
56540  -43.796  -39.959  53.954 0.0000000000
40307  -36.122  -55.960  73.057 0.0000000000
40336  -35.187  -55.287  70.607 0.0000000000
41485  -36.225  -54.430  71.050 0.0000000000
42633  -36.728  -53.517  70.741 0.0000000000
44830  -36.562  -51.873  68.470 0.0000000000
44804  -38.014  -51.669  70.745 0.0000000000
44831  -37.211  -51.381  68.856 0.0000000000
45915  -36.803  -50.644  67.261 0.0000000000
46943  -37.392  -49.459  65.877 0.0000000000
48042  -37.736  -48.749  64.920 0.0000000000
46988  -38.700  -49.784  62.980 0.0000000000
47944  -41.772  -47.881  70.518 0.0000000000
47966  -41.131  -47.817  69.879 0.0000000000
49004  -40.615  -47.547  67.907 0.0000000000
48007  -42.154  -48.571  66.786 0.0000000000
49044  -41.255  -47.931  66.402 0.0000000000
49023  -39.912  -47.881  66.419 0.0000000000
48044  -39.642  -48.295  65.106 0.0000000000
46989  -39.513  -49.537  63.860 0.0000000000
41566  -41.339  -54.611  64.766 0.0000000000
49956  -48.205  -46.324  69.486 0.0000000000
51045  -48.431  -45.277  68.888 0.0000000000
42520  -25.019  -53.947  76.672 0.0000000000
39121  -26.865  -56.730  73.899 0.0000000000
37935  -28.061  -57.909  72.648 0.0000000000
36801  -28.968  -58.284  71.938 0.0000000000
36817  -32.272  -58.271  71.818 0.0000000000
36819  -33.630  -57.713  72.499 0.0000000000
37929  -34.730  -57.140  73.171 0.0000000000
39112  -35.677  -56.336  73.298 0.0000000000
40291  -36.177  -55.731  73.923 0.0000000000
41423  -37.540  -54.308  74.383 0.0000000000
42561  -38.585  -53.499  74.280 0.0000000000
43631  -38.469  -52.799  75.517 0.0000000000
42545  -39.329  -52.767  74.717 0.0000000000
43634  -40.612  -51.847  74.174 0.0000000000
44725  -41.470  -51.053  74.185 0.0000000000
45798  -42.491  -50.281  74.044 0.0000000000
45799  -43.101  -49.784  73.772 0.0000000000
46802  -43.981  -48.945  73.639 0.0000000000
47893  -44.704  -48.252  73.345 0.0000000000
48950  -47.864  -46.775  70.588 0.0000000000
52127  -48.588  -44.353  68.727 0.0000000000
53244  -47.908  -43.798  68.238 0.0000000000
55339  -46.501  -42.681  67.706 0.0000000000
55328  -49.760  -41.265  69.470 0.0000000000
55341  -47.928  -41.355  67.827 0.0000000000
55358  -46.777  -41.341  66.795 0.0000000000
55373  -46.553  -41.206  65.532 0.0000000000
55387  -46.468  -41.352  64.532 0.0000000000
55403  -46.586  -41.466  63.601 0.0000000000
56401  -49.493  -40.663  64.596 0.0000000000
55404  -47.499  -41.285  63.380 0.0000000000
55417  -46.748  -41.444  62.681 0.0000000000
55451  -46.291  -41.462  60.946 0.0000000000
55466  -46.663  -41.228  60.096 0.0000000000
56468  -46.254  -40.917  58.337 0.0000000000
55469  -49.527  -41.086  60.493 0.0000000000
56469  -47.415  -40.751  58.356 0.0000000000
56482  -46.523  -40.705  57.374 0.0000000000
56495  -45.559  -40.533  56.483 0.0000000000
56515  -45.705  -40.066  55.512 0.0000000000
57572  -45.018  -39.642  54.221 0.0000000000
57517  -53.932  -39.020  59.214 0.0000000000
57514  -51.706  -39.472  58.277 0.0000000000
59771  -52.335  -37.353  57.298 0.0000000000
58670  -51.394  -38.213  57.185 0.0000000000
57545  -50.155  -38.848  56.892 0.0000000000
57562  -47.811  -38.996  55.558 0.0000000000
57574  -46.452  -38.946  54.517 0.0000000000
57592  -44.839  -38.813  52.885 0.0000000000
58712  -45.174  -38.243  52.579 0.0000000000
59824  -44.710  -37.511  51.778 0.0000000000
60785  -44.174  -36.395  50.965 0.0000000000
60779  -47.517  -36.572  52.091 0.0000000000
61794  -45.663  -35.879  50.831 0.0000000000
62740  -44.029  -35.286  50.381 0.0000000000
64604  -53.799  -32.615  53.713 0.0000000000
63658  -51.962  -33.432  52.279 0.0000000000
62735  -50.890  -34.836  51.116 0.0000000000
62749  -52.584  -34.188  50.090 0.0000000000
62747  -51.090  -34.854  50.299 0.0000000000
62760  -49.401  -34.393  49.739 0.0000000000
42592  -23.469  -53.165  72.803 0.0000000000
41490  -26.651  -54.960  68.919 0.0000000000
42647  -26.483  -54.091  68.418 0.0000000000
42666  -26.076  -53.120  66.762 0.0000000000
42725  -26.377  -54.296  63.093 0.0000000000
43789  -25.718  -52.711  63.300 0.0000000000
44881  -25.012  -51.871  64.536 0.0000000000
44912  -23.826  -51.643  62.863 0.0000000000
41503  -34.499  -54.590  68.911 0.0000000000
41531  -34.063  -54.173  67.429 0.0000000000
42709  -33.043  -53.596  65.418 0.0000000000
44883  -35.156  -52.131  64.423 0.0000000000
43795  -33.959  -52.800  64.043 0.0000000000
43773  -32.318  -53.091  64.397 0.0000000000
44917  -31.931  -51.755  62.334 0.0000000000
45999  -31.016  -50.803  60.494 0.0000000000
44993  -30.567  -51.235  58.472 0.0000000000
44974  -36.914  -51.295  58.938 0.0000000000
45017  -35.690  -51.737  57.731 0.0000000000
45015  -33.973  -51.429  57.574 0.0000000000
44995  -32.561  -51.494  57.787 0.0000000000
43885  -32.039  -52.442  58.062 0.0000000000
42842  -30.556  -53.476  57.294 0.0000000000
49973  -47.846  -46.704  68.657 0.0000000000
49009  -47.512  -47.632  68.415 0.0000000000
49989  -47.282  -46.853  67.842 0.0000000000
57590  -43.000  -39.486  52.797 0.0000000000
57589  -42.257  -39.711  52.565 0.0000000000
57600  -42.722  -38.852  52.066 0.0000000000
57591  -44.125  -39.120  52.868 0.0000000000
37954  -34.675  -57.215  72.053 0.0000000000
39157  -34.183  -56.876  70.933 0.0000000000
39148  -35.043  -56.596  71.692 0.0000000000
46009  -40.038  -50.222  60.485 0.0000000000
46008  -39.620  -50.162  59.681 0.0000000000
55431  -43.565  -42.067  61.587 0.0000000000
55433  -45.937  -41.646  61.881 0.0000000000
45816  -41.995  -50.457  73.402 0.0000000000
45836  -41.780  -50.446  72.954 0.0000000000
46837  -42.249  -49.874  72.675 0.0000000000
41534  -41.511  -53.843  66.981 0.0000000000
45990  -40.548  -50.179  61.221 0.0000000000
63624  -54.561  -33.856  56.051 0.0000000000
63637  -53.728  -33.366  55.200 0.0000000000
63638  -54.656  -33.211  55.185 0.0000000000
40315  -26.048  -55.387  73.015 0.0000000000
43882  -28.378  -52.218  58.097 0.0000000000
43903  -29.012  -52.446  57.299 0.0000000000
42860  -28.912  -53.488  56.449 0.0000000000
43928  -29.426  -53.124  56.717 0.0000000000
47003  -38.201  -50.086  61.586 0.0000000000
47002  -37.638  -49.460  62.027 0.0000000000
49068  -43.052  -47.705  64.415 0.0000000000
50044  -42.448  -47.090  63.844 0.0000000000
54299  -44.384  -43.128  66.558 0.0000000000
54298  -44.006  -43.392  66.288 0.0000000000
54311  -44.066  -42.481  65.690 0.0000000000
55371  -44.890  -42.243  66.345 0.0000000000
45934  -45.325  -50.582  67.257 0.0000000000
45945  -44.330  -50.456  66.135 0.0000000000
49069  -43.678  -47.623  65.032 0.0000000000
48079  -42.524  -48.347  63.875 0.0000000000
36831  -30.017  -58.725  70.725 0.0000000000
36845  -29.342  -58.235  69.700 0.0000000000
36846  -29.860  -58.373  69.706 0.0000000000
41547  -31.438  -54.307  66.417 0.0000000000
41546  -30.398  -54.648  66.013 0.0000000000
42686  -30.417  -53.841  65.285 0.0000000000
42706  -30.419  -53.450  64.379 0.0000000000
42707  -31.402  -53.435  64.849 0.0000000000
51151  -39.878  -45.718  61.359 0.0000000000
52221  -40.193  -45.035  61.621 0.0000000000
54386  -40.069  -42.717  58.634 0.0000000000
53341  -39.008  -43.270  58.759 0.0000000000
56513  -43.397  -40.701  55.775 0.0000000000
42599  -37.748  -53.912  72.517 0.0000000000
42600  -38.444  -53.286  72.860 0.0000000000
46906  -39.105  -49.080  68.737 0.0000000000
46887  -38.702  -49.773  69.137 0.0000000000
47984  -38.663  -48.739  67.410 0.0000000000
48006  -39.186  -48.164  66.959 0.0000000000
48009  -43.591  -48.781  67.795 0.0000000000
43761  -40.202  -52.593  66.126 0.0000000000
43778  -40.013  -52.271  65.413 0.0000000000
44885  -39.921  -51.804  64.878 0.0000000000
43777  -39.671  -52.593  64.970 0.0000000000
42751  -41.283  -53.409  63.080 0.0000000000
55409  -51.947  -40.661  63.071 0.0000000000
56410  -51.836  -40.546  63.519 0.0000000000
55408  -51.315  -40.767  63.288 0.0000000000
55407  -50.321  -40.876  63.206 0.0000000000
55436  -49.019  -41.031  61.776 0.0000000000
55437  -50.002  -41.089  61.706 0.0000000000
56472  -51.214  -40.062  58.649 0.0000000000
60688  -54.639  -36.484  58.873 0.0000000000
60735  -49.247  -36.477  55.247 0.0000000000
60736  -50.174  -36.632  55.912 0.0000000000
60734  -48.619  -36.746  54.910 0.0000000000
59808  -48.176  -37.221  54.797 0.0000000000
60754  -47.605  -36.772  53.725 0.0000000000
60755  -48.238  -36.432  54.290 0.0000000000
61797  -48.938  -35.432  50.725 0.0000000000
61796  -48.091  -35.683  50.899 0.0000000000
62744  -48.254  -35.034  50.354 0.0000000000
64623  -55.285  -32.059  52.105 0.0000000000
64622  -54.600  -32.278  52.294 0.0000000000
43610  -23.250  -53.388  75.668 0.0000000000
43722  -24.708  -52.260  68.547 0.0000000000
43714  -24.055  -52.496  69.373 0.0000000000
43731  -24.332  -52.077  67.654 0.0000000000
43743  -23.875  -52.003  67.080 0.0000000000
44854  -24.852  -51.876  66.669 0.0000000000
40396  -27.176  -56.098  65.447 0.0000000000
40410  -27.039  -55.920  64.310 0.0000000000
41669  -24.095  -54.684  57.733 0.0000000000
43746  -35.759  -52.301  67.399 0.0000000000
43733  -35.492  -52.900  67.809 0.0000000000
46003  -34.618  -50.086  60.117 0.0000000000
46002  -33.532  -50.363  60.240 0.0000000000
46023  -33.694  -50.020  59.195 0.0000000000
51095  -44.903  -46.477  66.000 0.0000000000
51094  -44.478  -46.207  65.692 0.0000000000
51075  -45.211  -45.983  66.216 0.0000000000
52140  -45.966  -44.650  67.281 0.0000000000
53260  -45.559  -44.306  67.187 0.0000000000
53242  -46.096  -44.132  67.501 0.0000000000
47970  -47.367  -48.353  69.694 0.0000000000
47991  -47.742  -48.017  69.382 0.0000000000
48010  -46.686  -48.573  67.650 0.0000000000
46949  -46.277  -49.267  67.474 0.0000000000
50008  -45.849  -46.898  66.679 0.0000000000
49046  -45.278  -47.670  66.413 0.0000000000
50024  -44.746  -47.007  65.893 0.0000000000
57609  -40.914  -39.404  51.151 0.0000000000
37966  -32.465  -58.293  70.908 0.0000000000
37980  -31.874  -58.034  70.037 0.0000000000
37981  -32.450  -58.027  70.435 0.0000000000
40342  -33.625  -56.140  69.808 0.0000000000
39184  -33.010  -56.341  69.506 0.0000000000
40371  -32.126  -55.382  68.076 0.0000000000
41501  -33.295  -55.039  68.487 0.0000000000
54351  -42.095  -42.849  62.930 0.0000000000
54360  -41.679  -42.846  61.801 0.0000000000
55448  -43.067  -41.950  60.948 0.0000000000
54377  -41.281  -42.418  59.753 0.0000000000
55461  -41.778  -42.003  59.325 0.0000000000
55475  -41.272  -42.082  58.706 0.0000000000
55478  -43.827  -41.528  59.424 0.0000000000
56451  -44.527  -41.345  59.328 0.0000000000
56466  -44.112  -41.264  58.874 0.0000000000
56452  -44.969  -41.231  59.307 0.0000000000
43675  -39.848  -52.069  72.992 0.0000000000
43676  -40.551  -51.607  73.134 0.0000000000
45852  -39.967  -50.550  71.654 0.0000000000
46873  -40.233  -49.359  70.823 0.0000000000
46872  -39.650  -49.550  70.374 0.0000000000
47943  -40.603  -48.615  70.393 0.0000000000
44845  -42.681  -51.941  67.777 0.0000000000
45916  -42.292  -51.592  67.671 0.0000000000
42659  -41.149  -53.445  67.411 0.0000000000
43735  -40.869  -53.083  67.351 0.0000000000
43747  -40.522  -52.764  66.956 0.0000000000
41532  -39.939  -54.522  66.931 0.0000000000
56419  -52.920  -40.298  62.504 0.0000000000
55440  -52.481  -40.784  62.072 0.0000000000
56431  -53.870  -40.125  61.301 0.0000000000
56458  -52.301  -40.197  59.642 0.0000000000
56459  -53.455  -39.927  59.898 0.0000000000
62682  -55.047  -34.418  56.936 0.0000000000
63590  -55.737  -33.644  57.788 0.0000000000
62664  -55.042  -34.658  57.539 0.0000000000
61709  -54.424  -35.447  57.604 0.0000000000
62663  -54.628  -34.941  57.347 0.0000000000
63622  -52.444  -34.188  55.670 0.0000000000
62699  -52.284  -35.032  56.174 0.0000000000
62698  -51.199  -34.942  55.590 0.0000000000
62714  -50.203  -34.823  54.785 0.0000000000
63634  -50.802  -34.405  54.752 0.0000000000
63656  -50.534  -34.031  53.341 0.0000000000
63657  -51.032  -33.787  52.620 0.0000000000
64642  -55.611  -32.374  50.310 0.0000000000
42616  -26.340  -54.073  71.013 0.0000000000
42615  -25.827  -53.632  71.450 0.0000000000
42631  -26.138  -53.559  70.620 0.0000000000
43704  -25.894  -53.113  70.232 0.0000000000
42638  -26.255  -53.480  69.872 0.0000000000
41607  -28.084  -54.724  61.111 0.0000000000
40476  -27.315  -54.995  60.778 0.0000000000
41622  -27.535  -54.471  60.425 0.0000000000
42822  -27.081  -53.473  58.312 0.0000000000
42838  -26.613  -53.859  57.545 0.0000000000
41672  -26.678  -54.163  56.893 0.0000000000
40526  -26.726  -55.480  55.841 0.0000000000
41687  -27.309  -54.493  56.162 0.0000000000
40529  -29.552  -55.338  56.269 0.0000000000
39338  -28.876  -56.164  55.994 0.0000000000
46957  -36.541  -49.969  64.924 0.0000000000
47015  -36.797  -49.373  61.378 0.0000000000
47000  -36.148  -49.504  62.524 0.0000000000
47027  -36.096  -49.437  60.927 0.0000000000
45987  -35.366  -49.801  61.047 0.0000000000
46005  -36.570  -49.975  59.754 0.0000000000
48093  -40.939  -48.365  62.315 0.0000000000
51123  -41.600  -45.581  63.429 0.0000000000
52167  -43.556  -44.829  65.563 0.0000000000
53287  -42.946  -43.625  65.195 0.0000000000
52166  -42.862  -44.575  65.114 0.0000000000
53286  -42.511  -43.706  64.676 0.0000000000
53300  -42.223  -43.404  64.123 0.0000000000
54339  -42.459  -42.903  63.965 0.0000000000
54340  -43.375  -42.310  63.888 0.0000000000
46840  -43.948  -49.159  73.094 0.0000000000
47924  -43.643  -48.710  72.055 0.0000000000
47907  -44.070  -48.810  72.444 0.0000000000
48988  -44.999  -47.476  70.265 0.0000000000
49008  -44.904  -47.631  69.399 0.0000000000
47988  -45.223  -48.457  68.806 0.0000000000
46890  -46.749  -48.784  69.284 0.0000000000
46889  -46.322  -48.905  69.059 0.0000000000
45901  -46.063  -49.681  68.442 0.0000000000
45919  -45.133  -51.029  68.085 0.0000000000
45900  -45.626  -50.046  68.343 0.0000000000
45899  -44.939  -50.646  68.282 0.0000000000
45898  -44.336  -50.778  68.205 0.0000000000
44832  -44.217  -51.173  68.088 0.0000000000
43764  -43.133  -52.261  66.778 0.0000000000
43750  -43.074  -52.202  67.358 0.0000000000
42675  -42.360  -53.024  66.705 0.0000000000
44887  -42.875  -51.752  65.082 0.0000000000
46961  -43.899  -50.182  65.583 0.0000000000
46974  -43.016  -49.911  64.507 0.0000000000
45968  -42.526  -50.383  63.799 0.0000000000
46990  -41.993  -49.764  63.094 0.0000000000
47005  -41.327  -49.124  62.447 0.0000000000
65538  -57.398  -32.039  54.575 0.0000000000
65572  -57.919  -31.185  52.655 0.0000000000
65590  -57.038  -31.561  51.528 0.0000000000
65591  -57.875  -30.949  51.609 0.0000000000
37964  -28.000  -57.550  70.667 0.0000000000
37993  -28.826  -57.481  68.285 0.0000000000
37977  -28.218  -57.215  69.277 0.0000000000
38004  -27.901  -57.523  66.748 0.0000000000
36863  -28.363  -57.857  66.276 0.0000000000
38008  -30.913  -57.507  68.739 0.0000000000
37995  -30.492  -57.812  68.998 0.0000000000
38007  -30.250  -57.356  68.122 0.0000000000
40398  -29.423  -55.946  65.175 0.0000000000
39204  -29.617  -56.783  66.071 0.0000000000
39231  -29.062  -56.714  65.010 0.0000000000
39230  -28.551  -56.723  64.619 0.0000000000
39251  -28.691  -56.222  64.414 0.0000000000
40427  -28.445  -55.646  63.164 0.0000000000
41579  -28.734  -54.964  63.401 0.0000000000
43809  -30.066  -52.705  62.743 0.0000000000
43808  -29.320  -53.069  62.484 0.0000000000
43830  -29.688  -52.553  62.196 0.0000000000
44952  -29.132  -51.823  60.766 0.0000000000
44934  -29.880  -51.961  61.686 0.0000000000
48105  -40.006  -48.066  61.354 0.0000000000
48116  -39.781  -48.344  60.922 0.0000000000
49110  -39.936  -47.610  61.336 0.0000000000
50086  -39.144  -46.610  60.424 0.0000000000
49124  -39.143  -47.073  60.377 0.0000000000
50103  -38.735  -46.419  59.926 0.0000000000
52231  -39.976  -44.501  61.055 0.0000000000
53323  -39.450  -43.945  60.002 0.0000000000
52252  -38.066  -44.389  58.616 0.0000000000
55498  -40.945  -41.552  56.908 0.0000000000
56511  -41.361  -41.120  55.680 0.0000000000
40321  -36.388  -55.366  72.437 0.0000000000
41460  -37.016  -54.737  72.521 0.0000000000
42634  -37.334  -53.069  71.113 0.0000000000
43717  -36.829  -52.642  69.940 0.0000000000
43725  -36.247  -52.646  68.936 0.0000000000
44790  -39.313  -51.391  71.901 0.0000000000
43707  -38.355  -52.093  71.544 0.0000000000
44805  -38.546  -51.544  71.255 0.0000000000
45897  -38.111  -50.237  68.907 0.0000000000
45880  -37.771  -50.905  69.135 0.0000000000
45896  -37.500  -50.509  68.305 0.0000000000
44843  -36.844  -51.191  68.109 0.0000000000
46925  -37.403  -49.758  66.770 0.0000000000
48024  -38.010  -48.670  65.780 0.0000000000
48056  -38.130  -48.651  64.163 0.0000000000
48075  -38.577  -48.918  63.624 0.0000000000
47945  -42.718  -48.132  71.222 0.0000000000
49005  -41.863  -47.241  68.068 0.0000000000
48984  -41.168  -47.345  68.610 0.0000000000
47965  -40.539  -47.850  69.189 0.0000000000
45932  -42.294  -50.364  67.126 0.0000000000
46946  -42.238  -49.625  66.754 0.0000000000
46945  -41.881  -49.981  66.476 0.0000000000
46959  -40.997  -49.944  65.429 0.0000000000
48046  -41.292  -48.940  65.716 0.0000000000
48026  -41.052  -48.460  65.782 0.0000000000
49043  -40.742  -48.055  65.943 0.0000000000
49058  -40.412  -48.229  65.587 0.0000000000
49042  -39.986  -48.000  65.699 0.0000000000
48059  -40.305  -49.112  64.928 0.0000000000
44903  -39.503  -51.623  64.098 0.0000000000
45966  -39.548  -50.468  63.753 0.0000000000
45965  -39.041  -51.079  63.172 0.0000000000
37923  -27.730  -57.339  73.656 0.0000000000
41424  -38.097  -53.749  74.455 0.0000000000
41406  -37.761  -53.795  74.809 0.0000000000
44706  -38.786  -51.446  76.095 0.0000000000
43618  -38.787  -52.231  75.722 0.0000000000
43632  -39.280  -52.456  75.198 0.0000000000
43633  -39.987  -52.226  74.570 0.0000000000
44724  -40.889  -51.385  74.509 0.0000000000
45779  -41.781  -50.508  74.502 0.0000000000
45797  -41.860  -50.742  74.115 0.0000000000
46800  -42.829  -49.607  74.423 0.0000000000
46801  -43.411  -49.423  74.031 0.0000000000
47878  -43.984  -48.529  74.069 0.0000000000
48917  -44.906  -47.317  73.419 0.0000000000
47894  -45.312  -47.653  73.029 0.0000000000
49945  -48.113  -45.947  70.129 0.0000000000
51018  -48.821  -44.463  69.629 0.0000000000
51046  -48.694  -44.516  68.938 0.0000000000
52114  -49.130  -43.859  69.425 0.0000000000
53228  -48.679  -43.523  68.646 0.0000000000
53227  -48.279  -43.249  68.438 0.0000000000
54284  -47.062  -43.110  67.981 0.0000000000
54285  -47.870  -42.681  68.256 0.0000000000
55342  -48.807  -40.645  67.901 0.0000000000
55326  -48.931  -41.423  68.572 0.0000000000
56384  -47.786  -40.856  65.123 0.0000000000
56383  -47.170  -41.035  65.406 0.0000000000
55374  -47.056  -41.140  64.972 0.0000000000
55388  -47.351  -41.197  64.278 0.0000000000
56388  -51.925  -39.747  65.204 0.0000000000
56386  -49.963  -40.243  65.459 0.0000000000
55406  -49.343  -40.908  63.200 0.0000000000
55390  -48.970  -40.825  63.861 0.0000000000
55405  -48.394  -41.054  63.244 0.0000000000
55434  -46.999  -41.323  61.807 0.0000000000
55453  -48.377  -41.072  61.007 0.0000000000
56453  -45.952  -41.126  59.243 0.0000000000
56454  -47.050  -41.012  59.248 0.0000000000
55455  -50.206  -41.104  60.833 0.0000000000
56440  -50.302  -41.051  60.440 0.0000000000
56529  -45.424  -39.726  54.736 0.0000000000
57560  -46.186  -39.580  54.986 0.0000000000
58627  -54.113  -38.465  58.870 0.0000000000
58602  -54.585  -38.593  59.446 0.0000000000
58626  -53.343  -38.654  58.466 0.0000000000
57515  -52.511  -39.324  58.591 0.0000000000
57532  -52.179  -38.939  58.037 0.0000000000
60719  -52.988  -36.578  57.389 0.0000000000
60701  -52.887  -37.118  57.541 0.0000000000
59768  -50.084  -37.600  56.254 0.0000000000
59770  -51.689  -37.678  57.073 0.0000000000
58669  -50.845  -38.285  56.883 0.0000000000
57546  -50.782  -38.787  57.255 0.0000000000
57544  -49.239  -38.952  56.428 0.0000000000
57563  -48.599  -38.709  55.835 0.0000000000
58700  -46.902  -38.268  54.348 0.0000000000
57575  -47.293  -38.631  54.980 0.0000000000
57583  -46.362  -38.472  53.962 0.0000000000
57582  -45.817  -38.861  53.807 0.0000000000
58704  -45.474  -38.647  53.148 0.0000000000
59826  -46.016  -37.446  52.118 0.0000000000
59825  -45.555  -37.438  51.933 0.0000000000
60776  -45.372  -37.007  51.481 0.0000000000
60775  -44.485  -36.919  51.292 0.0000000000
60786  -45.068  -36.422  51.095 0.0000000000
61778  -48.259  -35.899  52.871 0.0000000000
61786  -47.974  -36.215  51.773 0.0000000000
62742  -46.149  -35.177  50.522 0.0000000000
61793  -44.623  -35.828  50.727 0.0000000000
64583  -55.822  -32.649  54.889 0.0000000000
63659  -52.683  -33.192  52.041 0.0000000000
63661  -51.351  -34.135  51.641 0.0000000000
62736  -51.524  -34.505  50.960 0.0000000000
63667  -53.307  -33.589  50.376 0.0000000000
62763  -52.093  -34.431  49.484 0.0000000000
62761  -50.383  -34.405  49.550 0.0000000000
42593  -24.477  -53.113  72.914 0.0000000000
43667  -23.620  -53.104  73.481 0.0000000000
42613  -23.902  -52.933  71.490 0.0000000000
42637  -23.430  -52.758  69.464 0.0000000000
42629  -22.861  -53.312  70.665 0.0000000000
43729  -22.701  -52.728  67.349 0.0000000000
44867  -23.257  -52.069  65.448 0.0000000000
43741  -22.493  -52.703  66.427 0.0000000000
43769  -22.755  -52.263  65.105 0.0000000000
39165  -27.272  -56.336  69.883 0.0000000000
40341  -26.961  -55.685  69.452 0.0000000000
41500  -26.672  -54.912  67.893 0.0000000000
42656  -26.463  -54.044  67.347 0.0000000000
42683  -26.053  -53.139  65.360 0.0000000000
41606  -26.701  -54.770  61.578 0.0000000000
41593  -26.700  -54.914  62.531 0.0000000000
42767  -26.360  -54.068  61.202 0.0000000000
43827  -25.484  -52.538  61.572 0.0000000000
43807  -25.694  -52.730  62.402 0.0000000000
44914  -25.335  -52.168  62.740 0.0000000000
43770  -25.662  -52.528  64.328 0.0000000000
44896  -25.205  -52.015  63.587 0.0000000000
44895  -24.433  -51.687  63.741 0.0000000000
44913  -24.733  -51.702  62.852 0.0000000000
38148  -26.706  -57.275  56.185 0.0000000000
38147  -25.922  -57.349  56.441 0.0000000000
41484  -35.667  -54.614  70.576 0.0000000000
40344  -34.939  -54.940  69.926 0.0000000000
41491  -34.850  -54.696  69.491 0.0000000000
42657  -34.378  -53.922  67.412 0.0000000000
42670  -34.161  -53.789  66.780 0.0000000000
42669  -33.238  -54.005  66.527 0.0000000000
42689  -33.708  -53.589  65.734 0.0000000000
45951  -35.409  -51.133  64.119 0.0000000000
44870  -35.241  -52.343  65.429 0.0000000000
44901  -34.949  -51.426  63.606 0.0000000000
44900  -34.091  -52.089  63.285 0.0000000000
43794  -33.117  -52.682  63.855 0.0000000000
44899  -32.675  -52.175  63.070 0.0000000000
43793  -32.060  -52.605  63.689 0.0000000000
46021  -31.654  -50.462  59.737 0.0000000000
46000  -31.542  -50.673  60.415 0.0000000000
46042  -30.959  -50.705  59.272 0.0000000000
44973  -30.149  -50.893  59.454 0.0000000000
43888  -36.856  -52.759  58.422 0.0000000000
44997  -36.570  -51.704  58.372 0.0000000000
43910  -36.339  -52.607  57.931 0.0000000000
42828  -34.382  -53.793  57.728 0.0000000000
43908  -34.971  -52.399  57.489 0.0000000000
43887  -33.712  -52.661  57.642 0.0000000000
45014  -33.263  -51.500  57.621 0.0000000000
43886  -33.018  -52.445  57.829 0.0000000000
41656  -32.163  -54.027  58.840 0.0000000000
42825  -31.722  -53.464  58.250 0.0000000000
43884  -30.818  -52.575  57.801 0.0000000000
42824  -31.180  -53.786  57.842 0.0000000000
51076  -46.100  -45.992  66.824 0.0000000000
51058  -46.724  -45.953  67.334 0.0000000000
52142  -47.538  -44.812  67.931 0.0000000000
49010  -47.781  -47.686  68.974 0.0000000000
49028  -46.489  -47.584  67.317 0.0000000000
56551  -41.685  -39.990  52.649 0.0000000000
56561  -41.392  -39.855  51.941 0.0000000000
57598  -41.229  -39.729  51.650 0.0000000000
58726  -40.931  -38.728  50.481 0.0000000000
57610  -41.468  -38.804  51.204 0.0000000000
58719  -43.055  -38.121  51.685 0.0000000000
37968  -33.799  -57.531  71.315 0.0000000000
37982  -33.082  -57.787  70.657 0.0000000000
39156  -33.490  -57.555  70.853 0.0000000000
39169  -33.981  -56.328  70.270 0.0000000000
54361  -42.761  -42.242  61.874 0.0000000000
55430  -43.136  -41.994  61.477 0.0000000000
43648  -41.200  -51.323  73.872 0.0000000000
44774  -40.874  -51.108  72.930 0.0000000000
44775  -41.230  -50.886  73.110 0.0000000000
45854  -41.463  -50.403  72.654 0.0000000000
42660  -41.736  -53.281  67.332 0.0000000000
41517  -41.366  -53.658  67.360 0.0000000000
41533  -40.834  -54.654  66.929 0.0000000000
44921  -40.655  -51.790  61.448 0.0000000000
62681  -54.338  -34.714  56.839 0.0000000000
62701  -53.929  -34.232  56.246 0.0000000000
63635  -51.418  -34.141  54.999 0.0000000000
63636  -52.537  -33.432  54.765 0.0000000000
41437  -25.716  -54.687  73.454 0.0000000000
41472  -26.604  -54.906  71.084 0.0000000000
43846  -28.179  -52.875  60.409 0.0000000000
42804  -27.650  -53.624  60.014 0.0000000000
43865  -27.768  -52.666  59.301 0.0000000000
42823  -27.760  -53.044  57.799 0.0000000000
42859  -28.044  -53.759  56.549 0.0000000000
41700  -27.931  -54.944  55.779 0.0000000000
41688  -28.367  -54.336  56.091 0.0000000000
41689  -29.322  -54.386  56.195 0.0000000000
40530  -30.117  -55.485  56.725 0.0000000000
46971  -37.291  -49.044  64.134 0.0000000000
46986  -36.619  -49.364  63.312 0.0000000000
47016  -37.472  -49.853  60.871 0.0000000000
49079  -42.050  -47.718  63.368 0.0000000000
52152  -43.813  -44.403  65.971 0.0000000000
53272  -43.360  -43.852  65.693 0.0000000000
54325  -43.147  -42.953  64.971 0.0000000000
47925  -44.601  -48.292  72.034 0.0000000000
48947  -45.139  -47.891  71.512 0.0000000000
48989  -45.743  -47.862  70.333 0.0000000000
45921  -46.101  -49.895  68.170 0.0000000000
44863  -45.109  -51.074  67.703 0.0000000000
44875  -43.347  -51.755  66.062 0.0000000000
48047  -43.915  -48.314  65.323 0.0000000000
48061  -43.678  -48.448  65.113 0.0000000000
36812  -28.438  -58.216  71.045 0.0000000000
36829  -28.485  -58.051  70.548 0.0000000000
36830  -29.045  -58.373  70.289 0.0000000000
37978  -29.033  -57.865  69.423 0.0000000000
40370  -31.315  -55.880  68.082 0.0000000000
39194  -30.500  -56.658  67.579 0.0000000000
40369  -30.550  -55.808  67.225 0.0000000000
40399  -29.833  -55.690  65.692 0.0000000000
41545  -29.621  -54.830  65.077 0.0000000000
41562  -29.039  -54.857  64.199 0.0000000000
42705  -29.528  -54.002  64.416 0.0000000000
43791  -30.227  -53.165  63.514 0.0000000000
43810  -30.695  -52.631  63.042 0.0000000000
50073  -40.267  -46.548  61.781 0.0000000000
50072  -39.855  -46.588  61.329 0.0000000000
51152  -40.240  -45.974  61.769 0.0000000000
51166  -39.456  -45.868  60.861 0.0000000000
53333  -39.815  -43.386  59.527 0.0000000000
53331  -38.468  -43.897  58.897 0.0000000000
56478  -42.642  -41.401  57.771 0.0000000000
55499  -41.734  -41.448  57.076 0.0000000000
56512  -42.035  -41.099  56.097 0.0000000000
56514  -44.548  -40.351  55.628 0.0000000000
41461  -37.566  -54.427  72.970 0.0000000000
41478  -37.358  -54.271  72.347 0.0000000000
42622  -37.546  -53.514  71.816 0.0000000000
46871  -38.964  -49.946  69.856 0.0000000000
46926  -38.050  -49.266  67.179 0.0000000000
48005  -38.438  -48.635  66.643 0.0000000000
48986  -43.092  -47.128  69.446 0.0000000000
48964  -42.398  -47.324  69.933 0.0000000000
49006  -42.961  -47.218  68.445 0.0000000000
45943  -41.390  -50.463  66.212 0.0000000000
45942  -40.891  -50.958  65.853 0.0000000000
45954  -40.518  -50.492  65.036 0.0000000000
46973  -40.450  -49.530  64.881 0.0000000000
45953  -40.068  -50.996  64.520 0.0000000000
41385  -36.214  -54.007  75.547 0.0000000000
44707  -39.567  -51.246  75.755 0.0000000000
44723  -40.080  -51.574  75.240 0.0000000000
45777  -40.128  -50.651  75.698 0.0000000000
48906  -43.662  -47.756  74.528 0.0000000000
53200  -49.315  -42.975  70.176 0.0000000000
53214  -49.468  -43.172  69.679 0.0000000000
53215  -49.629  -42.492  69.586 0.0000000000
53230  -49.533  -42.345  69.330 0.0000000000
56347  -48.462  -40.403  67.106 0.0000000000
56385  -48.870  -40.539  65.355 0.0000000000
56404  -52.120  -40.014  64.363 0.0000000000
56403  -51.573  -40.416  64.232 0.0000000000
55419  -48.698  -41.029  62.535 0.0000000000
55435  -48.021  -41.117  61.792 0.0000000000
56457  -51.067  -40.638  59.637 0.0000000000
56456  -49.760  -40.919  59.856 0.0000000000
56497  -47.866  -39.930  56.504 0.0000000000
56517  -47.578  -39.515  55.816 0.0000000000
59736  -54.731  -37.673  59.205 0.0000000000
59735  -54.279  -37.764  58.594 0.0000000000
61724  -51.403  -36.217  56.389 0.0000000000
60717  -51.318  -36.731  56.483 0.0000000000
60716  -50.627  -36.953  56.285 0.0000000000
59792  -50.216  -37.237  56.203 0.0000000000
58691  -49.412  -38.041  55.942 0.0000000000
58690  -48.888  -38.048  55.595 0.0000000000
58702  -48.300  -37.773  55.172 0.0000000000
58701  -47.627  -37.887  54.730 0.0000000000
58707  -47.155  -37.708  54.130 0.0000000000
58714  -46.366  -37.884  53.102 0.0000000000
59810  -46.719  -37.558  53.144 0.0000000000
59816  -46.971  -37.195  52.928 0.0000000000
60767  -47.142  -36.874  52.408 0.0000000000
65554  -55.664  -32.071  53.549 0.0000000000
63663  -53.014  -33.322  51.357 0.0000000000
62774  -51.470  -34.150  48.810 0.0000000000
42572  -23.006  -53.271  73.802 0.0000000000
43702  -24.550  -52.637  70.443 0.0000000000
43713  -23.397  -52.680  68.986 0.0000000000
43720  -22.988  -52.706  68.312 0.0000000000
43730  -23.470  -52.317  67.594 0.0000000000
44852  -23.453  -52.050  65.973 0.0000000000
44879  -23.383  -51.959  64.804 0.0000000000
40354  -27.329  -56.136  67.685 0.0000000000
40367  -27.028  -55.576  67.399 0.0000000000
40382  -27.092  -55.691  66.480 0.0000000000
41526  -26.751  -55.134  65.789 0.0000000000
42684  -26.478  -54.451  64.863 0.0000000000
43845  -25.235  -52.630  60.465 0.0000000000
43826  -24.664  -51.969  61.275 0.0000000000
42818  -23.406  -54.414  58.663 0.0000000000
40513  -23.704  -55.584  57.832 0.0000000000
39322  -24.096  -56.547  57.440 0.0000000000
38122  -24.680  -57.848  57.412 0.0000000000
42640  -35.437  -53.895  69.244 0.0000000000
41504  -35.081  -54.197  69.049 0.0000000000
42648  -35.406  -53.521  68.589 0.0000000000
43759  -34.835  -52.777  65.993 0.0000000000
45974  -34.749  -50.680  62.392 0.0000000000
45962  -34.572  -51.138  62.995 0.0000000000
44937  -33.254  -51.096  61.567 0.0000000000
44936  -32.249  -51.154  61.382 0.0000000000
45984  -32.842  -50.859  61.142 0.0000000000
46022  -32.576  -50.219  59.434 0.0000000000
41657  -33.582  -54.291  58.815 0.0000000000
42806  -33.120  -53.990  58.809 0.0000000000
50036  -43.948  -47.168  65.236 0.0000000000
51113  -43.894  -46.510  65.243 0.0000000000
52168  -44.184  -45.491  65.736 0.0000000000
53259  -44.847  -44.151  66.802 0.0000000000
54300  -45.363  -43.411  67.232 0.0000000000
46891  -47.065  -48.678  69.490 0.0000000000
47990  -47.527  -48.395  68.912 0.0000000000
46931  -47.082  -48.954  68.598 0.0000000000
46947  -44.929  -49.872  66.485 0.0000000000
48029  -44.642  -48.995  66.060 0.0000000000
49045  -44.662  -48.187  66.065 0.0000000000
49060  -44.301  -47.593  65.592 0.0000000000
49070  -43.954  -47.571  65.302 0.0000000000
36833  -31.401  -58.532  71.034 0.0000000000
36847  -30.632  -58.445  70.188 0.0000000000
36848  -31.460  -58.293  70.358 0.0000000000
37996  -31.359  -57.873  69.518 0.0000000000
39182  -31.439  -57.275  68.916 0.0000000000
39167  -32.515  -57.616  69.973 0.0000000000
39183  -32.219  -57.110  69.436 0.0000000000
40355  -31.679  -56.644  68.695 0.0000000000
41511  -31.919  -55.013  67.595 0.0000000000
41548  -32.055  -54.312  66.596 0.0000000000
53309  -40.777  -43.874  61.990 0.0000000000
53317  -40.967  -43.429  61.629 0.0000000000
53325  -40.699  -43.474  61.078 0.0000000000
54369  -40.814  -42.970  60.133 0.0000000000
54376  -40.544  -42.980  59.584 0.0000000000
55474  -40.692  -42.165  58.138 0.0000000000
55487  -42.711  -41.561  58.483 0.0000000000
56479  -43.149  -41.269  58.085 0.0000000000
42580  -39.410  -52.672  73.566 0.0000000000
43674  -39.030  -52.573  72.837 0.0000000000
42601  -39.168  -52.638  73.127 0.0000000000
43694  -39.487  -51.791  72.410 0.0000000000
44792  -40.629  -51.202  72.722 0.0000000000
45867  -39.479  -50.222  71.042 0.0000000000
47964  -39.713  -48.535  68.929 0.0000000000
45931  -41.844  -51.115  67.155 0.0000000000
44860  -41.237  -52.015  67.174 0.0000000000
42692  -39.737  -53.571  66.107 0.0000000000
42672  -39.945  -53.924  66.848 0.0000000000
40400  -39.643  -55.459  66.664 0.0000000000
39206  -40.000  -56.178  66.953 0.0000000000
42750  -40.826  -53.215  62.169 0.0000000000
41609  -40.883  -53.895  61.512 0.0000000000
42771  -40.682  -53.268  61.220 0.0000000000
55422  -51.634  -40.895  62.502 0.0000000000
55439  -52.081  -40.915  61.957 0.0000000000
56429  -51.733  -40.948  61.275 0.0000000000
56442  -52.051  -40.720  60.582 0.0000000000
61689  -54.771  -35.443  58.421 0.0000000000
60703  -54.382  -36.182  58.236 0.0000000000
61708  -53.772  -35.830  57.399 0.0000000000
61726  -53.054  -35.951  57.118 0.0000000000
62680  -53.270  -35.212  56.683 0.0000000000
62679  -52.655  -35.538  56.635 0.0000000000
61725  -51.950  -35.957  56.528 0.0000000000
61745  -50.952  -35.935  56.077 0.0000000000
61744  -49.856  -35.744  55.293 0.0000000000
61743  -49.337  -35.952  55.070 0.0000000000
61762  -48.493  -35.969  54.231 0.0000000000
62713  -49.520  -35.149  54.557 0.0000000000
62723  -49.315  -34.847  54.082 0.0000000000
62729  -49.347  -34.837  53.161 0.0000000000
63649  -50.658  -34.157  54.243 0.0000000000
61780  -49.586  -35.327  51.718 0.0000000000
62734  -50.219  -35.117  51.431 0.0000000000
64635  -55.590  -32.116  51.361 0.0000000000
63668  -53.991  -33.314  49.990 0.0000000000
43627  -23.861  -53.211  75.190 0.0000000000
42536  -24.437  -53.465  75.059 0.0000000000
42573  -24.518  -53.242  73.827 0.0000000000
42594  -25.476  -53.716  72.634 0.0000000000
42614  -25.003  -53.022  71.821 0.0000000000
43703  -25.395  -52.781  70.269 0.0000000000
43723  -25.558  -52.685  68.688 0.0000000000
40426  -27.560  -55.963  62.998 0.0000000000
40425  -27.133  -55.661  63.160 0.0000000000
40461  -27.488  -55.257  61.468 0.0000000000
40475  -27.035  -54.970  60.655 0.0000000000
41637  -26.788  -54.306  60.068 0.0000000000
42803  -27.249  -53.563  59.365 0.0000000000
42821  -25.980  -53.727  58.154 0.0000000000
40525  -25.493  -55.557  56.392 0.0000000000
39336  -27.113  -56.457  55.777 0.0000000000
40540  -28.158  -55.425  55.698 0.0000000000
39337  -27.982  -56.551  55.782 0.0000000000
45929  -36.264  -51.039  66.351 0.0000000000
45952  -35.959  -50.397  64.378 0.0000000000
46985  -35.866  -49.775  63.030 0.0000000000
45975  -35.378  -49.965  62.207 0.0000000000
47018  -40.720  -49.310  61.698 0.0000000000
48117  -40.266  -48.822  61.334 0.0000000000
49095  -41.466  -47.365  62.899 0.0000000000
50056  -41.170  -46.804  62.725 0.0000000000
50055  -40.650  -46.493  62.226 0.0000000000
51112  -43.340  -46.141  64.860 0.0000000000
51111  -42.654  -45.721  64.531 0.0000000000
52184  -42.462  -44.802  64.674 0.0000000000
52198  -41.998  -45.184  64.121 0.0000000000
52197  -41.542  -44.508  63.533 0.0000000000
54353  -43.768  -42.159  63.041 0.0000000000
54354  -44.331  -42.080  62.909 0.0000000000
45838  -42.719  -49.966  73.365 0.0000000000
46838  -42.631  -49.811  72.836 0.0000000000
46857  -43.104  -49.376  72.591 0.0000000000
47946  -43.248  -48.373  71.604 0.0000000000
48966  -43.916  -47.776  71.211 0.0000000000
48946  -44.424  -48.093  71.636 0.0000000000
49007  -44.150  -47.573  68.794 0.0000000000
47968  -46.280  -48.415  69.657 0.0000000000
47989  -45.905  -48.686  69.175 0.0000000000
45918  -43.625  -50.663  67.955 0.0000000000
43738  -42.967  -52.157  67.672 0.0000000000
42661  -42.237  -53.007  67.158 0.0000000000
42694  -42.050  -53.326  66.186 0.0000000000
43779  -42.095  -53.000  65.016 0.0000000000
43780  -42.587  -52.459  65.383 0.0000000000
45991  -41.019  -50.227  61.779 0.0000000000
47019  -41.169  -49.705  62.049 0.0000000000
63639  -55.243  -32.995  55.069 0.0000000000
64566  -56.162  -32.946  55.537 0.0000000000
64606  -56.041  -32.190  54.070 0.0000000000
65555  -56.183  -31.945  53.541 0.0000000000
65571  -57.119  -31.548  52.726 0.0000000000
64636  -56.232  -31.951  51.061 0.0000000000
65609  -57.013  -31.456  50.478 0.0000000000
64651  -55.628  -32.594  49.261 0.0000000000
39143  -27.059  -56.713  71.939 0.0000000000
40325  -26.848  -55.910  71.429 0.0000000000
39154  -27.292  -56.692  70.856 0.0000000000
39166  -27.577  -56.663  69.349 0.0000000000
39181  -27.590  -56.571  68.401 0.0000000000
39193  -27.598  -56.742  67.166 0.0000000000
39203  -27.593  -57.031  66.206 0.0000000000
39216  -27.650  -56.916  65.345 0.0000000000
36857  -30.161  -58.089  69.252 0.0000000000
37994  -29.681  -57.770  68.837 0.0000000000
38006  -29.323  -57.538  67.360 0.0000000000
38016  -29.493  -57.260  66.481 0.0000000000
36864  -28.884  -57.831  66.516 0.0000000000
36881  -28.575  -57.652  65.325 0.0000000000
38045  -28.442  -57.048  64.870 0.0000000000
39249  -27.851  -56.196  63.249 0.0000000000
39264  -28.001  -56.047  62.692 0.0000000000
41594  -28.332  -54.919  61.910 0.0000000000
42768  -28.440  -53.944  61.574 0.0000000000
42726  -28.736  -54.409  62.971 0.0000000000
42769  -28.799  -53.552  62.209 0.0000000000
43828  -28.484  -53.229  61.071 0.0000000000
44951  -28.594  -52.276  60.566 0.0000000000
44992  -29.348  -51.411  58.728 0.0000000000
44939  -38.486  -52.041  61.697 0.0000000000
48130  -39.191  -48.433  59.986 0.0000000000
49125  -39.432  -47.254  60.709 0.0000000000
48129  -38.443  -48.342  59.221 0.0000000000
52241  -38.938  -44.401  59.901 0.0000000000
52229  -38.738  -45.034  60.001 0.0000000000
51181  -38.493  -45.717  59.640 0.0000000000
56538  -41.509  -40.532  53.759 0.0000000000
57579  -43.366  -39.805  53.450 0.0000000000
39139  -35.670  -56.206  72.407 0.0000000000
40329  -35.325  -55.836  71.349 0.0000000000
39149  -35.650  -55.851  71.890 0.0000000000
40330  -35.867  -55.171  71.480 0.0000000000
41477  -36.752  -54.526  71.878 0.0000000000
41493  -35.975  -54.092  70.355 0.0000000000
42641  -35.956  -53.480  69.558 0.0000000000
44842  -36.290  -51.649  67.571 0.0000000000
43706  -37.825  -52.365  71.201 0.0000000000
44819  -38.256  -51.201  70.458 0.0000000000
44818  -37.585  -51.674  69.977 0.0000000000
44817  -36.877  -52.039  69.233 0.0000000000
45914  -36.298  -51.299  66.965 0.0000000000
45930  -36.803  -50.223  66.204 0.0000000000
46958  -37.175  -49.419  64.996 0.0000000000
48023  -37.574  -49.051  65.401 0.0000000000
47922  -41.812  -48.781  71.401 0.0000000000
47921  -41.205  -48.652  70.971 0.0000000000
47986  -40.026  -48.004  68.516 0.0000000000
48008  -42.779  -48.778  67.222 0.0000000000
48027  -41.597  -48.735  66.195 0.0000000000
49024  -40.698  -47.653  66.777 0.0000000000
49003  -39.935  -47.835  67.215 0.0000000000
48057  -39.029  -48.557  64.291 0.0000000000
48058  -39.838  -49.073  64.492 0.0000000000
48077  -39.537  -49.176  64.033 0.0000000000
48076  -39.261  -49.052  63.783 0.0000000000
51030  -48.495  -45.239  69.577 0.0000000000
42537  -24.918  -53.935  75.563 0.0000000000
41398  -25.530  -54.643  75.975 0.0000000000
40285  -25.946  -55.388  74.217 0.0000000000
40303  -26.332  -56.006  73.539 0.0000000000
39132  -26.849  -56.770  72.937 0.0000000000
37948  -27.407  -57.412  72.373 0.0000000000
36800  -28.462  -58.222  71.731 0.0000000000
36814  -29.771  -58.614  71.474 0.0000000000
35634  -30.448  -58.682  71.190 0.0000000000
36815  -30.458  -58.545  71.595 0.0000000000
35635  -30.916  -58.546  71.271 0.0000000000
36834  -32.214  -58.378  71.262 0.0000000000
36835  -32.791  -58.236  71.615 0.0000000000
37952  -33.214  -58.057  71.718 0.0000000000
37953  -33.880  -57.709  71.986 0.0000000000
37943  -34.677  -57.287  72.583 0.0000000000
39127  -35.270  -56.899  73.022 0.0000000000
39128  -35.609  -56.487  72.854 0.0000000000
40308  -36.881  -55.206  73.328 0.0000000000
40277  -36.651  -54.937  74.568 0.0000000000
40292  -37.055  -55.004  74.139 0.0000000000
41442  -37.567  -54.521  73.753 0.0000000000
41443  -38.109  -53.942  74.035 0.0000000000
42544  -38.596  -53.250  74.867 0.0000000000
42562  -39.306  -52.945  74.262 0.0000000000
43646  -40.114  -52.293  74.030 0.0000000000
44740  -41.101  -51.435  74.097 0.0000000000
44741  -41.631  -50.896  74.075 0.0000000000
44757  -41.827  -50.706  73.784 0.0000000000
45817  -42.231  -50.371  73.617 0.0000000000
46782  -42.312  -49.682  74.729 0.0000000000
45780  -42.387  -50.055  74.392 0.0000000000
45818  -42.902  -49.891  73.553 0.0000000000
46821  -43.550  -49.389  73.478 0.0000000000
46822  -44.181  -48.931  73.259 0.0000000000
47909  -45.696  -47.717  72.296 0.0000000000
48930  -45.615  -47.025  72.827 0.0000000000
47910  -46.439  -47.450  71.777 0.0000000000
47927  -46.777  -47.610  71.255 0.0000000000
47928  -47.443  -47.514  70.887 0.0000000000
48970  -47.994  -47.098  70.122 0.0000000000
51060  -47.852  -45.581  68.306 0.0000000000
52143  -48.188  -44.675  68.389 0.0000000000
52128  -48.924  -43.987  69.016 0.0000000000
53245  -48.391  -44.109  68.490 0.0000000000
53243  -46.910  -44.044  67.856 0.0000000000
54271  -49.679  -41.738  69.467 0.0000000000
54270  -49.240  -41.909  68.984 0.0000000000
55327  -49.622  -40.969  69.170 0.0000000000
55325  -48.456  -42.188  68.460 0.0000000000
55340  -46.931  -42.155  67.769 0.0000000000
55357  -45.796  -42.266  67.247 0.0000000000
55372  -45.670  -41.590  66.076 0.0000000000
55386  -45.636  -41.484  64.939 0.0000000000
56364  -47.304  -40.844  65.969 0.0000000000
55402  -45.686  -41.586  63.901 0.0000000000
55416  -45.761  -41.742  62.894 0.0000000000
56400  -48.532  -40.816  64.529 0.0000000000
55389  -48.106  -40.999  63.926 0.0000000000
55465  -45.590  -41.373  60.061 0.0000000000
55468  -48.829  -41.066  60.311 0.0000000000
56455  -48.246  -40.892  59.395 0.0000000000
56481  -45.372  -40.818  57.482 0.0000000000
56528  -44.637  -39.957  54.674 0.0000000000
56541  -44.467  -39.719  53.944 0.0000000000
57499  -52.920  -39.656  59.216 0.0000000000
56486  -50.992  -39.585  57.947 0.0000000000
59753  -53.562  -37.715  58.078 0.0000000000
59752  -52.461  -37.809  57.532 0.0000000000
59751  -51.989  -37.937  57.384 0.0000000000
58648  -51.879  -38.332  57.507 0.0000000000
57531  -51.316  -39.018  57.659 0.0000000000
57530  -50.509  -39.283  57.450 0.0000000000
57529  -49.663  -39.477  57.115 0.0000000000
57543  -48.324  -39.322  56.124 0.0000000000
57561  -47.019  -39.273  55.268 0.0000000000
57573  -45.626  -39.354  54.299 0.0000000000
57581  -44.936  -39.291  53.530 0.0000000000
58711  -44.386  -38.478  52.508 0.0000000000
58720  -43.988  -37.994  52.033 0.0000000000
58713  -45.888  -38.071  52.837 0.0000000000
59813  -45.165  -37.770  52.199 0.0000000000
59823  -43.659  -37.326  51.396 0.0000000000
59833  -43.030  -37.132  51.130 0.0000000000
60784  -43.247  -36.590  50.861 0.0000000000
60763  -47.878  -36.319  53.388 0.0000000000
60768  -47.699  -36.441  52.579 0.0000000000
60778  -47.117  -36.632  51.723 0.0000000000
60788  -46.616  -36.577  51.445 0.0000000000
60787  -46.017  -36.519  51.261 0.0000000000
61792  -43.739  -35.895  50.589 0.0000000000
64581  -53.867  -32.946  54.579 0.0000000000
64603  -53.027  -32.949  54.033 0.0000000000
64620  -52.822  -32.931  52.969 0.0000000000
62746  -50.076  -35.120  50.429 0.0000000000
63666  -52.593  -33.894  50.690 0.0000000000
62748  -51.952  -34.439  50.358 0.0000000000
62762  -51.318  -34.532  49.550 0.0000000000
62745  -49.123  -34.987  50.276 0.0000000000
43641  -23.473  -53.196  74.567 0.0000000000
42591  -22.622  -53.586  72.890 0.0000000000
42664  -21.572  -53.526  66.517 0.0000000000
42665  -21.892  -53.135  66.109 0.0000000000
41483  -26.749  -54.946  69.939 0.0000000000
42639  -26.527  -54.154  69.409 0.0000000000
42646  -26.166  -53.374  68.991 0.0000000000
42655  -26.115  -53.190  67.957 0.0000000000
43744  -25.495  -52.323  66.200 0.0000000000
41577  -26.624  -54.968  63.324 0.0000000000
42704  -26.454  -54.519  63.852 0.0000000000
42703  -26.160  -53.570  63.941 0.0000000000
42745  -26.048  -53.350  61.817 0.0000000000
42724  -26.072  -53.469  62.784 0.0000000000
43756  -25.469  -52.237  65.217 0.0000000000
44869  -24.748  -51.817  65.610 0.0000000000
44880  -24.168  -51.739  64.685 0.0000000000
44894  -23.569  -51.827  63.896 0.0000000000
43825  -23.341  -52.267  61.611 0.0000000000
43806  -22.948  -52.168  63.082 0.0000000000
39334  -25.361  -56.720  56.507 0.0000000000
39158  -34.865  -56.153  71.030 0.0000000000
40343  -34.359  -55.380  69.772 0.0000000000
40358  -34.093  -55.035  69.113 0.0000000000
41515  -34.836  -54.004  68.394 0.0000000000
41502  -33.948  -54.818  68.576 0.0000000000
41530  -33.448  -54.245  67.245 0.0000000000
42668  -32.807  -54.096  66.500 0.0000000000
42688  -32.550  -54.013  66.070 0.0000000000
44857  -35.411  -52.291  66.092 0.0000000000
43776  -34.817  -52.647  65.168 0.0000000000
44882  -34.478  -52.566  64.039 0.0000000000
43758  -34.394  -53.080  65.437 0.0000000000
43774  -33.407  -53.221  64.764 0.0000000000
42708  -32.385  -53.550  65.177 0.0000000000
43772  -31.385  -53.071  64.096 0.0000000000
44897  -31.096  -52.441  63.003 0.0000000000
44916  -30.808  -52.117  62.513 0.0000000000
44935  -31.081  -51.437  61.610 0.0000000000
44953  -30.301  -51.112  60.629 0.0000000000
46007  -37.782  -51.391  60.474 0.0000000000
46006  -37.296  -50.791  60.077 0.0000000000
44975  -37.213  -51.775  59.232 0.0000000000
46027  -37.014  -51.128  59.307 0.0000000000
46026  -36.609  -50.723  58.982 0.0000000000
46047  -35.915  -50.548  58.357 0.0000000000
46046  -35.101  -50.146  58.253 0.0000000000
43909  -35.722  -52.585  57.636 0.0000000000
45016  -34.782  -51.531  57.582 0.0000000000
46045  -34.035  -50.087  58.231 0.0000000000
46070  -33.560  -50.781  57.738 0.0000000000
42826  -32.601  -53.421  58.450 0.0000000000
44994  -31.691  -51.411  58.127 0.0000000000
43904  -29.810  -52.746  57.105 0.0000000000
42862  -30.472  -54.006  56.959 0.0000000000
41690  -30.206  -54.652  56.687 0.0000000000
35636  -31.206  -58.507  71.260 0.0000000000
35649  -30.902  -58.617  71.011 0.0000000000
35650  -31.116  -58.550  71.123 0.0000000000
36832  -30.826  -58.574  70.755 0.0000000000
36858  -30.593  -58.188  69.583 0.0000000000
36865  -29.182  -57.615  66.563 0.0000000000
36868  -28.447  -57.753  65.618 0.0000000000
36869  -28.788  -57.921  65.846 0.0000000000
36870  -29.153  -57.701  66.054 0.0000000000
36882  -28.797  -57.768  65.319 0.0000000000
36883  -29.076  -57.788  65.496 0.0000000000
36900  -28.854  -57.714  65.097 0.0000000000
36901  -28.978  -57.879  65.172 0.0000000000
37003  -25.126  -58.221  57.346 0.0000000000
37022  -25.914  -57.863  56.676 0.0000000000
37023  -26.372  -57.938  56.591 0.0000000000
38030  -28.329  -57.370  65.204 0.0000000000
38031  -28.653  -57.593  65.173 0.0000000000
38032  -29.316  -57.233  65.651 0.0000000000
38046  -28.760  -57.428  65.044 0.0000000000
38132  -24.497  -57.243  57.270 0.0000000000
39205  -29.988  -56.540  66.703 0.0000000000
39215  -27.456  -56.411  64.644 0.0000000000
39217  -29.522  -56.489  65.575 0.0000000000
39229  -28.022  -56.689  64.413 0.0000000000
39248  -27.522  -56.048  63.274 0.0000000000
39265  -28.169  -56.011  63.018 0.0000000000
39348  -27.594  -56.057  55.646 0.0000000000
39349  -28.122  -55.902  55.655 0.0000000000
39350  -28.478  -55.669  55.746 0.0000000000
40337  -35.706  -54.873  70.954 0.0000000000
40353  -27.019  -55.748  68.409 0.0000000000
40368  -27.314  -56.095  67.020 0.0000000000
40384  -30.210  -55.682  66.406 0.0000000000
40397  -27.451  -56.640  65.826 0.0000000000
40428  -28.682  -55.643  63.918 0.0000000000
40443  -27.685  -55.724  62.427 0.0000000000
40444  -28.201  -55.650  62.433 0.0000000000
40460  -27.054  -55.088  61.131 0.0000000000
40477  -27.671  -55.033  61.032 0.0000000000
40524  -24.960  -56.099  56.628 0.0000000000
40527  -27.246  -55.082  55.796 0.0000000000
40539  -27.555  -55.464  55.689 0.0000000000
41471  -26.239  -54.323  71.444 0.0000000000
41513  -33.700  -54.572  67.903 0.0000000000
41514  -34.361  -54.237  67.989 0.0000000000
41527  -30.760  -54.944  66.838 0.0000000000
41528  -31.626  -54.629  67.001 0.0000000000
41529  -32.560  -54.325  66.946 0.0000000000
41561  -26.672  -55.213  64.054 0.0000000000
41620  -26.729  -54.663  60.683 0.0000000000
41621  -27.082  -54.714  60.336 0.0000000000
41639  -27.355  -54.023  59.911 0.0000000000
41643  -33.850  -54.744  59.213 0.0000000000
41650  -23.381  -55.012  58.335 0.0000000000
41654  -31.268  -54.268  57.914 0.0000000000
41671  -25.888  -54.165  57.233 0.0000000000
41699  -27.499  -54.973  55.786 0.0000000000
42554  -24.652  -53.424  74.367 0.0000000000
42649  -35.824  -53.143  68.872 0.0000000000
42671  -34.687  -53.169  66.588 0.0000000000
42691  -34.621  -53.032  66.246 0.0000000000
42728  -29.804  -53.568  63.994 0.0000000000
42746  -26.388  -54.167  62.154 0.0000000000
42747  -28.587  -54.293  62.351 0.0000000000
42748  -28.938  -53.712  62.820 0.0000000000
42841  -30.181  -53.148  57.051 0.0000000000
42843  -34.284  -53.026  57.506 0.0000000000
43611  -23.561  -53.311  75.692 0.0000000000
43626  -23.327  -53.326  75.242 0.0000000000
43647  -40.805  -51.699  73.929 0.0000000000
43653  -23.653  -53.088  73.975 0.0000000000
43654  -24.066  -53.052  73.633 0.0000000000
43660  -41.179  -51.256  73.686 0.0000000000
43668  -23.909  -53.044  73.203 0.0000000000
43687  -25.228  -52.924  71.002 0.0000000000
43692  -38.078  -52.830  71.853 0.0000000000
43718  -37.353  -52.369  70.450 0.0000000000
43734  -35.990  -52.377  68.106 0.0000000000
43755  -22.891  -52.309  65.872 0.0000000000
43757  -34.032  -53.263  65.101 0.0000000000
43775  -34.387  -52.889  64.662 0.0000000000
43790  -29.546  -53.291  63.049 0.0000000000
43792  -31.150  -52.742  63.464 0.0000000000
43844  -24.216  -52.429  60.481 0.0000000000
43847  -28.746  -52.531  60.983 0.0000000000
43863  -25.336  -52.908  59.754 0.0000000000
43881  -27.646  -52.890  58.440 0.0000000000
43905  -30.336  -52.961  57.307 0.0000000000
43906  -33.615  -52.037  57.576 0.0000000000
43907  -34.211  -52.178  57.521 0.0000000000
43927  -29.072  -52.847  56.822 0.0000000000
44742  -42.095  -50.576  73.943 0.0000000000
44755  -41.179  -51.154  73.442 0.0000000000
44773  -40.465  -51.529  72.891 0.0000000000
44833  -44.583  -51.052  68.187 0.0000000000
44837  -24.378  -51.887  67.016 0.0000000000
44838  -24.758  -51.939  67.241 0.0000000000
44848  -45.166  -51.123  67.914 0.0000000000
44859  -40.830  -52.334  67.025 0.0000000000
44868  -23.839  -51.855  65.487 0.0000000000
44871  -35.769  -51.690  65.565 0.0000000000
44898  -31.633  -52.271  63.029 0.0000000000
44930  -24.320  -51.616  62.081 0.0000000000
44932  -25.391  -52.314  62.203 0.0000000000
44933  -29.189  -52.262  61.298 0.0000000000
44938  -33.808  -50.951  61.473 0.0000000000
44954  -31.349  -50.970  60.895 0.0000000000
44955  -31.904  -50.845  60.795 0.0000000000
44971  -28.431  -51.996  60.046 0.0000000000
44996  -36.047  -51.109  58.028 0.0000000000
44998  -37.025  -52.185  58.712 0.0000000000
45018  -36.123  -52.140  57.850 0.0000000000
45835  -41.298  -50.685  72.799 0.0000000000
45851  -39.200  -50.832  71.315 0.0000000000
45941  -36.824  -49.923  65.493 0.0000000000
45988  -37.713  -50.426  60.716 0.0000000000
46020  -30.902  -50.655  60.005 0.0000000000
46025  -35.855  -49.908  58.981 0.0000000000
46048  -36.326  -50.977  58.396 0.0000000000
46069  -32.982  -50.977  57.688 0.0000000000
46071  -34.469  -50.720  57.747 0.0000000000
46072  -35.370  -50.878  57.814 0.0000000000
46856  -42.706  -49.422  72.420 0.0000000000
47028  -36.613  -49.627  60.523 0.0000000000
47950  -47.889  -47.621  69.964 0.0000000000
48028  -42.362  -49.107  66.816 0.0000000000
48048  -44.154  -48.510  65.518 0.0000000000
48062  -43.917  -48.629  65.331 0.0000000000
48968  -45.665  -47.817  70.996 0.0000000000
49057  -40.188  -48.282  65.424 0.0000000000
49972  -47.584  -47.090  68.315 0.0000000000
51031  -48.776  -44.552  69.248 0.0000000000
53285  -42.131  -43.680  64.169 0.0000000000
54268  -48.502  -42.869  68.522 0.0000000000
54363  -44.100  -42.139  62.578 0.0000000000
55456  -50.728  -41.057  61.011 0.0000000000
55477  -43.185  -41.572  59.023 0.0000000000
56428  -51.254  -40.998  61.165 0.0000000000
57500  -53.740  -39.426  59.465 0.0000000000
57516  -53.360  -39.094  58.859 0.0000000000
57533  -52.837  -38.889  58.386 0.0000000000
58647  -51.223  -38.530  57.301 0.0000000000
58649  -52.835  -38.408  58.014 0.0000000000
58667  -49.210  -38.400  56.030 0.0000000000
58706  -46.668  -37.941  53.664 0.0000000000
58721  -44.679  -37.986  52.247 0.0000000000
59791  -49.598  -37.455  55.850 0.0000000000
59811  -47.138  -37.298  53.562 0.0000000000
59814  -45.706  -37.725  52.372 0.0000000000
59822  -42.885  -37.502  51.305 0.0000000000
60766  -46.769  -37.021  52.074 0.0000000000
60774  -43.885  -36.794  51.146 0.0000000000
61763  -48.972  -35.694  54.568 0.0000000000
61764  -49.631  -35.333  54.807 0.0000000000
61772  -48.360  -35.868  53.811 0.0000000000
61785  -47.386  -36.344  51.482 0.0000000000
61788  -49.600  -35.496  51.014 0.0000000000
62715  -50.898  -34.546  55.046 0.0000000000
63606  -54.936  -34.244  56.651 0.0000000000
64607  -56.595  -32.094  54.043 0.0000000000
