#!ascii label  , from subject sub-MOT05 vox2ras=TkReg
1365
59761  -40.926  -37.727  55.920 0.0000000000
71664  -53.921  -26.098  51.462 0.0000000000
64601  -47.908  -32.226  53.648 0.0000000000
35587  -17.497  -60.001  77.745 0.0000000000
58508  -37.392  -39.808  62.110 0.0000000000
45809  -28.181  -50.615  72.506 0.0000000000
46799  -36.262  -49.087  74.849 0.0000000000
51044  -39.850  -45.123  68.908 0.0000000000
57342  -40.485  -40.851  67.265 0.0000000000
44763  -20.678  -51.440  71.805 0.0000000000
46759  -25.228  -49.940  75.787 0.0000000000
47935  -23.961  -48.663  70.457 0.0000000000
44829  -32.754  -51.490  68.624 0.0000000000
47983  -35.959  -48.038  69.319 0.0000000000
58563  -43.866  -38.262  60.879 0.0000000000
58646  -47.061  -38.181  58.229 0.0000000000
65607  -51.064  -30.894  50.842 0.0000000000
63618  -43.948  -33.787  55.159 0.0000000000
74706  -49.525  -22.693  48.534 0.0000000000
31140  -14.438  -63.813  79.395 0.0000000000
57414  -41.893  -39.423  64.844 0.0000000000
57496  -38.384  -39.053  59.055 0.0000000000
48999  -27.753  -49.145  68.575 0.0000000000
46797  -32.179  -50.231  74.175 0.0000000000
63572  -49.582  -34.188  58.557 0.0000000000
73737  -57.735  -23.246  44.577 0.0000000000
51073  -37.446  -45.310  66.522 0.0000000000
52164  -38.309  -43.589  65.429 0.0000000000
45861  -21.975  -49.703  70.677 0.0000000000
48021  -34.138  -48.636  66.421 0.0000000000
50004  -36.067  -46.946  66.618 0.0000000000
49970  -37.896  -46.559  69.208 0.0000000000
58617  -42.813  -38.478  58.677 0.0000000000
58593  -45.280  -38.202  59.416 0.0000000000
59745  -44.135  -37.909  57.087 0.0000000000
68680  -52.105  -28.345  50.772 0.0000000000
66564  -54.346  -30.494  52.516 0.0000000000
73654  -55.189  -23.544  51.716 0.0000000000
35603  -15.317  -59.966  75.447 0.0000000000
33337  -15.779  -61.939  77.820 0.0000000000
57390  -38.925  -40.878  64.411 0.0000000000
58446  -40.563  -39.714  66.076 0.0000000000
57431  -39.881  -39.400  63.775 0.0000000000
57468  -40.451  -39.248  61.855 0.0000000000
58557  -37.525  -38.754  60.762 0.0000000000
45789  -26.375  -50.290  74.181 0.0000000000
43612  -27.316  -52.593  75.824 0.0000000000
42575  -28.038  -53.076  73.378 0.0000000000
43691  -30.289  -53.285  71.915 0.0000000000
49981  -25.424  -47.347  66.522 0.0000000000
48037  -27.225  -48.320  65.684 0.0000000000
44789  -35.301  -51.302  71.431 0.0000000000
45848  -32.456  -51.098  71.263 0.0000000000
44720  -34.679  -51.148  74.891 0.0000000000
44704  -33.672  -51.454  76.595 0.0000000000
41415  -18.354  -54.835  74.617 0.0000000000
41361  -20.472  -54.469  77.888 0.0000000000
41329  -20.995  -55.267  80.224 0.0000000000
64576  -45.753  -32.284  54.857 0.0000000000
63604  -46.947  -33.737  56.837 0.0000000000
64549  -48.732  -32.084  56.678 0.0000000000
75813  -59.341  -22.056  42.672 0.0000000000
33310  -17.780  -61.738  80.666 0.0000000000
52101  -41.454  -43.646  71.050 0.0000000000
56310  -41.541  -40.867  70.054 0.0000000000
54266  -40.214  -42.690  67.535 0.0000000000
54308  -38.627  -42.024  64.900 0.0000000000
44713  -21.076  -52.174  74.816 0.0000000000
44699  -23.390  -50.851  76.954 0.0000000000
45786  -22.763  -50.225  73.754 0.0000000000
47883  -24.769  -48.894  72.828 0.0000000000
48924  -25.814  -49.613  71.524 0.0000000000
45948  -29.541  -50.374  65.663 0.0000000000
46941  -32.256  -50.089  66.055 0.0000000000
46902  -34.481  -49.858  68.389 0.0000000000
46852  -36.301  -49.440  71.889 0.0000000000
48963  -37.938  -47.144  71.363 0.0000000000
50999  -40.059  -45.808  71.802 0.0000000000
42611  -19.392  -52.873  72.028 0.0000000000
58494  -45.587  -38.334  63.995 0.0000000000
59653  -48.288  -37.418  65.649 0.0000000000
58513  -46.845  -37.743  62.747 0.0000000000
58537  -48.347  -37.791  61.410 0.0000000000
64632  -49.151  -32.192  51.981 0.0000000000
65535  -50.286  -31.557  54.459 0.0000000000
65553  -52.337  -31.257  53.302 0.0000000000
26490  -9.764  -67.247  82.004 0.0000000000
60753  -42.247  -36.204  55.201 0.0000000000
64596  -42.858  -32.408  54.001 0.0000000000
65602  -46.032  -31.357  50.526 0.0000000000
66607  -47.644  -29.873  50.026 0.0000000000
68694  -48.909  -28.454  49.939 0.0000000000
70735  -50.856  -26.153  49.857 0.0000000000
72601  -52.347  -24.205  50.094 0.0000000000
73672  -48.639  -23.979  49.232 0.0000000000
31121  -15.898  -63.497  81.338 0.0000000000
29993  -14.023  -64.954  82.202 0.0000000000
28851  -12.286  -66.018  82.721 0.0000000000
58410  -46.072  -38.129  69.511 0.0000000000
58392  -42.218  -39.722  69.863 0.0000000000
58434  -42.654  -39.443  67.580 0.0000000000
58463  -44.816  -39.022  66.056 0.0000000000
57455  -43.091  -39.212  63.312 0.0000000000
58561  -41.229  -38.878  60.453 0.0000000000
58638  -39.948  -38.832  57.033 0.0000000000
44672  -26.411  -51.566  78.163 0.0000000000
48977  -25.596  -48.464  69.176 0.0000000000
48927  -28.069  -49.428  71.140 0.0000000000
45890  -29.686  -50.282  68.524 0.0000000000
47939  -30.695  -49.667  70.877 0.0000000000
47890  -30.209  -50.443  72.266 0.0000000000
44736  -31.369  -52.204  74.401 0.0000000000
36787  -16.108  -58.455  74.745 0.0000000000
37906  -17.280  -56.810  74.763 0.0000000000
37883  -18.246  -58.076  77.075 0.0000000000
61720  -45.117  -35.852  55.863 0.0000000000
60699  -48.808  -36.403  57.662 0.0000000000
60686  -51.630  -36.260  59.016 0.0000000000
64528  -51.027  -32.581  57.954 0.0000000000
75727  -53.025  -22.226  49.611 0.0000000000
75747  -54.381  -21.538  48.979 0.0000000000
74725  -57.046  -21.783  47.237 0.0000000000
73720  -55.278  -23.476  45.752 0.0000000000
74737  -58.630  -21.889  46.427 0.0000000000
50033  -36.482  -45.874  64.585 0.0000000000
51110  -37.283  -44.867  64.556 0.0000000000
51121  -36.476  -45.308  63.562 0.0000000000
49067  -35.201  -47.297  64.875 0.0000000000
50032  -35.760  -46.688  64.670 0.0000000000
51072  -36.860  -45.868  66.107 0.0000000000
58664  -41.501  -38.246  56.823 0.0000000000
58642  -43.495  -38.243  57.587 0.0000000000
59763  -42.285  -37.690  56.433 0.0000000000
69734  -52.691  -27.478  51.031 0.0000000000
68682  -53.886  -28.477  51.314 0.0000000000
69723  -54.178  -27.154  52.191 0.0000000000
71657  -54.856  -25.842  52.692 0.0000000000
71673  -54.193  -25.002  51.341 0.0000000000
35593  -16.504  -59.985  76.531 0.0000000000
34482  -15.772  -60.820  76.725 0.0000000000
34473  -16.959  -60.781  77.957 0.0000000000
57429  -38.175  -40.478  62.440 0.0000000000
57411  -39.228  -40.015  64.286 0.0000000000
57430  -38.859  -39.952  62.897 0.0000000000
57450  -38.785  -39.469  61.922 0.0000000000
58529  -37.304  -39.086  61.583 0.0000000000
43583  -21.906  -53.337  79.102 0.0000000000
46814  -27.132  -50.383  72.793 0.0000000000
44734  -27.302  -51.651  73.924 0.0000000000
44765  -27.964  -51.789  72.545 0.0000000000
42617  -29.242  -53.808  71.756 0.0000000000
44785  -29.088  -52.453  71.789 0.0000000000
45814  -36.110  -50.352  73.610 0.0000000000
44753  -35.005  -51.627  73.316 0.0000000000
44739  -35.753  -50.682  74.415 0.0000000000
45775  -35.034  -50.887  75.649 0.0000000000
43624  -20.853  -52.893  75.578 0.0000000000
43593  -21.138  -53.448  77.509 0.0000000000
42487  -21.346  -53.747  78.558 0.0000000000
59620  -47.718  -37.633  68.797 0.0000000000
64599  -45.971  -32.212  53.950 0.0000000000
64563  -46.660  -32.490  55.639 0.0000000000
64578  -47.858  -31.936  54.571 0.0000000000
52113  -40.676  -44.416  69.514 0.0000000000
53212  -41.074  -43.364  69.483 0.0000000000
52139  -39.797  -43.897  67.572 0.0000000000
53270  -38.721  -42.921  65.575 0.0000000000
54323  -38.151  -42.159  64.482 0.0000000000
55384  -38.005  -41.568  64.033 0.0000000000
44747  -20.901  -51.500  72.735 0.0000000000
44732  -22.267  -50.736  74.249 0.0000000000
44748  -21.664  -50.893  73.091 0.0000000000
46865  -22.866  -49.150  70.412 0.0000000000
46830  -23.416  -49.346  72.357 0.0000000000
47915  -24.294  -48.899  71.576 0.0000000000
47900  -25.216  -49.138  72.586 0.0000000000
48937  -25.111  -49.208  71.538 0.0000000000
46968  -31.125  -49.598  64.503 0.0000000000
48004  -35.148  -48.286  67.690 0.0000000000
48003  -34.468  -48.965  67.489 0.0000000000
46903  -35.021  -49.425  68.827 0.0000000000
46869  -35.806  -49.596  70.622 0.0000000000
47940  -36.031  -48.817  70.531 0.0000000000
48962  -37.160  -47.691  71.463 0.0000000000
48982  -36.844  -47.602  70.340 0.0000000000
51043  -39.096  -45.557  68.591 0.0000000000
49954  -39.185  -46.287  70.035 0.0000000000
51028  -40.035  -45.438  69.723 0.0000000000
52085  -41.038  -44.517  71.611 0.0000000000
43684  -19.578  -52.355  71.315 0.0000000000
58511  -44.665  -38.620  63.124 0.0000000000
58495  -46.588  -37.871  63.808 0.0000000000
58534  -44.824  -38.306  61.880 0.0000000000
58620  -45.803  -38.338  58.702 0.0000000000
58565  -46.579  -37.995  60.597 0.0000000000
58596  -48.149  -38.305  59.664 0.0000000000
58597  -49.174  -38.352  59.785 0.0000000000
58623  -48.714  -38.185  58.874 0.0000000000
65586  -50.933  -31.586  51.475 0.0000000000
65566  -50.737  -31.832  52.459 0.0000000000
65567  -51.700  -31.557  52.390 0.0000000000
66556  -56.138  -29.913  53.718 0.0000000000
65603  -47.043  -31.300  50.617 0.0000000000
66605  -45.900  -29.869  49.763 0.0000000000
68693  -47.996  -28.439  49.709 0.0000000000
70733  -48.758  -26.714  49.526 0.0000000000
69746  -49.630  -27.502  49.936 0.0000000000
71684  -49.423  -25.558  49.466 0.0000000000
71685  -50.445  -25.400  49.631 0.0000000000
32244  -14.306  -62.804  77.641 0.0000000000
31139  -13.414  -64.310  79.385 0.0000000000
32198  -17.904  -62.698  82.506 0.0000000000
32217  -17.122  -62.331  80.866 0.0000000000
31112  -17.254  -63.243  82.664 0.0000000000
29986  -15.513  -64.762  82.571 0.0000000000
28853  -13.956  -65.756  82.605 0.0000000000
29992  -13.070  -65.250  82.180 0.0000000000
27675  -13.401  -66.284  82.588 0.0000000000
26483  -12.157  -66.890  82.558 0.0000000000
56320  -40.908  -40.886  68.729 0.0000000000
57328  -42.100  -40.215  70.540 0.0000000000
57344  -41.161  -39.964  68.198 0.0000000000
58462  -40.941  -38.921  65.581 0.0000000000
58433  -41.758  -39.392  67.058 0.0000000000
57374  -42.704  -39.464  66.405 0.0000000000
57375  -43.501  -39.394  66.620 0.0000000000
57395  -43.200  -39.469  65.780 0.0000000000
57436  -44.065  -39.206  64.712 0.0000000000
57434  -42.585  -39.438  64.049 0.0000000000
58559  -39.387  -38.857  60.437 0.0000000000
57483  -40.434  -39.107  60.973 0.0000000000
58588  -39.883  -38.879  59.337 0.0000000000
58615  -40.619  -38.847  58.432 0.0000000000
57512  -39.781  -39.071  58.302 0.0000000000
45749  -24.800  -50.083  76.306 0.0000000000
45723  -25.076  -50.813  78.051 0.0000000000
45736  -26.005  -50.788  77.194 0.0000000000
49019  -26.718  -48.418  67.250 0.0000000000
48996  -25.207  -47.903  67.923 0.0000000000
48979  -27.261  -49.118  69.242 0.0000000000
48958  -26.739  -49.206  69.927 0.0000000000
48960  -28.343  -49.219  70.128 0.0000000000
45927  -31.095  -51.314  66.675 0.0000000000
45937  -29.325  -50.572  66.469 0.0000000000
44827  -31.204  -51.461  68.716 0.0000000000
45812  -32.995  -50.364  73.163 0.0000000000
46849  -31.330  -50.058  71.345 0.0000000000
46834  -31.470  -50.084  72.204 0.0000000000
47905  -30.844  -50.229  72.289 0.0000000000
46795  -30.989  -50.363  73.938 0.0000000000
44735  -30.964  -51.397  74.304 0.0000000000
45772  -31.800  -50.763  75.015 0.0000000000
49903  -38.072  -46.369  74.476 0.0000000000
40267  -17.717  -55.830  74.945 0.0000000000
39089  -17.917  -56.536  75.918 0.0000000000
37896  -17.521  -57.253  75.420 0.0000000000
40186  -21.140  -55.908  81.523 0.0000000000
61761  -43.261  -35.094  55.031 0.0000000000
60733  -44.423  -36.390  55.860 0.0000000000
62695  -44.300  -34.629  55.505 0.0000000000
63587  -47.839  -33.695  57.486 0.0000000000
61705  -47.739  -35.243  57.423 0.0000000000
62662  -49.222  -34.852  58.339 0.0000000000
60684  -49.896  -36.639  58.194 0.0000000000
61686  -50.198  -35.510  58.507 0.0000000000
65513  -51.941  -31.262  56.388 0.0000000000
65512  -50.732  -31.433  56.392 0.0000000000
65497  -52.778  -31.700  57.361 0.0000000000
73674  -50.650  -23.499  49.409 0.0000000000
73661  -52.356  -23.331  50.003 0.0000000000
74696  -51.594  -22.893  49.354 0.0000000000
74709  -52.922  -22.405  48.624 0.0000000000
74722  -54.222  -22.545  48.108 0.0000000000
75759  -56.004  -21.560  48.119 0.0000000000
73697  -55.473  -23.086  47.410 0.0000000000
74763  -55.746  -22.663  44.638 0.0000000000
74747  -54.411  -22.661  45.310 0.0000000000
73735  -55.845  -23.340  45.168 0.0000000000
73722  -57.537  -23.150  45.686 0.0000000000
73723  -58.338  -22.861  45.336 0.0000000000
74766  -59.428  -22.503  44.638 0.0000000000
74795  -60.464  -22.035  42.591 0.0000000000
51057  -38.883  -45.051  67.829 0.0000000000
52138  -38.986  -44.312  67.266 0.0000000000
52150  -38.182  -44.375  66.333 0.0000000000
52182  -37.723  -44.045  64.536 0.0000000000
45845  -21.492  -50.293  71.278 0.0000000000
49054  -33.917  -47.838  64.731 0.0000000000
49039  -34.721  -47.798  66.120 0.0000000000
49021  -35.712  -47.675  67.925 0.0000000000
49001  -36.684  -47.263  69.212 0.0000000000
49986  -36.991  -46.709  68.403 0.0000000000
50006  -37.369  -45.778  67.289 0.0000000000
58591  -43.215  -38.407  59.770 0.0000000000
58564  -45.281  -38.107  60.518 0.0000000000
58618  -43.873  -38.300  58.682 0.0000000000
58643  -44.494  -38.206  57.792 0.0000000000
59746  -45.085  -37.804  57.093 0.0000000000
66595  -52.143  -30.017  50.638 0.0000000000
65588  -52.843  -30.965  51.747 0.0000000000
66597  -53.881  -29.930  51.028 0.0000000000
66575  -55.308  -29.612  52.058 0.0000000000
74679  -55.827  -22.675  51.687 0.0000000000
33336  -15.156  -62.063  77.400 0.0000000000
32236  -15.315  -62.804  78.370 0.0000000000
57370  -40.106  -41.194  65.610 0.0000000000
58430  -40.485  -40.513  66.318 0.0000000000
58459  -40.015  -40.525  65.120 0.0000000000
58473  -40.082  -39.452  65.100 0.0000000000
58491  -40.465  -39.132  64.336 0.0000000000
57432  -40.871  -39.229  63.728 0.0000000000
57451  -39.656  -39.417  62.462 0.0000000000
58531  -38.856  -38.904  61.091 0.0000000000
58586  -37.911  -38.812  59.881 0.0000000000
46774  -25.867  -50.077  75.040 0.0000000000
44700  -26.588  -51.184  76.383 0.0000000000
44716  -27.045  -51.681  74.985 0.0000000000
42556  -27.854  -53.153  74.314 0.0000000000
41474  -29.494  -54.921  71.777 0.0000000000
49037  -26.055  -47.452  66.075 0.0000000000
47999  -27.330  -48.738  67.130 0.0000000000
44816  -33.929  -51.495  69.558 0.0000000000
44800  -32.650  -51.604  70.236 0.0000000000
44787  -33.750  -51.731  71.092 0.0000000000
45832  -33.364  -51.162  72.688 0.0000000000
45794  -33.608  -51.002  74.521 0.0000000000
45773  -32.852  -50.842  74.950 0.0000000000
45774  -34.099  -51.159  75.353 0.0000000000
42589  -18.467  -54.031  72.759 0.0000000000
42550  -18.868  -54.365  74.423 0.0000000000
40246  -19.280  -55.663  77.162 0.0000000000
40219  -19.863  -55.990  78.591 0.0000000000
41346  -20.464  -54.894  78.467 0.0000000000
64561  -44.443  -33.118  55.201 0.0000000000
63619  -45.033  -33.777  55.627 0.0000000000
64562  -45.544  -32.946  55.545 0.0000000000
64548  -47.506  -32.752  56.657 0.0000000000
64526  -48.401  -32.905  57.378 0.0000000000
74717  -48.961  -22.300  47.718 0.0000000000
74707  -50.653  -22.847  48.687 0.0000000000
74730  -49.433  -22.281  47.085 0.0000000000
75797  -55.957  -21.613  44.292 0.0000000000
74781  -58.212  -22.472  43.433 0.0000000000
75798  -56.718  -21.542  43.773 0.0000000000
76812  -57.749  -20.465  43.080 0.0000000000
35579  -18.051  -60.032  79.025 0.0000000000
34466  -17.434  -60.756  78.668 0.0000000000
55275  -41.970  -41.559  71.909 0.0000000000
54235  -41.517  -42.343  70.286 0.0000000000
55308  -40.946  -41.775  69.126 0.0000000000
55323  -40.218  -41.982  67.592 0.0000000000
53240  -39.176  -43.424  66.659 0.0000000000
54297  -39.618  -42.482  66.506 0.0000000000
56363  -39.881  -41.596  65.939 0.0000000000
56382  -39.086  -41.228  64.980 0.0000000000
56398  -38.331  -41.198  63.364 0.0000000000
43625  -21.625  -52.380  76.027 0.0000000000
44682  -22.656  -51.987  77.642 0.0000000000
44714  -21.813  -51.731  75.386 0.0000000000
44733  -22.840  -50.494  74.793 0.0000000000
45788  -23.908  -49.847  74.504 0.0000000000
45826  -22.738  -49.774  72.352 0.0000000000
45806  -23.238  -49.695  73.303 0.0000000000
46791  -25.078  -49.350  74.234 0.0000000000
47872  -25.438  -49.259  73.555 0.0000000000
47874  -26.193  -49.879  73.339 0.0000000000
47887  -26.565  -49.995  72.381 0.0000000000
45939  -30.866  -50.691  65.561 0.0000000000
45928  -32.001  -50.787  66.497 0.0000000000
48020  -33.510  -49.243  66.500 0.0000000000
46923  -33.399  -50.027  67.254 0.0000000000
45894  -33.384  -50.970  68.217 0.0000000000
45864  -34.858  -50.975  70.078 0.0000000000
45849  -35.905  -50.382  71.611 0.0000000000
46836  -36.504  -49.129  72.940 0.0000000000
47875  -36.560  -48.263  74.793 0.0000000000
47906  -36.775  -48.377  73.190 0.0000000000
48929  -37.533  -47.337  73.219 0.0000000000
49920  -38.618  -46.560  72.782 0.0000000000
49953  -38.371  -46.803  70.572 0.0000000000
49943  -39.059  -46.582  71.126 0.0000000000
50984  -39.705  -45.788  72.675 0.0000000000
52071  -40.799  -44.502  72.699 0.0000000000
42590  -19.320  -53.264  72.651 0.0000000000
58465  -46.365  -38.085  65.912 0.0000000000
59663  -47.416  -37.609  64.736 0.0000000000
59673  -47.581  -37.512  63.725 0.0000000000
59674  -48.542  -37.346  63.702 0.0000000000
58535  -46.067  -37.898  61.698 0.0000000000
58536  -47.340  -37.673  61.681 0.0000000000
64618  -48.111  -32.367  52.788 0.0000000000
65534  -49.219  -31.774  54.516 0.0000000000
65550  -49.618  -31.998  53.575 0.0000000000
65536  -51.304  -31.325  54.358 0.0000000000
65526  -53.075  -30.813  55.702 0.0000000000
66553  -53.174  -30.924  53.325 0.0000000000
66542  -53.786  -30.740  54.289 0.0000000000
59806  -39.841  -37.212  54.677 0.0000000000
60730  -41.898  -36.709  55.383 0.0000000000
61758  -40.398  -35.837  54.147 0.0000000000
61771  -41.262  -34.861  54.151 0.0000000000
63631  -42.096  -33.725  54.185 0.0000000000
64573  -42.575  -33.032  54.374 0.0000000000
64597  -43.868  -32.227  54.092 0.0000000000
64598  -44.910  -32.208  54.048 0.0000000000
64616  -46.188  -32.501  52.991 0.0000000000
64629  -46.434  -32.416  52.001 0.0000000000
65583  -47.710  -31.876  51.232 0.0000000000
65604  -48.039  -31.231  50.686 0.0000000000
66592  -49.412  -30.439  50.456 0.0000000000
67595  -47.368  -29.175  49.758 0.0000000000
67596  -48.341  -29.332  50.006 0.0000000000
67580  -49.674  -29.673  50.354 0.0000000000
68678  -50.407  -28.273  50.385 0.0000000000
69733  -51.765  -27.418  50.600 0.0000000000
70722  -52.545  -26.500  50.698 0.0000000000
71671  -52.310  -25.390  50.268 0.0000000000
71686  -51.421  -25.303  49.879 0.0000000000
72616  -50.991  -24.464  49.640 0.0000000000
73683  -49.034  -23.261  49.021 0.0000000000
74705  -48.532  -22.754  48.492 0.0000000000
33317  -16.752  -61.952  79.444 0.0000000000
32225  -16.092  -62.650  79.488 0.0000000000
31130  -15.301  -63.679  80.493 0.0000000000
31100  -16.178  -64.060  82.614 0.0000000000
31109  -15.500  -63.964  81.986 0.0000000000
31129  -14.473  -64.195  80.523 0.0000000000
30019  -13.522  -64.659  80.508 0.0000000000
29991  -12.212  -65.377  81.913 0.0000000000
28861  -11.515  -65.870  82.408 0.0000000000
27682  -11.109  -66.473  82.608 0.0000000000
59619  -46.591  -37.917  69.010 0.0000000000
58393  -43.053  -39.374  70.292 0.0000000000
58419  -41.386  -39.618  67.770 0.0000000000
58406  -42.586  -39.391  69.249 0.0000000000
58423  -44.957  -38.651  69.174 0.0000000000
58436  -44.913  -38.827  68.098 0.0000000000
58451  -46.248  -38.234  66.943 0.0000000000
58476  -44.973  -38.820  65.328 0.0000000000
58510  -43.891  -39.024  63.524 0.0000000000
58533  -43.361  -38.781  62.293 0.0000000000
57469  -41.310  -39.249  62.145 0.0000000000
57485  -41.825  -39.214  61.665 0.0000000000
58562  -42.410  -38.812  61.118 0.0000000000
58590  -42.056  -38.649  59.671 0.0000000000
58639  -40.669  -38.748  57.397 0.0000000000
58663  -40.563  -38.215  56.399 0.0000000000
58556  -36.581  -39.012  60.781 0.0000000000
58585  -36.929  -38.865  59.970 0.0000000000
57495  -37.411  -39.069  59.141 0.0000000000
57509  -36.964  -39.263  58.324 0.0000000000
57525  -37.519  -39.312  57.498 0.0000000000
58661  -38.760  -38.902  56.376 0.0000000000
58687  -39.440  -38.309  55.785 0.0000000000
59785  -39.254  -37.851  55.081 0.0000000000
43596  -27.135  -52.421  76.983 0.0000000000
48994  -23.936  -47.834  68.346 0.0000000000
48995  -24.446  -47.904  68.375 0.0000000000
48976  -24.807  -48.264  69.171 0.0000000000
48939  -26.227  -49.424  70.709 0.0000000000
47901  -26.977  -49.886  71.576 0.0000000000
47888  -27.925  -49.870  72.158 0.0000000000
46952  -28.181  -49.303  65.931 0.0000000000
46920  -28.422  -49.515  67.481 0.0000000000
47980  -28.771  -49.475  68.613 0.0000000000
45876  -31.039  -50.888  69.614 0.0000000000
46883  -30.319  -49.788  69.474 0.0000000000
47937  -29.413  -49.074  69.990 0.0000000000
47917  -29.331  -49.130  70.718 0.0000000000
47889  -29.132  -49.911  72.151 0.0000000000
46833  -29.140  -50.690  72.349 0.0000000000
45830  -30.014  -51.415  72.604 0.0000000000
43673  -31.083  -53.158  72.861 0.0000000000
36786  -15.191  -58.849  74.538 0.0000000000
36766  -17.174  -59.189  76.316 0.0000000000
39119  -16.524  -56.048  73.616 0.0000000000
37919  -15.551  -57.031  73.587 0.0000000000
37905  -16.750  -57.593  74.682 0.0000000000
36767  -17.747  -58.580  76.427 0.0000000000
36760  -18.147  -58.919  77.465 0.0000000000
36755  -18.696  -58.615  78.441 0.0000000000
39054  -20.582  -56.553  80.773 0.0000000000
59789  -42.847  -37.080  56.061 0.0000000000
60711  -44.249  -36.928  56.094 0.0000000000
59767  -46.311  -36.919  56.635 0.0000000000
62677  -46.263  -34.640  56.430 0.0000000000
60715  -47.166  -36.350  56.975 0.0000000000
59749  -48.492  -37.199  57.695 0.0000000000
59732  -49.309  -37.560  58.310 0.0000000000
65522  -48.876  -31.616  55.539 0.0000000000
65494  -49.744  -31.942  57.132 0.0000000000
64509  -50.337  -33.043  58.250 0.0000000000
72602  -53.286  -24.456  50.585 0.0000000000
74688  -54.570  -22.583  50.935 0.0000000000
75729  -54.644  -21.716  50.435 0.0000000000
74697  -52.555  -22.438  49.249 0.0000000000
75737  -54.071  -21.682  49.529 0.0000000000
76758  -55.391  -21.031  50.133 0.0000000000
76765  -56.494  -20.739  49.518 0.0000000000
76772  -57.691  -20.792  48.550 0.0000000000
73707  -54.939  -23.608  46.716 0.0000000000
73708  -56.106  -23.339  46.720 0.0000000000
75772  -58.457  -21.362  47.005 0.0000000000
74782  -59.412  -22.488  43.463 0.0000000000
51109  -36.849  -45.313  64.408 0.0000000000
50022  -36.481  -46.247  65.605 0.0000000000
58665  -42.379  -38.172  57.073 0.0000000000
59762  -41.453  -37.741  56.174 0.0000000000
70723  -53.347  -26.628  51.301 0.0000000000
69735  -53.549  -27.537  51.614 0.0000000000
70715  -53.967  -26.558  51.866 0.0000000000
70716  -54.496  -26.426  52.491 0.0000000000
71665  -54.547  -25.455  51.954 0.0000000000
35586  -16.820  -60.523  77.406 0.0000000000
58488  -37.867  -40.037  62.327 0.0000000000
58489  -38.037  -39.903  62.430 0.0000000000
58509  -38.013  -39.260  62.357 0.0000000000
43584  -22.482  -52.755  78.865 0.0000000000
43595  -22.529  -52.512  78.256 0.0000000000
45808  -27.494  -50.971  72.840 0.0000000000
44749  -27.608  -51.715  73.116 0.0000000000
45827  -27.799  -51.334  72.689 0.0000000000
44766  -28.627  -51.981  72.009 0.0000000000
45828  -28.364  -51.057  72.411 0.0000000000
45795  -36.148  -49.884  74.524 0.0000000000
46777  -35.908  -49.386  75.878 0.0000000000
64600  -47.003  -32.228  53.806 0.0000000000
64577  -46.861  -32.132  54.769 0.0000000000
52112  -40.166  -44.889  69.101 0.0000000000
52126  -40.639  -43.934  68.964 0.0000000000
52125  -39.975  -44.424  68.388 0.0000000000
54350  -37.314  -43.095  63.009 0.0000000000
53284  -37.974  -43.028  64.473 0.0000000000
44764  -21.270  -50.901  72.096 0.0000000000
47934  -23.445  -48.725  69.875 0.0000000000
46866  -23.414  -49.025  71.004 0.0000000000
47916  -24.769  -49.023  71.539 0.0000000000
47936  -24.532  -48.843  71.015 0.0000000000
47982  -35.466  -48.560  68.761 0.0000000000
47962  -35.787  -48.788  69.815 0.0000000000
47963  -36.223  -48.114  70.062 0.0000000000
51027  -39.319  -45.887  69.377 0.0000000000
51029  -40.677  -44.815  70.133 0.0000000000
43685  -20.245  -51.818  71.545 0.0000000000
43666  -20.338  -52.044  72.158 0.0000000000
58645  -46.459  -38.211  57.991 0.0000000000
58621  -46.693  -38.335  58.776 0.0000000000
58622  -47.645  -38.210  58.599 0.0000000000
59730  -47.765  -37.983  58.107 0.0000000000
65606  -50.112  -31.149  50.778 0.0000000000
65587  -51.984  -31.261  51.425 0.0000000000
66544  -55.935  -30.310  54.641 0.0000000000
71683  -48.359  -25.627  49.356 0.0000000000
32235  -14.397  -63.340  78.349 0.0000000000
31151  -13.908  -63.802  78.830 0.0000000000
31150  -13.315  -63.631  78.286 0.0000000000
31102  -17.805  -63.570  82.875 0.0000000000
26484  -12.913  -66.877  82.503 0.0000000000
56333  -40.660  -40.994  68.042 0.0000000000
57335  -40.982  -40.512  68.571 0.0000000000
57343  -40.762  -40.555  67.830 0.0000000000
58475  -41.235  -39.045  65.117 0.0000000000
57373  -41.872  -39.331  66.405 0.0000000000
57394  -42.349  -39.441  65.683 0.0000000000
57415  -42.892  -39.473  64.942 0.0000000000
58587  -38.871  -38.815  59.696 0.0000000000
58560  -40.290  -38.866  60.228 0.0000000000
57497  -39.251  -38.963  58.913 0.0000000000
57498  -39.725  -38.948  58.817 0.0000000000
57511  -38.883  -39.078  58.260 0.0000000000
45735  -25.309  -50.497  77.237 0.0000000000
45750  -25.544  -50.302  76.411 0.0000000000
48998  -26.952  -48.758  68.381 0.0000000000
48980  -28.072  -49.286  69.456 0.0000000000
45911  -31.451  -51.411  67.444 0.0000000000
44840  -30.959  -51.570  67.817 0.0000000000
44828  -32.051  -51.514  68.472 0.0000000000
46819  -32.404  -50.044  73.527 0.0000000000
46835  -32.262  -50.011  72.713 0.0000000000
46818  -31.508  -50.026  73.211 0.0000000000
46796  -31.453  -50.395  74.210 0.0000000000
46776  -31.971  -50.475  74.643 0.0000000000
50954  -38.817  -45.651  74.492 0.0000000000
39080  -19.410  -56.549  78.188 0.0000000000
63617  -43.476  -34.169  54.948 0.0000000000
62694  -43.611  -34.617  55.157 0.0000000000
63588  -49.064  -33.653  58.156 0.0000000000
62661  -48.292  -34.563  57.865 0.0000000000
62643  -49.970  -34.586  58.706 0.0000000000
65514  -53.275  -31.026  56.446 0.0000000000
73685  -50.539  -22.988  49.186 0.0000000000
74695  -50.855  -23.000  49.186 0.0000000000
73695  -53.627  -23.186  47.590 0.0000000000
73696  -54.583  -23.178  47.534 0.0000000000
73736  -56.659  -23.382  44.873 0.0000000000
73738  -58.669  -22.808  44.705 0.0000000000
73749  -58.249  -22.947  44.051 0.0000000000
52137  -38.140  -44.803  66.959 0.0000000000
51122  -36.918  -44.978  64.067 0.0000000000
52196  -37.194  -44.516  63.705 0.0000000000
49056  -35.353  -47.316  65.609 0.0000000000
49055  -34.684  -47.601  65.181 0.0000000000
49040  -35.573  -47.389  66.826 0.0000000000
49041  -36.044  -47.182  67.454 0.0000000000
49022  -36.293  -47.137  68.113 0.0000000000
51056  -38.186  -45.362  67.585 0.0000000000
59744  -43.688  -37.982  57.074 0.0000000000
58644  -45.488  -38.199  57.841 0.0000000000
67583  -52.558  -29.215  50.733 0.0000000000
66596  -53.074  -30.024  50.786 0.0000000000
67584  -53.470  -29.230  50.908 0.0000000000
66576  -55.764  -29.278  52.275 0.0000000000
66566  -55.875  -29.609  52.774 0.0000000000
67569  -56.334  -28.915  52.675 0.0000000000
73646  -55.908  -23.449  52.281 0.0000000000
74672  -56.275  -22.949  52.074 0.0000000000
73655  -55.724  -23.137  51.968 0.0000000000
34471  -15.515  -61.288  77.009 0.0000000000
33326  -15.619  -62.269  77.979 0.0000000000
57391  -39.372  -40.801  64.867 0.0000000000
58444  -40.127  -40.845  65.330 0.0000000000
57412  -39.789  -39.720  64.714 0.0000000000
58490  -40.094  -39.325  64.618 0.0000000000
58530  -38.235  -38.819  61.507 0.0000000000
57466  -38.814  -39.088  61.485 0.0000000000
58558  -38.446  -38.745  60.579 0.0000000000
45769  -26.308  -50.515  74.940 0.0000000000
43643  -27.656  -52.394  73.748 0.0000000000
42618  -30.009  -53.876  71.649 0.0000000000
49038  -26.557  -47.765  66.000 0.0000000000
48018  -27.050  -48.450  66.501 0.0000000000
44802  -34.343  -51.541  70.276 0.0000000000
44788  -34.537  -51.685  71.288 0.0000000000
44737  -34.298  -51.354  74.113 0.0000000000
44752  -34.106  -51.569  73.052 0.0000000000
45813  -33.506  -51.017  73.643 0.0000000000
45756  -34.651  -50.905  76.314 0.0000000000
42570  -19.293  -53.654  73.609 0.0000000000
42569  -18.724  -54.252  73.895 0.0000000000
42551  -19.248  -53.961  74.407 0.0000000000
42499  -20.036  -54.338  76.723 0.0000000000
41360  -19.948  -54.861  77.537 0.0000000000
41345  -19.989  -55.189  78.142 0.0000000000
43576  -22.016  -53.744  79.961 0.0000000000
42477  -21.489  -54.106  79.460 0.0000000000
64575  -44.660  -32.467  54.846 0.0000000000
64564  -47.909  -31.968  55.659 0.0000000000
75796  -55.175  -21.569  44.723 0.0000000000
76800  -55.440  -20.562  44.664 0.0000000000
76801  -56.212  -20.534  44.231 0.0000000000
35570  -18.366  -60.371  79.621 0.0000000000
33293  -19.039  -61.899  82.633 0.0000000000
53174  -41.580  -43.153  71.527 0.0000000000
54217  -41.729  -42.377  71.215 0.0000000000
53198  -41.452  -43.249  70.500 0.0000000000
53226  -40.624  -43.393  68.615 0.0000000000
54252  -40.909  -42.670  68.999 0.0000000000
54267  -40.534  -42.463  68.273 0.0000000000
55324  -40.577  -41.505  68.205 0.0000000000
52151  -38.756  -43.664  66.270 0.0000000000
54309  -38.917  -42.258  65.470 0.0000000000
53256  -39.013  -42.860  66.160 0.0000000000
54296  -39.282  -42.209  65.968 0.0000000000
55355  -39.667  -41.842  66.097 0.0000000000
55354  -39.261  -41.847  65.599 0.0000000000
56362  -39.521  -41.449  65.475 0.0000000000
55370  -38.920  -41.615  65.073 0.0000000000
45766  -23.399  -50.365  75.233 0.0000000000
45787  -23.144  -50.157  74.257 0.0000000000
45825  -22.002  -50.334  72.239 0.0000000000
45846  -22.346  -49.744  71.429 0.0000000000
46831  -24.015  -49.054  72.403 0.0000000000
46811  -23.741  -49.287  72.908 0.0000000000
45807  -23.645  -49.707  73.904 0.0000000000
46812  -24.325  -49.229  73.480 0.0000000000
47871  -25.203  -49.088  73.659 0.0000000000
48923  -25.318  -49.403  72.033 0.0000000000
47885  -25.490  -49.328  72.732 0.0000000000
47886  -25.881  -49.705  72.563 0.0000000000
48913  -26.044  -49.793  71.988 0.0000000000
45950  -30.752  -50.184  64.945 0.0000000000
46940  -31.626  -50.569  65.793 0.0000000000
46922  -32.613  -50.424  66.821 0.0000000000
48040  -33.134  -48.660  65.476 0.0000000000
46924  -34.027  -49.663  67.642 0.0000000000
46901  -33.876  -50.230  68.007 0.0000000000
45895  -34.044  -50.636  68.547 0.0000000000
45878  -34.469  -50.816  69.303 0.0000000000
45879  -34.963  -50.407  69.745 0.0000000000
46870  -36.082  -49.188  71.083 0.0000000000
46851  -36.025  -49.666  71.290 0.0000000000
45850  -36.194  -50.125  72.241 0.0000000000
47920  -36.681  -48.469  72.188 0.0000000000
48943  -37.126  -47.810  72.634 0.0000000000
48944  -37.701  -47.326  72.279 0.0000000000
49919  -38.052  -46.890  72.963 0.0000000000
49928  -38.284  -46.901  72.118 0.0000000000
49969  -37.158  -46.806  68.945 0.0000000000
49002  -37.201  -47.092  69.805 0.0000000000
49944  -39.705  -46.197  70.989 0.0000000000
49930  -39.471  -46.267  71.878 0.0000000000
50985  -40.235  -45.236  72.668 0.0000000000
51000  -40.591  -45.201  71.734 0.0000000000
52100  -41.161  -44.226  70.622 0.0000000000
52072  -41.216  -44.019  72.289 0.0000000000
52086  -41.376  -43.840  71.598 0.0000000000
43640  -20.568  -52.531  74.259 0.0000000000
58477  -45.588  -38.477  65.063 0.0000000000
59652  -47.311  -37.726  65.777 0.0000000000
58478  -46.466  -38.015  64.870 0.0000000000
59683  -47.853  -37.446  62.795 0.0000000000
58566  -47.684  -38.006  60.573 0.0000000000
59694  -48.231  -37.513  62.158 0.0000000000
59695  -48.985  -37.620  62.153 0.0000000000
58538  -49.268  -38.065  61.493 0.0000000000
58568  -49.700  -38.393  60.722 0.0000000000
64619  -48.986  -32.295  52.749 0.0000000000
65565  -49.834  -32.098  52.616 0.0000000000
65552  -51.480  -31.547  53.367 0.0000000000
65537  -52.149  -31.102  54.187 0.0000000000
65525  -52.320  -30.910  55.300 0.0000000000
66529  -52.655  -30.871  54.698 0.0000000000
66573  -53.565  -30.532  51.539 0.0000000000
66563  -53.439  -30.846  52.467 0.0000000000
66543  -54.829  -30.569  54.436 0.0000000000
27681  -10.040  -66.615  82.372 0.0000000000
28859  -9.389  -66.110  82.130 0.0000000000
62722  -41.167  -34.415  53.995 0.0000000000
62710  -41.666  -34.510  54.191 0.0000000000
63630  -41.569  -34.054  54.021 0.0000000000
64572  -42.109  -33.167  54.122 0.0000000000
64574  -43.612  -32.862  54.731 0.0000000000
64614  -44.112  -32.168  53.229 0.0000000000
64615  -45.130  -32.402  53.121 0.0000000000
64627  -44.315  -32.271  52.247 0.0000000000
65582  -46.720  -31.944  51.199 0.0000000000
64630  -47.429  -32.353  51.954 0.0000000000
66590  -47.380  -30.558  50.254 0.0000000000
65605  -49.076  -31.238  50.713 0.0000000000
66591  -48.395  -30.368  50.317 0.0000000000
67597  -49.222  -29.160  50.161 0.0000000000
67598  -49.758  -29.138  50.302 0.0000000000
67581  -50.463  -29.188  50.453 0.0000000000
68695  -49.756  -28.519  50.233 0.0000000000
69747  -50.389  -26.841  49.944 0.0000000000
69732  -50.706  -27.424  50.265 0.0000000000
70720  -50.865  -26.721  50.046 0.0000000000
70721  -51.519  -26.427  50.185 0.0000000000
71670  -51.674  -25.771  50.029 0.0000000000
70736  -51.379  -25.925  49.946 0.0000000000
72614  -49.012  -24.678  49.320 0.0000000000
72615  -50.019  -24.550  49.455 0.0000000000
73673  -49.561  -23.802  49.300 0.0000000000
31138  -12.396  -64.186  78.861 0.0000000000
34459  -17.891  -60.939  79.673 0.0000000000
34458  -17.256  -61.328  79.215 0.0000000000
33318  -17.376  -61.612  79.827 0.0000000000
32208  -16.645  -62.891  81.465 0.0000000000
32216  -16.585  -62.595  80.373 0.0000000000
32207  -16.247  -62.999  80.890 0.0000000000
32215  -15.919  -63.114  80.338 0.0000000000
31101  -16.924  -63.856  82.751 0.0000000000
29994  -14.966  -64.531  82.192 0.0000000000
31120  -15.090  -64.063  81.377 0.0000000000
30008  -14.381  -64.541  81.511 0.0000000000
30020  -14.004  -64.552  81.028 0.0000000000
30007  -13.638  -64.825  81.502 0.0000000000
29983  -12.899  -65.710  82.596 0.0000000000
28862  -12.404  -65.672  82.425 0.0000000000
28872  -11.507  -65.441  81.646 0.0000000000
27683  -11.502  -66.252  82.696 0.0000000000
26493  -12.476  -67.465  82.223 0.0000000000
59609  -46.471  -38.078  69.994 0.0000000000
55280  -41.749  -41.569  70.755 0.0000000000
56299  -42.096  -40.806  71.291 0.0000000000
58379  -42.766  -39.742  70.979 0.0000000000
58431  -40.580  -40.026  66.586 0.0000000000
58418  -40.831  -39.945  67.403 0.0000000000
58432  -40.973  -39.546  66.893 0.0000000000
58420  -42.165  -39.450  68.184 0.0000000000
58421  -43.107  -39.301  68.551 0.0000000000
58407  -43.534  -39.149  69.602 0.0000000000
58422  -44.131  -39.049  68.858 0.0000000000
58449  -44.401  -39.149  66.895 0.0000000000
58450  -45.354  -38.725  67.001 0.0000000000
58464  -45.553  -38.545  66.037 0.0000000000
57435  -43.612  -39.281  64.228 0.0000000000
58492  -44.031  -39.129  64.003 0.0000000000
57471  -42.753  -39.143  62.736 0.0000000000
57452  -40.594  -39.268  62.838 0.0000000000
57453  -41.499  -39.391  62.986 0.0000000000
57484  -41.271  -39.119  61.350 0.0000000000
57513  -40.301  -39.023  57.943 0.0000000000
58584  -35.887  -38.962  59.915 0.0000000000
57508  -36.004  -39.171  58.244 0.0000000000
57542  -37.957  -39.212  56.786 0.0000000000
58660  -37.780  -38.966  56.071 0.0000000000
44698  -22.860  -51.231  76.457 0.0000000000
44683  -23.341  -51.182  77.493 0.0000000000
45721  -23.748  -51.001  77.897 0.0000000000
45724  -25.737  -50.949  77.915 0.0000000000
44701  -26.878  -51.610  76.031 0.0000000000
44685  -26.805  -51.634  76.820 0.0000000000
48957  -25.935  -48.966  70.086 0.0000000000
48941  -27.854  -49.400  70.587 0.0000000000
48940  -27.023  -49.550  70.536 0.0000000000
48926  -27.343  -49.661  71.106 0.0000000000
47902  -27.630  -49.716  71.642 0.0000000000
46953  -28.806  -49.889  65.950 0.0000000000
45910  -29.670  -50.926  68.006 0.0000000000
46939  -28.738  -49.992  67.001 0.0000000000
45909  -29.309  -50.264  68.158 0.0000000000
46921  -28.839  -49.834  67.951 0.0000000000
46899  -29.390  -49.733  68.672 0.0000000000
45863  -32.074  -51.193  70.557 0.0000000000
44799  -32.034  -51.484  69.969 0.0000000000
45862  -31.575  -51.019  70.203 0.0000000000
46868  -31.163  -50.236  70.432 0.0000000000
46867  -30.673  -49.735  70.179 0.0000000000
47961  -29.895  -49.180  69.596 0.0000000000
47938  -30.115  -49.262  70.311 0.0000000000
47918  -29.960  -49.454  71.186 0.0000000000
47904  -29.943  -49.907  71.795 0.0000000000
45810  -29.928  -50.776  72.596 0.0000000000
44751  -30.892  -52.148  73.838 0.0000000000
43657  -31.314  -52.870  73.581 0.0000000000
44703  -33.247  -51.686  76.442 0.0000000000
45754  -32.723  -51.229  75.671 0.0000000000
43613  -32.823  -52.046  76.322 0.0000000000
48914  -36.911  -47.707  74.387 0.0000000000
35604  -16.194  -59.494  75.626 0.0000000000
36776  -16.832  -58.729  75.585 0.0000000000
41414  -17.752  -54.966  73.943 0.0000000000
41433  -17.274  -55.021  73.305 0.0000000000
39104  -17.383  -56.212  74.638 0.0000000000
40281  -16.847  -55.820  73.726 0.0000000000
39103  -16.817  -56.441  74.114 0.0000000000
39118  -16.021  -56.384  73.457 0.0000000000
39102  -16.142  -57.038  73.994 0.0000000000
36777  -17.558  -58.011  75.777 0.0000000000
40220  -20.347  -55.719  79.126 0.0000000000
39073  -20.288  -56.208  79.602 0.0000000000
40208  -20.698  -55.860  80.115 0.0000000000
59642  -49.141  -37.114  66.529 0.0000000000
59788  -42.085  -37.133  55.892 0.0000000000
60731  -42.727  -36.304  55.530 0.0000000000
60712  -45.036  -36.422  56.030 0.0000000000
59766  -45.556  -37.151  56.514 0.0000000000
60713  -45.961  -36.319  56.344 0.0000000000
63603  -45.882  -33.802  56.104 0.0000000000
63602  -45.403  -34.179  55.866 0.0000000000
61723  -47.166  -35.759  56.981 0.0000000000
60698  -47.834  -36.402  57.281 0.0000000000
59750  -49.217  -36.903  57.808 0.0000000000
60685  -50.914  -36.433  58.617 0.0000000000
59734  -51.535  -36.928  59.031 0.0000000000
65523  -49.935  -31.358  55.459 0.0000000000
65496  -51.539  -31.898  57.214 0.0000000000
65495  -50.375  -31.926  57.186 0.0000000000
64527  -49.641  -32.543  57.606 0.0000000000
74686  -52.728  -22.659  49.856 0.0000000000
73662  -53.115  -23.424  50.332 0.0000000000
74687  -53.775  -22.585  50.446 0.0000000000
75728  -53.527  -22.012  49.909 0.0000000000
74708  -51.802  -22.809  48.516 0.0000000000
74710  -53.857  -22.077  48.581 0.0000000000
75746  -53.677  -21.854  49.016 0.0000000000
75738  -54.871  -21.141  49.557 0.0000000000
76764  -55.712  -20.777  49.525 0.0000000000
76770  -56.144  -20.704  48.991 0.0000000000
75760  -56.737  -21.308  47.811 0.0000000000
75750  -57.089  -20.864  48.240 0.0000000000
76778  -58.267  -20.859  48.145 0.0000000000
75761  -57.738  -21.064  47.621 0.0000000000
73719  -54.193  -23.384  45.963 0.0000000000
74749  -58.321  -22.466  45.979 0.0000000000
74736  -57.722  -22.130  46.645 0.0000000000
75773  -59.227  -21.549  46.692 0.0000000000
51091  -37.086  -45.511  65.295 0.0000000000
49066  -34.762  -47.199  64.162 0.0000000000
50021  -36.010  -46.896  66.039 0.0000000000
50005  -36.527  -46.445  67.012 0.0000000000
58641  -42.494  -38.416  57.796 0.0000000000
58666  -42.958  -38.196  57.235 0.0000000000
59764  -43.442  -37.695  56.618 0.0000000000
68681  -53.021  -28.390  51.051 0.0000000000
68666  -54.304  -27.908  51.983 0.0000000000
69710  -55.327  -26.755  53.254 0.0000000000
71644  -55.979  -25.583  53.677 0.0000000000
71645  -56.515  -25.175  53.796 0.0000000000
71658  -55.525  -25.209  53.076 0.0000000000
71666  -55.129  -24.822  52.366 0.0000000000
72596  -55.000  -24.473  51.974 0.0000000000
35592  -15.654  -60.483  76.248 0.0000000000
34472  -16.176  -61.228  77.514 0.0000000000
57410  -38.736  -40.616  63.876 0.0000000000
46794  -26.443  -50.174  73.492 0.0000000000
45790  -26.756  -50.813  74.050 0.0000000000
43655  -27.831  -52.292  73.042 0.0000000000
42595  -28.323  -53.226  72.653 0.0000000000
42596  -28.677  -53.759  72.240 0.0000000000
43670  -28.550  -52.829  72.130 0.0000000000
43689  -28.923  -53.043  71.752 0.0000000000
43690  -29.705  -52.910  71.820 0.0000000000
44772  -35.566  -51.261  72.455 0.0000000000
44771  -34.780  -51.718  72.268 0.0000000000
44754  -35.691  -51.073  73.476 0.0000000000
44738  -35.196  -51.298  74.264 0.0000000000
44721  -35.302  -50.880  74.973 0.0000000000
45757  -35.321  -50.311  76.400 0.0000000000
42516  -20.479  -53.756  76.341 0.0000000000
42500  -20.626  -53.978  77.375 0.0000000000
42486  -20.768  -54.118  78.204 0.0000000000
42501  -21.085  -53.600  77.917 0.0000000000
53197  -41.154  -43.847  70.005 0.0000000000
53225  -40.210  -43.372  67.865 0.0000000000
52165  -38.713  -43.268  65.856 0.0000000000
53269  -38.493  -42.647  65.028 0.0000000000
55369  -38.493  -41.680  64.587 0.0000000000
44731  -21.185  -51.630  73.987 0.0000000000
45805  -22.444  -50.288  73.172 0.0000000000
46847  -23.085  -49.338  71.527 0.0000000000
46848  -23.705  -49.029  71.567 0.0000000000
47898  -24.569  -48.970  72.369 0.0000000000
47899  -24.994  -49.092  72.256 0.0000000000
48922  -25.084  -49.276  71.943 0.0000000000
48938  -25.547  -49.293  71.033 0.0000000000
48022  -34.765  -48.163  66.933 0.0000000000
47981  -34.925  -49.018  68.224 0.0000000000
46885  -34.867  -50.039  69.168 0.0000000000
46886  -35.324  -49.632  69.630 0.0000000000
47941  -36.430  -48.451  71.081 0.0000000000
51042  -38.185  -45.941  68.305 0.0000000000
49971  -38.891  -46.121  69.268 0.0000000000
49955  -39.804  -45.932  70.382 0.0000000000
51015  -40.235  -45.694  70.869 0.0000000000
51016  -40.714  -45.054  70.755 0.0000000000
43665  -19.893  -52.678  72.441 0.0000000000
43652  -20.481  -52.239  73.170 0.0000000000
58512  -45.761  -38.157  62.857 0.0000000000
58594  -46.110  -38.273  59.605 0.0000000000
58595  -47.126  -38.292  59.636 0.0000000000
58567  -48.684  -38.236  60.607 0.0000000000
58624  -49.753  -38.124  59.124 0.0000000000
65585  -49.820  -31.893  51.506 0.0000000000
66565  -55.233  -30.069  52.678 0.0000000000
66555  -55.108  -30.396  53.543 0.0000000000
75740  -57.671  -21.610  49.858 0.0000000000
64612  -42.147  -32.057  53.256 0.0000000000
66589  -46.420  -30.614  50.138 0.0000000000
66606  -46.844  -29.892  49.864 0.0000000000
69744  -47.790  -27.550  49.502 0.0000000000
69745  -48.603  -27.738  49.702 0.0000000000
70734  -49.917  -26.368  49.695 0.0000000000
30029  -13.022  -64.706  79.985 0.0000000000
33301  -18.289  -61.947  81.816 0.0000000000
32209  -17.481  -62.411  81.596 0.0000000000
32197  -17.134  -62.854  82.196 0.0000000000
31111  -16.616  -63.403  82.338 0.0000000000
29985  -14.498  -65.170  82.579 0.0000000000
29984  -13.605  -65.519  82.546 0.0000000000
28852  -13.109  -65.929  82.732 0.0000000000
27674  -12.596  -66.387  82.652 0.0000000000
27673  -11.775  -66.433  82.673 0.0000000000
56309  -41.143  -41.200  69.431 0.0000000000
56321  -41.216  -40.760  69.344 0.0000000000
57336  -41.316  -40.264  69.138 0.0000000000
58447  -41.171  -39.122  66.293 0.0000000000
58448  -41.576  -39.280  66.593 0.0000000000
57356  -42.318  -39.417  66.889 0.0000000000
57357  -42.973  -39.460  67.039 0.0000000000
58435  -43.677  -39.286  67.673 0.0000000000
57396  -44.024  -39.338  65.940 0.0000000000
57417  -44.362  -39.131  65.233 0.0000000000
57416  -43.700  -39.351  65.125 0.0000000000
57454  -42.325  -39.399  63.171 0.0000000000
57482  -39.900  -38.994  60.742 0.0000000000
58589  -40.958  -38.726  59.452 0.0000000000
58614  -40.004  -38.963  58.727 0.0000000000
57527  -39.408  -39.057  57.589 0.0000000000
45748  -23.744  -50.485  76.392 0.0000000000
45733  -23.802  -50.752  77.370 0.0000000000
45734  -24.493  -50.490  77.279 0.0000000000
42538  -27.891  -53.780  75.411 0.0000000000
49018  -25.884  -47.739  66.852 0.0000000000
49017  -25.359  -47.586  67.050 0.0000000000
48997  -26.129  -48.344  68.134 0.0000000000
48978  -26.457  -48.760  69.183 0.0000000000
48959  -27.574  -49.304  69.958 0.0000000000
48942  -28.589  -49.218  70.751 0.0000000000
45938  -30.126  -50.895  66.017 0.0000000000
45926  -29.853  -51.287  67.016 0.0000000000
44855  -30.011  -51.386  67.630 0.0000000000
44826  -30.601  -51.340  68.528 0.0000000000
45831  -32.740  -50.659  72.249 0.0000000000
45847  -31.794  -50.587  70.949 0.0000000000
46850  -32.076  -50.260  71.789 0.0000000000
47919  -30.688  -49.982  71.591 0.0000000000
47891  -30.872  -50.300  72.784 0.0000000000
46817  -30.704  -50.450  73.226 0.0000000000
45811  -30.487  -51.018  73.392 0.0000000000
45771  -31.244  -50.842  74.634 0.0000000000
44717  -31.376  -51.113  74.874 0.0000000000
40268  -18.124  -55.465  75.296 0.0000000000
40283  -17.876  -55.391  74.784 0.0000000000
40257  -17.909  -55.983  75.518 0.0000000000
39094  -17.638  -56.438  75.192 0.0000000000
37889  -18.028  -57.396  76.460 0.0000000000
37884  -18.587  -57.349  77.391 0.0000000000
36761  -18.541  -58.093  77.738 0.0000000000
40196  -21.334  -55.512  81.162 0.0000000000
40195  -20.918  -55.952  81.024 0.0000000000
61760  -42.628  -35.555  54.965 0.0000000000
61739  -42.937  -35.766  55.333 0.0000000000
61740  -43.486  -35.506  55.402 0.0000000000
61741  -44.669  -35.613  55.751 0.0000000000
61742  -45.213  -35.073  55.906 0.0000000000
63586  -47.353  -34.145  57.244 0.0000000000
62660  -47.634  -34.467  57.459 0.0000000000
61706  -48.553  -35.541  57.727 0.0000000000
60700  -49.327  -36.460  57.869 0.0000000000
61707  -49.355  -35.885  57.985 0.0000000000
61687  -51.243  -35.576  58.890 0.0000000000
65524  -51.060  -31.144  55.392 0.0000000000
73675  -51.671  -23.663  49.736 0.0000000000
74685  -52.067  -23.059  49.774 0.0000000000
74721  -53.453  -22.654  48.170 0.0000000000
74711  -54.601  -21.874  48.501 0.0000000000
75748  -55.379  -21.211  48.729 0.0000000000
74723  -55.234  -22.270  48.047 0.0000000000
74724  -56.260  -22.314  47.528 0.0000000000
75783  -54.445  -21.574  45.059 0.0000000000
74762  -54.968  -22.343  44.916 0.0000000000
74748  -55.213  -23.008  45.090 0.0000000000
73721  -56.422  -23.501  45.752 0.0000000000
74750  -59.086  -22.207  45.665 0.0000000000
74794  -59.891  -22.183  42.811 0.0000000000
52124  -39.245  -44.867  67.987 0.0000000000
51092  -37.658  -44.618  65.452 0.0000000000
44783  -20.888  -50.896  71.397 0.0000000000
46864  -22.015  -49.493  69.979 0.0000000000
47957  -23.121  -48.712  69.316 0.0000000000
48055  -33.009  -47.930  64.225 0.0000000000
48041  -34.098  -48.070  65.604 0.0000000000
49000  -35.978  -47.698  68.672 0.0000000000
49987  -37.530  -46.157  67.945 0.0000000000
58592  -44.386  -38.222  59.646 0.0000000000
58619  -44.879  -38.233  58.670 0.0000000000
66594  -51.220  -30.062  50.590 0.0000000000
65608  -51.805  -30.648  50.815 0.0000000000
66572  -52.588  -30.660  51.071 0.0000000000
66574  -54.571  -30.026  51.687 0.0000000000
67585  -54.352  -29.274  51.195 0.0000000000
72577  -56.715  -24.462  53.479 0.0000000000
74680  -56.733  -22.501  51.681 0.0000000000
75724  -56.098  -21.964  51.244 0.0000000000
34481  -14.906  -61.034  76.448 0.0000000000
33346  -14.535  -61.709  76.900 0.0000000000
33335  -14.085  -62.202  77.128 0.0000000000
32245  -14.838  -62.808  77.883 0.0000000000
32223  -14.904  -63.337  78.868 0.0000000000
57352  -40.270  -41.240  66.000 0.0000000000
57353  -40.389  -40.955  66.546 0.0000000000
57371  -40.380  -40.838  65.853 0.0000000000
58445  -40.389  -40.368  65.742 0.0000000000
57392  -39.732  -40.260  64.836 0.0000000000
58460  -40.137  -39.941  65.292 0.0000000000
58461  -40.398  -39.287  65.628 0.0000000000
58474  -40.513  -38.974  64.993 0.0000000000
57413  -41.130  -39.116  64.483 0.0000000000
57433  -41.703  -39.389  63.879 0.0000000000
57467  -39.512  -39.193  61.358 0.0000000000
46760  -25.631  -50.145  75.689 0.0000000000
45751  -26.127  -50.640  76.080 0.0000000000
45752  -26.516  -50.969  75.762 0.0000000000
43628  -27.464  -52.548  74.712 0.0000000000
42557  -28.195  -53.993  74.275 0.0000000000
41473  -28.959  -54.393  72.007 0.0000000000
49998  -25.736  -47.133  65.900 0.0000000000
49020  -27.342  -48.817  67.801 0.0000000000
44815  -33.233  -51.618  69.259 0.0000000000
44814  -32.385  -51.658  69.319 0.0000000000
44801  -33.496  -51.716  70.220 0.0000000000
44786  -33.087  -51.583  70.927 0.0000000000
44769  -33.201  -51.359  71.734 0.0000000000
44770  -33.929  -51.661  72.042 0.0000000000
45793  -32.976  -50.409  74.071 0.0000000000
45755  -33.762  -51.350  76.099 0.0000000000
45738  -34.392  -51.073  77.005 0.0000000000
45737  -33.916  -51.378  76.696 0.0000000000
41451  -17.783  -54.562  72.854 0.0000000000
41434  -18.065  -54.618  73.562 0.0000000000
41395  -19.182  -54.588  75.416 0.0000000000
41394  -18.725  -55.179  75.655 0.0000000000
39085  -19.327  -56.098  77.659 0.0000000000
40232  -19.699  -55.685  77.966 0.0000000000
40233  -20.051  -55.477  78.474 0.0000000000
41337  -20.955  -54.930  79.597 0.0000000000
42476  -20.939  -54.302  78.888 0.0000000000
41330  -21.460  -54.939  80.473 0.0000000000
64560  -43.911  -33.229  55.035 0.0000000000
63620  -45.601  -33.410  55.805 0.0000000000
64547  -46.373  -33.101  56.181 0.0000000000
63605  -47.499  -33.282  57.104 0.0000000000
64525  -47.797  -33.117  57.207 0.0000000000
74718  -49.948  -22.573  47.769 0.0000000000
74719  -51.008  -22.902  47.664 0.0000000000
74764  -56.740  -22.673  44.059 0.0000000000
74765  -57.639  -22.833  43.864 0.0000000000
74780  -57.325  -22.279  43.581 0.0000000000
75811  -57.534  -21.505  43.297 0.0000000000
75812  -58.528  -21.599  42.690 0.0000000000
33292  -18.472  -62.301  82.440 0.0000000000
53213  -41.368  -42.844  69.944 0.0000000000
54253  -41.205  -42.367  69.581 0.0000000000
55295  -41.303  -41.671  69.776 0.0000000000
56332  -40.377  -41.221  67.370 0.0000000000
53241  -39.804  -43.271  67.004 0.0000000000
53257  -39.413  -43.022  66.548 0.0000000000
54282  -40.024  -42.435  67.075 0.0000000000
55338  -39.989  -41.868  66.865 0.0000000000
56346  -40.129  -41.498  66.445 0.0000000000
56345  -40.104  -41.408  65.933 0.0000000000
56381  -38.711  -41.183  64.438 0.0000000000
44681  -22.077  -52.471  77.159 0.0000000000
44715  -22.689  -50.846  75.350 0.0000000000
45747  -23.157  -50.717  75.870 0.0000000000
45767  -24.345  -49.986  75.414 0.0000000000
46771  -24.624  -49.817  75.124 0.0000000000
46790  -24.552  -49.668  74.676 0.0000000000
46772  -24.885  -49.750  75.255 0.0000000000
46773  -25.403  -49.803  75.056 0.0000000000
46792  -25.643  -49.625  74.237 0.0000000000
46793  -26.108  -49.943  74.109 0.0000000000
47884  -25.131  -48.906  73.116 0.0000000000
47873  -25.884  -49.618  73.292 0.0000000000
46967  -30.228  -49.856  64.465 0.0000000000
45949  -30.160  -50.345  65.227 0.0000000000
45912  -32.066  -51.143  67.408 0.0000000000
45893  -32.630  -51.184  68.044 0.0000000000
48039  -32.199  -49.010  65.192 0.0000000000
46942  -32.875  -49.599  66.328 0.0000000000
48002  -33.912  -49.295  67.063 0.0000000000
45913  -32.846  -50.772  67.528 0.0000000000
44803  -34.939  -51.299  70.688 0.0000000000
45865  -35.362  -50.567  70.511 0.0000000000
45833  -36.018  -50.580  72.698 0.0000000000
45815  -36.326  -49.608  73.675 0.0000000000
45796  -36.295  -49.370  74.240 0.0000000000
46820  -36.472  -48.858  73.936 0.0000000000
47892  -36.759  -48.195  73.964 0.0000000000
48928  -37.055  -47.768  73.565 0.0000000000
48915  -37.337  -47.276  74.093 0.0000000000
49911  -37.836  -46.852  73.840 0.0000000000
49912  -38.394  -46.424  73.640 0.0000000000
49913  -38.845  -46.174  73.313 0.0000000000
48983  -37.559  -47.154  70.441 0.0000000000
49942  -38.509  -46.826  71.417 0.0000000000
49929  -38.871  -46.599  71.994 0.0000000000
49921  -39.145  -46.198  72.704 0.0000000000
50971  -39.831  -45.284  73.347 0.0000000000
43651  -19.946  -52.978  73.437 0.0000000000
59640  -47.169  -37.784  66.832 0.0000000000
59664  -48.386  -37.361  64.640 0.0000000000
59684  -48.759  -37.361  62.873 0.0000000000
64602  -48.735  -32.175  53.594 0.0000000000
65551  -50.557  -31.785  53.478 0.0000000000
65568  -52.601  -31.229  52.420 0.0000000000
66554  -54.105  -30.676  53.411 0.0000000000
66541  -52.889  -30.910  54.153 0.0000000000
66530  -53.318  -30.739  55.165 0.0000000000
28870  -9.659  -65.585  81.648 0.0000000000
59786  -40.374  -37.623  55.454 0.0000000000
59787  -41.334  -37.332  55.648 0.0000000000
60729  -41.214  -36.921  55.183 0.0000000000
60752  -41.714  -36.258  54.920 0.0000000000
61759  -41.461  -35.430  54.391 0.0000000000
62711  -42.390  -34.604  54.472 0.0000000000
63632  -43.125  -33.736  54.702 0.0000000000
63633  -43.640  -33.347  54.956 0.0000000000
64613  -43.147  -32.099  53.300 0.0000000000
64628  -45.379  -32.389  52.103 0.0000000000
64617  -47.189  -32.416  52.862 0.0000000000
64631  -48.354  -32.266  51.954 0.0000000000
65584  -48.690  -31.861  51.276 0.0000000000
66593  -50.313  -30.258  50.534 0.0000000000
67594  -46.433  -29.118  49.593 0.0000000000
67579  -48.988  -29.803  50.255 0.0000000000
67582  -51.588  -29.204  50.621 0.0000000000
68679  -51.147  -28.313  50.545 0.0000000000
69731  -50.094  -27.923  50.254 0.0000000000
71672  -53.575  -25.549  50.995 0.0000000000
72617  -51.684  -24.480  49.858 0.0000000000
73684  -49.982  -23.064  49.130 0.0000000000
34465  -16.790  -61.372  78.530 0.0000000000
33309  -17.110  -62.026  80.237 0.0000000000
33327  -16.066  -62.142  78.482 0.0000000000
32237  -15.727  -62.727  78.932 0.0000000000
32224  -15.355  -63.264  79.460 0.0000000000
31141  -14.895  -63.733  79.965 0.0000000000
31110  -16.013  -63.733  82.173 0.0000000000
29995  -15.636  -64.196  82.425 0.0000000000
31128  -13.999  -64.315  79.925 0.0000000000
30006  -12.826  -64.974  81.322 0.0000000000
28860  -10.360  -65.992  82.281 0.0000000000
26491  -10.817  -67.203  82.349 0.0000000000
26482  -11.500  -66.813  82.580 0.0000000000
59610  -47.426  -37.861  69.730 0.0000000000
57308  -42.694  -40.439  72.379 0.0000000000
57354  -40.560  -40.349  66.949 0.0000000000
58405  -41.729  -39.656  68.770 0.0000000000
58424  -45.666  -38.304  68.976 0.0000000000
58437  -45.924  -38.217  67.988 0.0000000000
58493  -44.543  -38.926  64.335 0.0000000000
57470  -42.289  -39.227  62.207 0.0000000000
58532  -42.663  -38.898  61.871 0.0000000000
58616  -41.740  -38.568  58.615 0.0000000000
58640  -41.575  -38.550  57.676 0.0000000000
58528  -36.486  -39.586  61.442 0.0000000000
57524  -36.569  -39.309  57.480 0.0000000000
57510  -37.955  -39.245  58.295 0.0000000000
57526  -38.542  -39.164  57.388 0.0000000000
58637  -39.269  -38.944  56.947 0.0000000000
58662  -39.659  -38.566  56.424 0.0000000000
58688  -39.978  -38.124  56.049 0.0000000000
44669  -23.719  -51.454  78.540 0.0000000000
45722  -24.263  -50.869  78.045 0.0000000000
44684  -26.513  -51.241  77.052 0.0000000000
47978  -23.386  -48.239  68.486 0.0000000000
47958  -23.722  -48.399  69.285 0.0000000000
48955  -24.481  -48.467  69.826 0.0000000000
48956  -24.996  -48.758  70.447 0.0000000000
48925  -26.509  -49.756  71.354 0.0000000000
46815  -28.274  -50.316  72.391 0.0000000000
46938  -28.271  -49.423  66.740 0.0000000000
48019  -27.661  -48.874  66.442 0.0000000000
48000  -27.943  -49.096  67.593 0.0000000000
47979  -28.270  -49.315  68.395 0.0000000000
44813  -31.666  -51.466  69.402 0.0000000000
45892  -30.666  -51.037  69.050 0.0000000000
45875  -30.597  -50.496  69.348 0.0000000000
46884  -30.786  -50.183  69.805 0.0000000000
46900  -29.961  -49.903  68.849 0.0000000000
46882  -29.867  -49.427  69.101 0.0000000000
47960  -29.276  -49.253  69.256 0.0000000000
47959  -28.510  -49.333  69.046 0.0000000000
48981  -28.793  -49.162  69.711 0.0000000000
48961  -28.920  -49.094  70.280 0.0000000000
47903  -28.843  -49.411  71.525 0.0000000000
46832  -28.684  -50.510  72.420 0.0000000000
45829  -29.268  -51.217  72.211 0.0000000000
44767  -29.539  -51.993  72.045 0.0000000000
43671  -29.993  -52.379  72.144 0.0000000000
44750  -30.471  -51.860  73.259 0.0000000000
43672  -30.554  -52.769  72.564 0.0000000000
45753  -32.175  -51.272  75.495 0.0000000000
44718  -31.852  -51.670  75.101 0.0000000000
35594  -17.492  -59.393  76.836 0.0000000000
40282  -17.440  -55.547  74.191 0.0000000000
37904  -15.609  -57.787  74.079 0.0000000000
37895  -17.203  -57.916  75.329 0.0000000000
36754  -18.216  -59.391  78.317 0.0000000000
35580  -18.600  -59.356  78.980 0.0000000000
60732  -43.699  -36.534  55.840 0.0000000000
59765  -44.594  -37.372  56.501 0.0000000000
59747  -46.207  -37.638  57.162 0.0000000000
62696  -45.041  -34.627  55.777 0.0000000000
61721  -45.555  -35.500  56.078 0.0000000000
62678  -47.043  -34.775  57.055 0.0000000000
61722  -46.465  -35.538  56.569 0.0000000000
60714  -46.689  -36.305  56.708 0.0000000000
60697  -46.992  -36.939  56.952 0.0000000000
59748  -47.435  -37.710  57.696 0.0000000000
59731  -48.237  -37.871  58.147 0.0000000000
59733  -50.708  -37.564  58.937 0.0000000000
65533  -48.550  -31.749  54.787 0.0000000000
65521  -48.290  -31.717  55.140 0.0000000000
65510  -48.944  -31.698  56.211 0.0000000000
65511  -49.586  -31.662  56.482 0.0000000000
64550  -49.404  -31.972  57.030 0.0000000000
63589  -49.810  -33.231  58.206 0.0000000000
64510  -51.025  -33.220  58.603 0.0000000000
63573  -50.243  -33.762  58.680 0.0000000000
62644  -50.825  -34.684  58.943 0.0000000000
72603  -54.012  -24.602  51.023 0.0000000000
73653  -54.685  -23.826  51.379 0.0000000000
73663  -54.256  -23.596  50.971 0.0000000000
73664  -54.789  -23.070  51.245 0.0000000000
74678  -55.131  -22.653  51.289 0.0000000000
75723  -55.401  -22.040  51.098 0.0000000000
75730  -55.730  -21.427  50.713 0.0000000000
75736  -53.279  -22.023  49.346 0.0000000000
76760  -56.794  -20.967  50.063 0.0000000000
76766  -57.289  -20.877  49.477 0.0000000000
75749  -56.368  -20.966  48.445 0.0000000000
76771  -56.854  -20.722  48.860 0.0000000000
76767  -57.979  -20.998  49.093 0.0000000000
76773  -58.326  -20.914  48.444 0.0000000000
73706  -53.930  -23.528  46.792 0.0000000000
73709  -56.992  -23.064  46.386 0.0000000000
74735  -56.850  -22.549  46.909 0.0000000000
73750  -58.857  -22.769  44.011 0.0000000000
74783  -60.369  -22.356  43.512 0.0000000000
27672  -11.459  -66.563  82.646 0.0000000000
28850  -11.742  -66.164  82.700 0.0000000000
31122  -16.271  -63.343  81.881 0.0000000000
36775  -15.956  -59.127  75.146 0.0000000000
39064  -20.191  -56.662  80.027 0.0000000000
40209  -21.056  -55.484  80.617 0.0000000000
41416  -19.075  -54.344  74.796 0.0000000000
43656  -30.769  -52.398  73.330 0.0000000000
43669  -28.166  -52.521  72.568 0.0000000000
44719  -34.151  -51.163  74.761 0.0000000000
44768  -30.083  -52.054  72.512 0.0000000000
44784  -28.775  -52.561  71.882 0.0000000000
44839  -30.252  -51.376  68.073 0.0000000000
44841  -31.572  -51.482  67.958 0.0000000000
44856  -30.439  -51.512  67.413 0.0000000000
45768  -24.745  -49.916  75.706 0.0000000000
45770  -26.647  -51.090  75.186 0.0000000000
45791  -30.957  -50.630  74.120 0.0000000000
45792  -31.358  -50.624  74.522 0.0000000000
45834  -36.326  -49.920  72.833 0.0000000000
45877  -33.857  -51.175  68.936 0.0000000000
45891  -30.180  -50.656  68.767 0.0000000000
45925  -29.205  -50.532  67.438 0.0000000000
46758  -24.960  -49.864  75.815 0.0000000000
46775  -31.732  -50.543  74.620 0.0000000000
46798  -36.062  -49.555  75.270 0.0000000000
46813  -24.949  -49.007  73.670 0.0000000000
46816  -29.477  -50.426  72.290 0.0000000000
46954  -31.270  -50.200  65.174 0.0000000000
46956  -32.459  -49.397  65.677 0.0000000000
48001  -28.446  -49.389  68.028 0.0000000000
48911  -25.423  -49.444  72.351 0.0000000000
48912  -25.610  -49.585  72.209 0.0000000000
50953  -38.473  -46.045  74.293 0.0000000000
50969  -38.758  -45.986  73.862 0.0000000000
55294  -41.111  -41.522  69.459 0.0000000000
55309  -41.138  -41.924  69.507 0.0000000000
57355  -41.973  -39.372  66.797 0.0000000000
57372  -41.533  -39.155  66.150 0.0000000000
57393  -41.570  -39.196  65.722 0.0000000000
57528  -40.033  -39.045  57.635 0.0000000000
62676  -45.571  -34.616  56.022 0.0000000000
62712  -43.132  -34.633  54.809 0.0000000000
63648  -41.850  -33.280  54.020 0.0000000000
64546  -45.854  -33.277  55.916 0.0000000000
64565  -48.604  -31.758  56.044 0.0000000000
64579  -48.467  -31.983  54.226 0.0000000000
67556  -56.225  -29.199  52.710 0.0000000000
67557  -56.688  -28.903  53.111 0.0000000000
67567  -55.399  -28.921  51.760 0.0000000000
67568  -56.020  -28.896  52.327 0.0000000000
68683  -54.651  -28.608  51.541 0.0000000000
70706  -55.048  -26.286  53.083 0.0000000000
70707  -55.789  -26.228  53.658 0.0000000000
71687  -51.949  -24.840  50.010 0.0000000000
72595  -54.573  -24.359  51.464 0.0000000000
73645  -55.543  -23.706  52.147 0.0000000000
73647  -56.773  -23.282  52.514 0.0000000000
74671  -55.949  -23.010  52.049 0.0000000000
75722  -54.927  -22.188  50.983 0.0000000000
76759  -56.143  -20.913  50.187 0.0000000000
76779  -58.512  -20.916  48.158 0.0000000000
