#!ascii label  , from subject sub-MOT05 vox2ras=TkReg
408
83626  -23.468  -13.439  4.699 0.0000000000
79762  -21.937  -17.914  7.301 0.0000000000
79778  -27.920  -17.515  6.637 0.0000000000
76286  -25.232  -21.254  7.118 0.0000000000
93873  -23.878  -3.355  6.177 0.0000000000
90110  -26.105  -5.632  6.176 0.0000000000
86551  -18.109  -9.791  3.401 0.0000000000
72158  -24.330  -25.429  8.064 0.0000000000
78073  -22.981  -19.230  6.911 0.0000000000
76268  -22.183  -21.255  8.080 0.0000000000
92047  -25.383  -4.452  5.937 0.0000000000
90122  -21.774  -5.783  3.969 0.0000000000
82546  -21.427  -13.767  6.175 0.0000000000
84653  -20.363  -12.219  6.198 0.0000000000
85614  -20.851  -10.916  5.028 0.0000000000
86555  -22.251  -9.117  4.443 0.0000000000
85602  -25.574  -11.497  6.157 0.0000000000
83593  -27.672  -13.213  6.839 0.0000000000
80615  -20.628  -16.539  7.621 0.0000000000
80655  -22.926  -15.531  5.886 0.0000000000
81547  -25.545  -15.428  6.585 0.0000000000
79775  -24.532  -17.577  6.542 0.0000000000
78076  -25.660  -19.308  7.012 0.0000000000
76297  -28.026  -21.369  6.230 0.0000000000
88305  -19.473  -8.222  3.903 0.0000000000
90170  -21.474  -7.773  2.391 0.0000000000
89211  -27.157  -7.726  6.426 0.0000000000
74182  -22.249  -23.354  8.640 0.0000000000
74198  -24.510  -23.213  7.554 0.0000000000
77211  -21.609  -20.342  8.102 0.0000000000
76255  -20.891  -21.189  9.104 0.0000000000
91078  -21.338  -5.651  5.005 0.0000000000
90135  -20.797  -6.662  3.756 0.0000000000
82560  -22.604  -14.143  5.582 0.0000000000
83624  -21.679  -13.121  5.444 0.0000000000
84671  -23.057  -12.479  4.540 0.0000000000
85636  -23.170  -11.203  4.528 0.0000000000
84673  -24.805  -12.610  5.233 0.0000000000
84640  -26.781  -12.145  6.357 0.0000000000
83608  -25.341  -13.209  5.910 0.0000000000
80616  -21.410  -16.642  7.287 0.0000000000
80627  -21.855  -16.007  6.799 0.0000000000
79789  -22.328  -16.786  6.528 0.0000000000
79810  -23.100  -16.624  5.793 0.0000000000
79773  -23.067  -17.770  6.443 0.0000000000
77227  -24.263  -20.192  7.265 0.0000000000
78075  -24.654  -19.301  7.127 0.0000000000
77228  -25.105  -20.168  7.190 0.0000000000
77230  -27.392  -20.391  6.601 0.0000000000
76287  -26.473  -21.292  6.783 0.0000000000
92957  -22.690  -3.405  6.164 0.0000000000
93859  -22.430  -2.547  6.366 0.0000000000
93860  -23.612  -2.731  6.286 0.0000000000
94777  -24.886  -1.704  6.257 0.0000000000
93876  -26.406  -2.553  5.652 0.0000000000
91081  -24.761  -5.444  5.715 0.0000000000
84665  -17.912  -12.413  3.941 0.0000000000
86502  -17.266  -10.390  4.719 0.0000000000
89247  -17.615  -8.121  2.807 0.0000000000
89249  -19.547  -7.754  2.738 0.0000000000
88336  -19.940  -8.557  2.661 0.0000000000
87397  -25.663  -9.608  6.120 0.0000000000
88293  -25.396  -8.542  5.688 0.0000000000
88295  -27.773  -8.799  6.462 0.0000000000
80628  -26.002  -16.369  6.958 0.0000000000
81533  -27.431  -15.056  7.151 0.0000000000
72157  -23.550  -25.371  8.427 0.0000000000
73144  -23.465  -24.303  8.184 0.0000000000
74197  -23.671  -23.223  7.847 0.0000000000
73164  -24.583  -24.315  7.689 0.0000000000
78890  -21.491  -18.656  7.703 0.0000000000
78903  -22.776  -18.497  6.814 0.0000000000
78058  -21.949  -19.516  7.541 0.0000000000
77213  -22.729  -20.470  7.560 0.0000000000
76269  -23.035  -21.213  7.809 0.0000000000
92045  -23.044  -4.704  6.087 0.0000000000
92970  -24.890  -3.663  5.939 0.0000000000
91080  -23.572  -5.599  5.464 0.0000000000
90123  -23.152  -6.158  4.095 0.0000000000
83583  -20.111  -14.000  7.259 0.0000000000
83606  -20.914  -13.115  5.988 0.0000000000
83622  -19.778  -12.138  5.246 0.0000000000
86552  -19.754  -10.966  3.983 0.0000000000
87431  -21.076  -9.738  3.771 0.0000000000
86537  -20.747  -10.367  4.575 0.0000000000
86521  -23.902  -10.440  4.875 0.0000000000
86493  -26.855  -10.657  6.451 0.0000000000
85603  -28.869  -11.072  6.256 0.0000000000
71220  -25.427  -26.847  7.841 0.0000000000
71235  -25.510  -25.786  7.616 0.0000000000
81530  -21.206  -15.209  6.948 0.0000000000
82533  -21.755  -14.687  6.436 0.0000000000
81560  -23.426  -15.247  4.956 0.0000000000
82564  -25.052  -14.749  5.358 0.0000000000
80657  -23.687  -16.062  5.128 0.0000000000
80640  -24.485  -16.285  5.998 0.0000000000
79776  -25.536  -17.366  6.555 0.0000000000
78904  -23.392  -18.522  6.726 0.0000000000
78906  -25.107  -18.393  6.857 0.0000000000
78908  -27.258  -18.431  6.605 0.0000000000
78078  -27.722  -19.341  6.460 0.0000000000
77240  -28.382  -20.448  6.080 0.0000000000
92971  -25.870  -3.424  5.888 0.0000000000
90144  -19.984  -7.060  3.176 0.0000000000
90146  -21.165  -6.394  2.423 0.0000000000
89207  -23.380  -7.055  3.760 0.0000000000
87466  -22.016  -9.215  2.992 0.0000000000
89208  -23.956  -7.462  4.394 0.0000000000
90126  -26.666  -6.772  6.310 0.0000000000
82534  -26.877  -14.110  6.966 0.0000000000
82536  -28.962  -14.394  6.611 0.0000000000
75221  -21.254  -22.284  8.971 0.0000000000
75222  -22.143  -22.350  8.461 0.0000000000
75237  -23.161  -22.277  8.046 0.0000000000
75239  -24.982  -22.349  7.210 0.0000000000
73165  -25.697  -24.349  7.267 0.0000000000
74199  -25.594  -23.259  7.087 0.0000000000
75253  -25.852  -22.174  6.830 0.0000000000
90119  -20.289  -6.697  5.425 0.0000000000
83625  -22.637  -13.324  4.865 0.0000000000
83627  -24.337  -13.551  4.747 0.0000000000
79761  -21.244  -17.556  7.604 0.0000000000
79771  -21.937  -17.100  7.071 0.0000000000
79790  -22.737  -17.003  6.057 0.0000000000
79772  -22.492  -17.660  6.801 0.0000000000
76285  -24.662  -20.709  7.274 0.0000000000
77229  -26.145  -20.300  7.055 0.0000000000
92968  -23.360  -3.685  6.167 0.0000000000
93861  -24.645  -2.322  6.291 0.0000000000
93875  -25.367  -2.533  5.969 0.0000000000
91082  -25.641  -5.271  6.028 0.0000000000
92032  -26.689  -4.721  6.176 0.0000000000
91067  -26.223  -5.139  6.203 0.0000000000
91068  -26.811  -5.421  6.368 0.0000000000
84684  -17.680  -11.289  3.739 0.0000000000
85596  -17.155  -11.296  4.569 0.0000000000
86532  -17.115  -10.171  3.568 0.0000000000
87425  -16.204  -9.154  3.904 0.0000000000
87446  -17.733  -9.363  3.173 0.0000000000
88335  -19.030  -8.573  2.826 0.0000000000
87447  -18.576  -9.366  3.088 0.0000000000
88281  -27.147  -9.322  6.520 0.0000000000
88294  -26.500  -8.751  6.340 0.0000000000
80629  -27.418  -16.261  7.055 0.0000000000
80630  -28.817  -16.541  6.358 0.0000000000
73145  -23.992  -24.846  8.141 0.0000000000
78876  -20.938  -18.967  8.281 0.0000000000
78057  -21.282  -19.608  8.147 0.0000000000
76267  -21.824  -20.814  8.093 0.0000000000
77212  -22.125  -20.376  7.729 0.0000000000
92044  -21.823  -5.211  5.890 0.0000000000
91079  -22.366  -5.697  5.129 0.0000000000
82532  -21.228  -14.255  6.507 0.0000000000
84669  -21.221  -11.917  5.241 0.0000000000
83623  -20.792  -12.197  5.693 0.0000000000
84668  -20.246  -11.772  5.214 0.0000000000
84687  -19.396  -11.888  4.169 0.0000000000
85613  -20.013  -10.952  4.932 0.0000000000
85633  -21.242  -10.662  4.814 0.0000000000
85617  -24.378  -11.481  4.954 0.0000000000
86540  -23.169  -10.573  4.812 0.0000000000
86522  -24.605  -10.579  5.256 0.0000000000
86505  -25.142  -10.548  5.943 0.0000000000
86506  -25.971  -10.604  6.413 0.0000000000
86494  -27.665  -10.666  6.476 0.0000000000
85585  -26.387  -11.481  6.365 0.0000000000
83592  -26.800  -12.980  6.559 0.0000000000
84641  -27.478  -12.277  6.541 0.0000000000
83594  -28.640  -13.358  6.710 0.0000000000
70228  -25.752  -27.240  7.730 0.0000000000
81521  -19.962  -15.667  7.854 0.0000000000
81522  -20.597  -15.433  7.370 0.0000000000
80638  -22.571  -16.019  6.107 0.0000000000
81545  -22.125  -15.177  6.415 0.0000000000
81558  -22.699  -14.998  6.149 0.0000000000
81559  -23.122  -15.021  5.610 0.0000000000
80656  -23.122  -15.952  5.584 0.0000000000
79791  -23.346  -17.086  6.040 0.0000000000
79792  -24.023  -16.751  6.069 0.0000000000
79793  -24.784  -16.762  6.354 0.0000000000
78072  -22.521  -19.118  7.142 0.0000000000
78907  -26.166  -18.389  6.724 0.0000000000
78077  -26.740  -19.364  6.756 0.0000000000
77239  -27.825  -20.926  6.332 0.0000000000
76299  -29.054  -21.332  5.995 0.0000000000
92046  -24.281  -4.646  5.951 0.0000000000
84639  -20.099  -12.419  6.709 0.0000000000
87411  -20.028  -9.220  4.643 0.0000000000
87412  -20.576  -8.728  4.724 0.0000000000
89237  -20.214  -7.903  3.850 0.0000000000
89235  -19.613  -7.470  3.247 0.0000000000
90169  -20.938  -7.610  2.382 0.0000000000
90158  -20.498  -7.173  2.542 0.0000000000
90147  -22.168  -6.865  2.562 0.0000000000
90138  -22.843  -6.882  3.316 0.0000000000
87432  -21.925  -9.793  3.750 0.0000000000
87450  -21.512  -9.235  3.148 0.0000000000
87452  -22.520  -8.898  4.274 0.0000000000
88292  -24.559  -8.389  5.011 0.0000000000
89210  -26.061  -7.586  5.929 0.0000000000
89209  -24.884  -7.459  5.437 0.0000000000
90127  -27.694  -6.824  6.442 0.0000000000
81546  -24.943  -15.286  5.921 0.0000000000
82548  -25.343  -14.374  6.055 0.0000000000
82549  -25.991  -14.547  6.718 0.0000000000
82535  -28.003  -14.245  6.993 0.0000000000
74181  -21.574  -23.246  9.028 0.0000000000
75238  -24.134  -22.360  7.514 0.0000000000
72176  -25.974  -25.214  7.389 0.0000000000
74215  -26.222  -22.693  6.730 0.0000000000
77204  -21.062  -20.421  8.632 0.0000000000
76256  -21.434  -21.234  8.563 0.0000000000
91077  -21.040  -6.006  4.831 0.0000000000
90121  -21.034  -6.000  4.128 0.0000000000
83607  -21.518  -13.544  5.951 0.0000000000
84670  -22.173  -12.035  4.774 0.0000000000
84689  -22.472  -11.368  4.565 0.0000000000
84690  -22.833  -11.635  4.541 0.0000000000
84691  -23.354  -11.814  4.520 0.0000000000
84654  -25.335  -12.268  5.821 0.0000000000
84655  -26.024  -12.470  6.227 0.0000000000
79759  -19.801  -17.308  8.440 0.0000000000
80626  -21.185  -15.964  7.251 0.0000000000
80639  -22.867  -16.431  5.846 0.0000000000
79774  -23.726  -17.690  6.474 0.0000000000
78060  -23.075  -19.856  7.203 0.0000000000
78074  -23.698  -19.408  7.085 0.0000000000
76288  -27.368  -21.397  6.439 0.0000000000
92956  -21.696  -3.367  6.234 0.0000000000
94784  -26.077  -1.660  5.553 0.0000000000
92031  -26.021  -4.714  6.125 0.0000000000
86503  -18.331  -10.150  4.819 0.0000000000
90154  -16.243  -7.555  3.506 0.0000000000
89233  -17.937  -7.613  2.970 0.0000000000
89234  -18.807  -7.594  3.074 0.0000000000
89248  -18.474  -8.044  2.753 0.0000000000
89260  -21.046  -8.147  2.533 0.0000000000
87396  -24.764  -9.497  5.300 0.0000000000
87395  -24.313  -8.939  4.875 0.0000000000
80642  -25.454  -16.102  6.599 0.0000000000
81532  -26.475  -15.285  7.166 0.0000000000
81534  -28.326  -15.338  6.797 0.0000000000
73143  -22.522  -24.199  8.639 0.0000000000
75223  -22.605  -22.828  8.382 0.0000000000
74183  -22.932  -23.359  8.306 0.0000000000
73163  -24.015  -23.782  7.736 0.0000000000
78889  -20.868  -18.295  8.101 0.0000000000
78891  -22.240  -18.567  7.224 0.0000000000
78059  -22.564  -19.763  7.315 0.0000000000
77214  -23.464  -20.387  7.389 0.0000000000
76270  -24.057  -21.266  7.452 0.0000000000
92028  -21.119  -4.578  6.065 0.0000000000
92029  -22.191  -4.180  6.066 0.0000000000
92030  -22.824  -3.995  6.129 0.0000000000
92969  -24.007  -3.872  6.112 0.0000000000
90124  -24.195  -6.459  5.280 0.0000000000
83605  -20.423  -12.135  5.945 0.0000000000
83621  -19.016  -12.545  4.711 0.0000000000
84686  -18.657  -11.805  3.837 0.0000000000
86534  -18.471  -10.380  3.577 0.0000000000
87429  -19.073  -9.877  3.441 0.0000000000
87430  -20.061  -9.995  3.681 0.0000000000
86538  -21.732  -10.245  4.113 0.0000000000
86539  -22.468  -9.792  4.670 0.0000000000
85634  -22.022  -10.900  4.385 0.0000000000
86520  -23.234  -9.825  4.983 0.0000000000
87415  -24.292  -9.967  5.062 0.0000000000
87380  -26.565  -9.805  6.466 0.0000000000
87398  -27.869  -9.529  6.522 0.0000000000
87382  -28.010  -10.032  6.565 0.0000000000
86495  -28.432  -10.514  6.402 0.0000000000
85586  -27.212  -11.449  6.403 0.0000000000
71219  -24.964  -26.319  7.979 0.0000000000
72175  -25.166  -25.249  7.644 0.0000000000
82526  -20.573  -14.498  7.047 0.0000000000
82547  -21.932  -14.196  6.142 0.0000000000
82562  -23.834  -14.454  4.697 0.0000000000
82563  -24.657  -14.611  4.739 0.0000000000
81562  -24.819  -15.472  5.149 0.0000000000
80659  -24.703  -15.869  5.733 0.0000000000
79812  -23.878  -16.395  5.513 0.0000000000
80658  -24.351  -16.211  5.300 0.0000000000
80641  -24.971  -16.031  6.295 0.0000000000
79794  -25.368  -16.536  6.492 0.0000000000
79777  -26.718  -17.407  6.820 0.0000000000
78905  -24.165  -18.479  6.819 0.0000000000
78909  -28.201  -18.503  6.236 0.0000000000
77231  -28.046  -19.906  6.327 0.0000000000
92972  -26.874  -3.338  5.800 0.0000000000
89221  -20.884  -7.491  4.300 0.0000000000
90136  -21.031  -5.991  3.239 0.0000000000
90157  -19.949  -7.146  2.907 0.0000000000
90145  -20.361  -6.663  3.024 0.0000000000
90137  -22.080  -6.124  3.070 0.0000000000
87449  -20.551  -9.188  3.018 0.0000000000
88338  -21.016  -8.891  2.827 0.0000000000
89261  -21.601  -8.235  2.557 0.0000000000
88308  -23.365  -8.558  4.406 0.0000000000
89238  -22.992  -8.191  3.669 0.0000000000
90148  -22.859  -7.575  3.024 0.0000000000
90125  -25.572  -6.324  5.896 0.0000000000
90112  -27.198  -6.116  6.534 0.0000000000
83628  -25.189  -13.842  5.121 0.0000000000
83609  -26.060  -13.629  6.378 0.0000000000
75220  -21.036  -21.707  9.021 0.0000000000
76257  -21.730  -21.785  8.512 0.0000000000
75236  -22.629  -21.755  8.142 0.0000000000
76271  -24.589  -21.806  7.288 0.0000000000
75254  -26.704  -22.150  6.509 0.0000000000
79811  -23.518  -16.461  5.709 0.0000000000
81531  -21.656  -15.076  6.631 0.0000000000
81561  -24.127  -15.400  4.795 0.0000000000
82561  -23.088  -14.334  4.921 0.0000000000
83603  -18.384  -12.462  4.727 0.0000000000
83604  -19.235  -12.319  5.234 0.0000000000
83620  -18.478  -12.562  4.367 0.0000000000
84649  -17.255  -11.880  4.190 0.0000000000
84650  -17.711  -12.046  4.689 0.0000000000
84664  -17.523  -11.579  3.843 0.0000000000
84666  -18.837  -12.392  4.162 0.0000000000
84667  -19.521  -12.188  4.660 0.0000000000
84672  -23.902  -12.396  4.699 0.0000000000
84685  -18.023  -11.579  3.722 0.0000000000
84688  -19.829  -11.726  4.707 0.0000000000
85597  -17.882  -11.244  5.065 0.0000000000
85601  -24.960  -11.506  5.578 0.0000000000
85612  -16.923  -11.209  3.993 0.0000000000
85615  -21.471  -11.313  4.851 0.0000000000
85616  -23.680  -11.308  4.640 0.0000000000
85628  -17.408  -10.895  3.757 0.0000000000
85629  -17.965  -10.961  3.649 0.0000000000
85630  -18.611  -11.126  3.706 0.0000000000
85631  -19.277  -11.335  3.908 0.0000000000
85632  -19.755  -11.307  4.442 0.0000000000
85635  -22.728  -10.877  4.564 0.0000000000
85648  -19.531  -11.175  3.954 0.0000000000
85649  -19.687  -11.222  4.121 0.0000000000
86501  -16.752  -10.473  4.309 0.0000000000
86507  -29.162  -10.360  5.914 0.0000000000
86515  -16.787  -10.371  3.849 0.0000000000
86518  -20.367  -10.410  5.434 0.0000000000
86519  -20.823  -10.545  5.132 0.0000000000
86533  -17.704  -10.232  3.539 0.0000000000
86535  -19.303  -10.606  3.782 0.0000000000
86536  -19.973  -10.690  4.503 0.0000000000
86550  -17.702  -9.753  3.417 0.0000000000
86553  -19.794  -11.048  4.258 0.0000000000
86554  -21.857  -9.370  4.389 0.0000000000
87381  -27.375  -9.912  6.556 0.0000000000
87389  -16.487  -8.288  4.443 0.0000000000
87390  -16.655  -9.563  4.444 0.0000000000
87391  -17.310  -9.414  4.656 0.0000000000
87407  -16.113  -9.089  4.240 0.0000000000
87408  -16.408  -9.724  4.074 0.0000000000
87409  -17.521  -8.775  4.509 0.0000000000
87413  -22.958  -9.060  4.807 0.0000000000
87414  -23.849  -9.351  4.828 0.0000000000
87426  -16.733  -9.501  3.648 0.0000000000
87427  -17.319  -9.723  3.409 0.0000000000
87428  -18.538  -9.817  3.421 0.0000000000
87433  -22.482  -8.880  4.534 0.0000000000
87445  -17.112  -9.292  3.248 0.0000000000
87448  -19.558  -9.270  2.994 0.0000000000
87451  -22.442  -9.286  3.661 0.0000000000
87465  -21.716  -8.953  2.844 0.0000000000
88282  -27.544  -9.387  6.528 0.0000000000
88304  -15.990  -8.641  3.931 0.0000000000
88306  -20.579  -8.315  4.181 0.0000000000
88307  -20.518  -8.086  3.902 0.0000000000
88309  -23.970  -8.480  4.554 0.0000000000
88317  -16.419  -8.789  3.685 0.0000000000
88318  -16.794  -8.848  3.340 0.0000000000
88319  -19.513  -7.745  3.611 0.0000000000
88320  -19.958  -7.791  3.746 0.0000000000
88321  -20.302  -7.960  4.098 0.0000000000
88322  -22.861  -8.560  4.196 0.0000000000
88333  -17.170  -8.947  2.861 0.0000000000
88334  -18.153  -8.653  2.908 0.0000000000
88337  -20.731  -8.536  2.677 0.0000000000
88339  -22.892  -8.852  3.122 0.0000000000
88340  -22.676  -8.618  3.911 0.0000000000
88354  -21.016  -8.408  2.638 0.0000000000
88355  -21.328  -8.641  2.722 0.0000000000
88356  -22.087  -8.760  2.770 0.0000000000
89219  -18.422  -7.907  3.577 0.0000000000
89220  -19.139  -7.754  3.460 0.0000000000
89222  -20.680  -7.812  3.845 0.0000000000
89223  -23.252  -7.824  3.799 0.0000000000
89224  -23.668  -8.119  4.164 0.0000000000
89231  -16.341  -8.236  3.568 0.0000000000
89232  -16.576  -8.493  3.416 0.0000000000
89236  -20.300  -7.374  3.588 0.0000000000
89245  -16.467  -7.879  3.207 0.0000000000
89246  -16.823  -8.179  3.019 0.0000000000
89250  -20.414  -7.932  2.462 0.0000000000
89251  -22.524  -8.272  2.696 0.0000000000
89252  -23.027  -8.226  3.174 0.0000000000
89262  -22.034  -8.180  2.509 0.0000000000
90111  -26.443  -6.049  6.294 0.0000000000
90155  -16.664  -7.543  2.971 0.0000000000
90156  -17.196  -7.636  2.864 0.0000000000
90159  -21.385  -7.188  2.197 0.0000000000
90160  -22.168  -7.674  2.435 0.0000000000
90161  -22.728  -7.902  2.739 0.0000000000
90171  -21.808  -7.951  2.405 0.0000000000
91101  -17.273  -7.370  3.634 0.0000000000
92048  -26.341  -4.108  6.008 0.0000000000
122942  -17.513  -8.183  4.237 0.0000000000
