#!ascii label  , from subject sub-MOT05 vox2ras=TkReg
929
75222  -22.143  -22.350  8.461 0.5555555820
75236  -22.629  -21.755  8.142 0.6666666865
77213  -22.729  -20.470  7.560 0.7777777910
77214  -23.464  -20.387  7.389 0.7777777910
78073  -22.981  -19.230  6.911 0.8888888955
78076  -25.660  -19.308  7.012 0.8888888955
75221  -21.254  -22.284  8.971 0.5555555820
76257  -21.730  -21.785  8.512 0.5555555820
76267  -21.824  -20.814  8.093 0.6666666865
77212  -22.125  -20.376  7.729 0.8888888955
77227  -24.263  -20.192  7.265 0.8888888955
78074  -23.698  -19.408  7.085 0.8888888955
78905  -24.165  -18.479  6.819 1.0000000000
78906  -25.107  -18.393  6.857 0.8888888955
79776  -25.536  -17.366  6.555 1.0000000000
77204  -21.062  -20.421  8.632 0.7777777910
78058  -21.949  -19.516  7.541 1.0000000000
78890  -21.491  -18.656  7.703 1.0000000000
78903  -22.776  -18.497  6.814 1.0000000000
79773  -23.067  -17.770  6.443 1.0000000000
79762  -21.937  -17.914  7.301 1.0000000000
79774  -23.726  -17.690  6.474 1.0000000000
79790  -22.737  -17.003  6.057 1.0000000000
79791  -23.346  -17.086  6.040 1.0000000000
79793  -24.784  -16.762  6.354 1.0000000000
79810  -23.100  -16.624  5.793 1.0000000000
79792  -24.023  -16.751  6.069 1.0000000000
79794  -25.368  -16.536  6.492 1.0000000000
80659  -24.703  -15.869  5.733 1.0000000000
81547  -25.545  -15.428  6.585 0.7777777910
79761  -21.244  -17.556  7.604 0.8888888955
79771  -21.937  -17.100  7.071 1.0000000000
80638  -22.571  -16.019  6.107 1.0000000000
80656  -23.122  -15.952  5.584 1.0000000000
80657  -23.687  -16.062  5.128 1.0000000000
81562  -24.819  -15.472  5.149 1.0000000000
81546  -24.943  -15.286  5.921 1.0000000000
82549  -25.991  -14.547  6.718 0.8888888955
82548  -25.343  -14.374  6.055 1.0000000000
82534  -26.877  -14.110  6.966 0.7777777910
82535  -28.003  -14.245  6.993 0.7777777910
80615  -20.628  -16.539  7.621 0.5555555820
82532  -21.228  -14.255  6.507 0.7777777910
81530  -21.206  -15.209  6.948 0.8888888955
81558  -22.699  -14.998  6.149 1.0000000000
80655  -22.926  -15.531  5.886 1.0000000000
82533  -21.755  -14.687  6.436 0.8888888955
81559  -23.122  -15.021  5.610 1.0000000000
81560  -23.426  -15.247  4.956 1.0000000000
82563  -24.657  -14.611  4.739 1.0000000000
83628  -25.189  -13.842  5.121 0.8888888955
83627  -24.337  -13.551  4.747 1.0000000000
83608  -25.341  -13.209  5.910 0.8888888955
83592  -26.800  -12.980  6.559 0.7777777910
83594  -28.640  -13.358  6.710 0.6666666865
84642  -28.332  -12.404  6.636 0.6666666865
83583  -20.111  -14.000  7.259 0.4444444478
82526  -20.573  -14.498  7.047 0.7777777910
83591  -20.336  -13.366  6.780 0.6666666865
83607  -21.518  -13.544  5.951 0.7777777910
82560  -22.604  -14.143  5.582 0.8888888955
82562  -23.834  -14.454  4.697 1.0000000000
83625  -22.637  -13.324  4.865 1.0000000000
83626  -23.468  -13.439  4.699 1.0000000000
84673  -24.805  -12.610  5.233 0.8888888955
84654  -25.335  -12.268  5.821 0.7777777910
84640  -26.781  -12.145  6.357 0.7777777910
84643  -29.217  -12.455  6.358 0.5555555820
85586  -27.212  -11.449  6.403 0.7777777910
85587  -28.121  -11.438  6.503 0.6666666865
84653  -20.363  -12.219  6.198 0.6666666865
83606  -20.914  -13.115  5.988 0.7777777910
83605  -20.423  -12.135  5.945 0.7777777910
83624  -21.679  -13.121  5.444 0.8888888955
84669  -21.221  -11.917  5.241 1.0000000000
84670  -22.173  -12.035  4.774 1.0000000000
84690  -22.833  -11.635  4.541 1.0000000000
84671  -23.057  -12.479  4.540 0.8888888955
85617  -24.378  -11.481  4.954 0.8888888955
85602  -25.574  -11.497  6.157 0.8888888955
85585  -26.387  -11.481  6.365 0.7777777910
86540  -23.169  -10.573  4.812 0.8888888955
86522  -24.605  -10.579  5.256 0.7777777910
86506  -25.971  -10.604  6.413 0.7777777910
85603  -28.869  -11.072  6.256 0.7777777910
84639  -20.099  -12.419  6.709 0.5555555820
83622  -19.778  -12.138  5.246 0.8888888955
84668  -20.246  -11.772  5.214 0.8888888955
85613  -20.013  -10.952  4.932 1.0000000000
85614  -20.851  -10.916  5.028 1.0000000000
85634  -22.022  -10.900  4.385 1.0000000000
85636  -23.170  -11.203  4.528 0.8888888955
86505  -25.142  -10.548  5.943 0.7777777910
87380  -26.565  -9.805  6.466 0.7777777910
87382  -28.010  -10.032  6.565 0.6666666865
86507  -29.162  -10.360  5.914 0.5555555820
86508  -29.752  -10.334  5.026 0.5555555820
84652  -19.736  -11.810  5.513 0.7777777910
84651  -18.564  -11.967  5.212 0.6666666865
83621  -19.016  -12.545  4.711 0.8888888955
86552  -19.754  -10.966  3.983 1.0000000000
86537  -20.747  -10.367  4.575 1.0000000000
86539  -22.468  -9.792  4.670 0.8888888955
86555  -22.251  -9.117  4.443 0.8888888955
86521  -23.902  -10.440  4.875 0.8888888955
87397  -25.663  -9.608  6.120 0.7777777910
88294  -26.500  -8.751  6.340 0.7777777910
88281  -27.147  -9.322  6.520 0.7777777910
87400  -29.270  -9.449  5.351 0.5555555820
88293  -25.396  -8.542  5.688 0.7777777910
88295  -27.773  -8.799  6.462 0.5555555820
85582  -18.526  -11.128  7.312 0.4444444478
85598  -19.035  -11.125  5.320 0.5555555820
86532  -17.115  -10.171  3.568 0.7777777910
86534  -18.471  -10.380  3.577 1.0000000000
84684  -17.680  -11.289  3.739 0.8888888955
87429  -19.073  -9.877  3.441 1.0000000000
87431  -21.076  -9.738  3.771 0.8888888955
87450  -21.512  -9.235  3.148 0.8888888955
87432  -21.925  -9.793  3.750 0.8888888955
87452  -22.520  -8.898  4.274 0.8888888955
87395  -24.313  -8.939  4.875 0.8888888955
88296  -28.810  -8.569  5.797 0.5555555820
88305  -19.473  -8.222  3.903 0.6666666865
90154  -16.243  -7.555  3.506 0.6666666865
89248  -18.474  -8.044  2.753 0.7777777910
88336  -19.940  -8.557  2.661 0.8888888955
89260  -21.046  -8.147  2.533 0.7777777910
88338  -21.016  -8.891  2.827 0.8888888955
90170  -21.474  -7.773  2.391 0.7777777910
87466  -22.016  -9.215  2.992 0.8888888955
90148  -22.859  -7.575  3.024 0.7777777910
89238  -22.992  -8.191  3.669 0.7777777910
88292  -24.559  -8.389  5.011 0.6666666865
89207  -23.380  -7.055  3.760 0.6666666865
89209  -24.884  -7.459  5.437 0.6666666865
89210  -26.061  -7.586  5.929 0.6666666865
89211  -27.157  -7.726  6.426 0.5555555820
90125  -25.572  -6.324  5.896 0.6666666865
90126  -26.666  -6.772  6.310 0.5555555820
90127  -27.694  -6.824  6.442 0.5555555820
89212  -28.313  -7.658  6.252 0.4444444478
90113  -27.983  -6.110  6.392 0.5555555820
89205  -20.056  -7.363  5.837 0.3333333433
89206  -20.585  -7.440  5.154 0.3333333433
89237  -20.214  -7.903  3.850 0.5555555820
89235  -19.613  -7.470  3.247 0.6666666865
90135  -20.797  -6.662  3.756 0.5555555820
90157  -19.949  -7.146  2.907 0.7777777910
90158  -20.498  -7.173  2.542 0.7777777910
90137  -22.080  -6.124  3.070 0.6666666865
90147  -22.168  -6.865  2.562 0.6666666865
90146  -21.165  -6.394  2.423 0.6666666865
90138  -22.843  -6.882  3.316 0.6666666865
90124  -24.195  -6.459  5.280 0.6666666865
90110  -26.105  -5.632  6.176 0.6666666865
90112  -27.198  -6.116  6.534 0.5555555820
91070  -28.444  -5.537  6.158 0.5555555820
91068  -26.811  -5.421  6.368 0.6666666865
90119  -20.289  -6.697  5.425 0.4444444478
90108  -19.847  -6.373  6.031 0.4444444478
90109  -20.245  -6.262  5.375 0.5555555820
90121  -21.034  -6.000  4.128 0.6666666865
90136  -21.031  -5.991  3.239 0.6666666865
90122  -21.774  -5.783  3.969 0.6666666865
90123  -23.152  -6.158  4.095 0.6666666865
91081  -24.761  -5.444  5.715 0.6666666865
92032  -26.689  -4.721  6.176 0.6666666865
92033  -27.510  -4.867  6.317 0.5555555820
91065  -20.535  -5.614  5.630 0.4444444478
91078  -21.338  -5.651  5.005 0.6666666865
91079  -22.366  -5.697  5.129 0.6666666865
78060  -23.075  -19.856  7.203 0.8888888955
77211  -21.609  -20.342  8.102 1.0000000000
78072  -22.521  -19.118  7.142 1.0000000000
79775  -24.532  -17.577  6.542 1.0000000000
84691  -23.354  -11.814  4.520 0.8888888955
85600  -20.188  -11.898  6.419 0.5555555820
86492  -19.590  -10.257  6.328 0.5555555820
84665  -17.912  -12.413  3.941 0.7777777910
87430  -20.061  -9.995  3.681 1.0000000000
87396  -24.764  -9.497  5.300 0.8888888955
86491  -18.600  -10.267  7.073 0.2222222239
90169  -20.938  -7.610  2.382 0.7777777910
83582  -19.421  -13.544  7.502 0.4444444478
84638  -19.604  -12.422  7.051 0.4444444478
92057  -29.209  -4.453  5.004 0.5555555820
91090  -29.334  -5.007  4.570 0.5555555820
90107  -18.876  -6.275  6.709 0.2222222239
92050  -28.494  -4.470  6.032 0.5555555820
74182  -22.249  -23.354  8.640 0.5555555820
74197  -23.671  -23.223  7.847 0.5555555820
76269  -23.035  -21.213  7.809 0.5555555820
76270  -24.057  -21.266  7.452 0.5555555820
77228  -25.105  -20.168  7.190 0.7777777910
76285  -24.662  -20.709  7.274 0.6666666865
78907  -26.166  -18.389  6.724 0.7777777910
79777  -26.718  -17.407  6.820 0.8888888955
74173  -21.053  -23.125  9.543 0.4444444478
76255  -20.891  -21.189  9.104 0.5555555820
77203  -20.557  -20.424  9.178 0.2222222239
78047  -20.667  -19.620  8.679 0.6666666865
80628  -26.002  -16.369  6.958 0.8888888955
80629  -27.418  -16.261  7.055 0.6666666865
81533  -27.431  -15.056  7.151 0.7777777910
78875  -20.288  -18.591  8.635 0.5555555820
82536  -28.962  -14.394  6.611 0.6666666865
79759  -19.801  -17.308  8.440 0.4444444478
83595  -29.559  -13.451  6.281 0.5555555820
84657  -30.682  -12.583  4.818 0.5555555820
81513  -19.432  -15.818  8.518 0.2222222239
85605  -30.277  -11.768  5.047 0.5555555820
83567  -19.062  -14.139  8.243 0.4444444478
85618  -30.161  -11.046  4.777 0.5555555820
84615  -18.147  -12.898  8.543 0.3333333433
86523  -30.233  -10.434  3.915 0.5555555820
85583  -19.264  -11.419  6.911 0.4444444478
87434  -29.959  -9.664  3.031 0.4444444478
86483  -18.188  -10.783  7.432 0.3333333433
88310  -29.639  -8.512  3.511 0.5555555820
89213  -29.110  -7.519  5.343 0.4444444478
89198  -19.335  -7.252  6.504 0.3333333433
88280  -19.760  -8.287  6.279 0.3333333433
87394  -20.761  -8.879  5.116 0.4444444478
90129  -29.345  -6.541  4.919 0.4444444478
91083  -29.228  -5.497  5.230 0.4444444478
92058  -29.313  -4.544  4.083 0.2222222239
91064  -19.348  -5.368  6.492 0.3333333433
91080  -23.572  -5.599  5.464 0.6666666865
92047  -25.383  -4.452  5.937 0.6666666865
92031  -26.021  -4.714  6.125 0.6666666865
92049  -27.298  -4.117  6.106 0.6666666865
92983  -28.744  -3.507  5.178 0.4444444478
92984  -29.213  -3.869  4.474 0.3333333433
91066  -21.005  -5.203  5.457 0.5555555820
75223  -22.605  -22.828  8.382 0.6666666865
75237  -23.161  -22.277  8.046 0.6666666865
76268  -22.183  -21.255  8.080 0.6666666865
78904  -23.392  -18.522  6.726 1.0000000000
78075  -24.654  -19.301  7.127 0.8888888955
74181  -21.574  -23.246  9.028 0.4444444478
75209  -20.873  -22.614  9.489 0.4444444478
75220  -21.036  -21.707  9.021 0.5555555820
76256  -21.434  -21.234  8.563 0.6666666865
78059  -22.564  -19.763  7.315 0.8888888955
78876  -20.938  -18.967  8.281 0.8888888955
78057  -21.282  -19.608  8.147 1.0000000000
78891  -22.240  -18.567  7.224 1.0000000000
78889  -20.868  -18.295  8.101 0.8888888955
79772  -22.492  -17.660  6.801 1.0000000000
79789  -22.328  -16.786  6.528 1.0000000000
80640  -24.485  -16.285  5.998 1.0000000000
79812  -23.878  -16.395  5.513 1.0000000000
80639  -22.867  -16.431  5.846 1.0000000000
80658  -24.351  -16.211  5.300 1.0000000000
80641  -24.971  -16.031  6.295 1.0000000000
80642  -25.454  -16.102  6.599 0.8888888955
81532  -26.475  -15.285  7.166 0.7777777910
80616  -21.410  -16.642  7.287 1.0000000000
79747  -20.140  -18.038  8.553 0.6666666865
79760  -20.316  -17.630  8.222 0.5555555820
80627  -21.855  -16.007  6.799 1.0000000000
82564  -25.052  -14.749  5.358 1.0000000000
83609  -26.060  -13.629  6.378 0.8888888955
80614  -19.865  -16.678  8.184 0.5555555820
81521  -19.962  -15.667  7.854 0.6666666865
81522  -20.597  -15.433  7.370 0.6666666865
80626  -21.185  -15.964  7.251 0.7777777910
82546  -21.427  -13.767  6.175 0.8888888955
82547  -21.932  -14.196  6.142 0.8888888955
81545  -22.125  -15.177  6.415 1.0000000000
84655  -26.024  -12.470  6.227 0.8888888955
83593  -27.672  -13.213  6.839 0.7777777910
84641  -27.478  -12.277  6.541 0.6666666865
84656  -29.977  -12.519  5.675 0.5555555820
85588  -28.861  -11.732  6.397 0.6666666865
82515  -19.428  -14.773  8.093 0.3333333433
82525  -19.986  -14.666  7.491 0.4444444478
85604  -29.560  -11.399  5.709 0.5555555820
83623  -20.792  -12.197  5.693 0.8888888955
84689  -22.472  -11.368  4.565 1.0000000000
86493  -26.855  -10.657  6.451 0.7777777910
86494  -27.665  -10.666  6.476 0.7777777910
86495  -28.432  -10.514  6.402 0.6666666865
83581  -18.714  -13.018  7.735 0.4444444478
84687  -19.396  -11.888  4.169 0.8888888955
85633  -21.242  -10.662  4.814 1.0000000000
87415  -24.292  -9.967  5.062 0.7777777910
87398  -27.869  -9.529  6.522 0.6666666865
87416  -29.743  -9.465  4.268 0.5555555820
85599  -20.203  -11.174  6.050 0.5555555820
85596  -17.155  -11.296  4.569 0.6666666865
84686  -18.657  -11.805  3.837 0.8888888955
86538  -21.732  -10.245  4.113 1.0000000000
86520  -23.234  -9.825  4.983 0.8888888955
87399  -28.563  -9.576  6.256 0.6666666865
88308  -23.365  -8.558  4.406 0.8888888955
88297  -29.370  -8.474  4.730 0.5555555820
86503  -18.331  -10.150  4.819 0.5555555820
86502  -17.266  -10.390  4.719 0.5555555820
86551  -18.109  -9.791  3.401 1.0000000000
87446  -17.733  -9.363  3.173 0.7777777910
87425  -16.204  -9.154  3.904 0.7777777910
87449  -20.551  -9.188  3.018 0.8888888955
87447  -18.576  -9.366  3.088 0.7777777910
87411  -20.028  -9.220  4.643 0.5555555820
87410  -18.510  -8.775  4.315 0.5555555820
87412  -20.576  -8.728  4.724 0.4444444478
89233  -17.937  -7.613  2.970 0.6666666865
89234  -18.807  -7.594  3.074 0.6666666865
89247  -17.615  -8.121  2.807 0.7777777910
86517  -19.065  -9.621  4.708 0.6666666865
89249  -19.547  -7.754  2.738 0.7777777910
88335  -19.030  -8.573  2.826 0.7777777910
89261  -21.601  -8.235  2.557 0.7777777910
89208  -23.956  -7.462  4.394 0.6666666865
90128  -28.667  -6.528  5.901 0.4444444478
88291  -19.857  -8.416  4.725 0.4444444478
89221  -20.884  -7.491  4.300 0.5555555820
90144  -19.984  -7.060  3.176 0.6666666865
90145  -20.361  -6.663  3.024 0.7777777910
91082  -25.641  -5.271  6.028 0.6666666865
91067  -26.223  -5.139  6.203 0.6666666865
90120  -20.740  -6.481  4.809 0.5555555820
91077  -21.040  -6.006  4.831 0.6666666865
85584  -19.919  -11.843  6.664 0.4444444478
83566  -18.582  -13.511  8.336 0.4444444478
84632  -18.927  -12.452  7.383 0.4444444478
77229  -26.145  -20.300  7.055 0.6666666865
73142  -21.882  -24.155  9.047 0.5555555820
73132  -20.891  -23.544  9.951 0.3333333433
75208  -20.737  -22.052  9.505 0.4444444478
81512  -19.039  -16.070  9.053 0.1111111119
82514  -18.698  -14.827  8.824 0.1111111119
84631  -18.264  -12.419  8.011 0.3333333433
87393  -20.086  -9.279  5.771 0.3333333433
92048  -26.341  -4.108  6.008 0.6666666865
92973  -27.888  -3.418  5.742 0.4444444478
73166  -26.681  -24.219  6.925 0.4444444478
73168  -28.243  -24.207  7.371 0.2222222239
73144  -23.465  -24.303  8.184 0.4444444478
73164  -24.583  -24.315  7.689 0.4444444478
74198  -24.510  -23.213  7.554 0.4444444478
74199  -25.594  -23.259  7.087 0.4444444478
74216  -26.719  -23.128  6.624 0.4444444478
74218  -28.062  -23.202  6.642 0.2222222239
75239  -24.982  -22.349  7.210 0.4444444478
75253  -25.852  -22.174  6.830 0.4444444478
75256  -28.510  -22.266  6.413 0.1111111119
75257  -29.069  -22.112  6.569 0.1111111119
75254  -26.704  -22.150  6.509 0.4444444478
75255  -27.675  -22.149  6.305 0.3333333433
76271  -24.589  -21.806  7.288 0.4444444478
76297  -28.026  -21.369  6.230 0.3333333433
76289  -28.876  -21.646  6.166 0.2222222239
76287  -26.473  -21.292  6.783 0.4444444478
76288  -27.368  -21.397  6.439 0.3333333433
76286  -25.232  -21.254  7.118 0.5555555820
77240  -28.382  -20.448  6.080 0.2222222239
77241  -29.300  -20.561  5.822 0.1111111119
78090  -30.078  -19.358  5.378 0.1111111119
77230  -27.392  -20.391  6.601 0.3333333433
77231  -28.046  -19.906  6.327 0.3333333433
78077  -26.740  -19.364  6.756 0.4444444478
78908  -27.258  -18.431  6.605 0.5555555820
78909  -28.201  -18.503  6.236 0.6666666865
78922  -29.597  -18.514  5.194 0.4444444478
79797  -30.024  -17.283  4.967 0.3333333433
79778  -27.920  -17.515  6.637 0.6666666865
80630  -28.817  -16.541  6.358 0.5555555820
80631  -29.500  -16.045  6.077 0.5555555820
80644  -29.740  -16.561  5.497 0.4444444478
81548  -29.984  -15.488  5.840 0.3333333433
82550  -30.612  -14.593  5.429 0.4444444478
82537  -29.865  -14.489  6.136 0.5555555820
83610  -30.376  -13.530  5.596 0.4444444478
92045  -23.044  -4.704  6.087 0.5555555820
92046  -24.281  -4.646  5.951 0.5555555820
92971  -25.870  -3.424  5.888 0.5555555820
73165  -25.697  -24.349  7.267 0.4444444478
73183  -27.496  -23.720  6.750 0.2222222239
75265  -28.269  -21.938  6.257 0.2222222239
76299  -29.054  -21.332  5.995 0.2222222239
78088  -28.434  -19.381  6.004 0.4444444478
78089  -29.255  -19.415  5.578 0.3333333433
78078  -27.722  -19.341  6.460 0.4444444478
79795  -28.731  -17.671  5.957 0.4444444478
83611  -31.110  -13.647  4.744 0.4444444478
92030  -22.824  -3.995  6.129 0.5555555820
75238  -24.134  -22.360  7.514 0.4444444478
78931  -30.118  -18.413  4.835 0.2222222239
92972  -26.874  -3.338  5.800 0.5555555820
71219  -24.964  -26.319  7.979 0.4444444478
71235  -25.510  -25.786  7.616 0.4444444478
72176  -25.974  -25.214  7.389 0.4444444478
72178  -27.639  -25.324  7.484 0.2222222239
72179  -28.305  -24.934  7.808 0.1111111119
72158  -24.330  -25.429  8.064 0.4444444478
74201  -28.606  -23.045  7.039 0.1111111119
75241  -29.382  -22.110  7.143 0.1111111119
76290  -29.299  -21.443  6.338 0.1111111119
77233  -30.050  -20.168  6.338 0.1111111119
78079  -30.455  -19.365  6.111 0.1111111119
78923  -30.793  -18.703  5.503 0.1111111119
78932  -30.662  -18.397  4.967 0.2222222239
80645  -30.620  -16.582  4.863 0.1111111119
79814  -30.615  -17.559  4.763 0.2222222239
81549  -30.633  -15.635  5.166 0.2222222239
82551  -31.275  -14.726  4.645 0.2222222239
85637  -30.926  -11.582  2.900 0.3333333433
85619  -30.601  -11.440  3.990 0.4444444478
90139  -29.443  -6.384  4.113 0.3333333433
93878  -28.167  -2.967  5.276 0.5555555820
92044  -21.823  -5.211  5.890 0.5555555820
92970  -24.890  -3.663  5.939 0.5555555820
93876  -26.406  -2.553  5.652 0.5555555820
92029  -22.191  -4.180  6.066 0.5555555820
74183  -22.932  -23.359  8.306 0.4444444478
73163  -24.015  -23.782  7.736 0.4444444478
81534  -28.326  -15.338  6.797 0.5555555820
86524  -30.410  -10.850  3.670 0.4444444478
91084  -29.378  -5.982  4.547 0.3333333433
73167  -27.480  -24.457  7.061 0.3333333433
73145  -23.992  -24.846  8.141 0.4444444478
72175  -25.166  -25.249  7.644 0.4444444478
74215  -26.222  -22.693  6.730 0.4444444478
73182  -27.134  -23.551  6.642 0.4444444478
74217  -27.607  -23.029  6.500 0.4444444478
75224  -29.581  -22.487  7.803 0.1111111119
77239  -27.825  -20.926  6.332 0.3333333433
76298  -28.593  -21.432  6.126 0.2222222239
77242  -29.870  -20.017  5.927 0.1111111119
79796  -29.418  -17.686  5.340 0.3333333433
78921  -28.923  -18.552  5.637 0.4444444478
78096  -29.863  -18.921  5.163 0.3333333433
80643  -29.165  -17.134  5.755 0.4444444478
81535  -29.274  -15.409  6.372 0.5555555820
77232  -29.663  -20.618  6.131 0.1111111119
92968  -23.360  -3.685  6.167 0.5555555820
78097  -30.156  -18.802  5.000 0.2222222239
72177  -26.781  -25.317  7.287 0.4444444478
71238  -27.577  -26.249  7.860 0.2222222239
72157  -23.550  -25.371  8.427 0.4444444478
74184  -28.824  -23.524  7.615 0.1111111119
76272  -29.764  -21.192  6.935 0.1111111119
64180  -27.673  -33.440  8.416 0.1111111119
67073  -24.785  -30.564  9.371 0.3333333433
66085  -26.232  -31.518  8.713 0.2222222239
64179  -27.147  -32.986  8.395 0.2222222239
65149  -27.459  -32.503  8.428 0.1111111119
69133  -23.042  -28.313  9.869 0.3333333433
68084  -23.607  -29.616  9.942 0.3333333433
67072  -24.030  -30.573  9.970 0.3333333433
68086  -24.957  -29.873  8.944 0.3333333433
67091  -26.041  -30.410  8.534 0.3333333433
67092  -26.936  -30.525  8.443 0.2222222239
66086  -27.142  -31.632  8.468 0.2222222239
66087  -27.842  -31.857  8.773 0.1111111119
71187  -22.279  -27.071  10.007 0.2222222239
70187  -22.640  -27.641  9.934 0.2222222239
69134  -23.735  -28.607  9.525 0.3333333433
68085  -24.370  -29.569  9.388 0.3333333433
71203  -22.073  -26.035  9.539 0.2222222239
72145  -22.262  -25.792  9.241 0.3333333433
71205  -23.425  -27.086  8.985 0.3333333433
71217  -23.104  -25.942  8.689 0.3333333433
71218  -23.804  -26.429  8.552 0.3333333433
70201  -23.278  -27.627  9.436 0.3333333433
70202  -24.151  -27.585  8.907 0.3333333433
69159  -25.117  -28.509  8.523 0.3333333433
70227  -25.104  -27.462  8.287 0.3333333433
69160  -25.992  -28.261  7.888 0.3333333433
69161  -27.039  -28.526  7.985 0.3333333433
68105  -27.358  -29.372  8.620 0.1111111119
72144  -21.827  -25.250  9.431 0.2222222239
72155  -22.149  -24.736  8.922 0.3333333433
70226  -24.520  -26.941  8.469 0.3333333433
70228  -25.752  -27.240  7.730 0.3333333433
71220  -25.427  -26.847  7.841 0.3333333433
69178  -26.840  -27.797  7.641 0.3333333433
73133  -21.262  -24.137  9.764 0.3333333433
73143  -22.522  -24.199  8.639 0.3333333433
70245  -26.437  -27.179  7.577 0.3333333433
71236  -25.963  -26.295  7.547 0.3333333433
71237  -26.938  -26.271  7.475 0.3333333433
83629  -31.582  -13.911  3.859 0.2222222239
84674  -31.239  -12.768  3.578 0.2222222239
84675  -31.532  -13.529  3.227 0.2222222239
86541  -30.198  -10.249  3.346 0.3333333433
86542  -30.364  -10.656  3.132 0.2222222239
66084  -25.759  -30.961  8.832 0.3333333433
66068  -27.550  -30.991  8.895 0.1111111119
69135  -24.482  -28.592  8.966 0.3333333433
68103  -25.536  -29.466  8.505 0.3333333433
68104  -26.485  -29.449  8.240 0.3333333433
72156  -22.649  -25.282  8.816 0.3333333433
64166  -27.375  -33.990  8.833 0.1111111119
63210  -27.908  -34.522  8.693 0.1111111119
67071  -23.392  -30.287  10.316 0.3333333433
66065  -24.577  -31.466  9.784 0.3333333433
65130  -24.939  -32.032  9.668 0.3333333433
66067  -25.770  -32.062  9.100 0.3333333433
65132  -26.176  -32.610  9.011 0.3333333433
63211  -28.842  -34.867  8.642 0.1111111119
64181  -28.507  -33.371  8.401 0.1111111119
69122  -23.173  -28.974  10.059 0.3333333433
65150  -28.186  -32.645  8.538 0.1111111119
66069  -28.256  -31.220  9.267 0.1111111119
71186  -21.731  -26.488  10.301 0.2222222239
67074  -27.473  -30.205  8.903 0.1111111119
69136  -28.013  -28.949  9.252 0.1111111119
69162  -27.683  -28.154  8.680 0.1111111119
69179  -27.344  -27.677  8.075 0.1111111119
73121  -20.959  -23.911  10.549 0.1111111119
84692  -31.500  -12.265  2.570 0.2222222239
87435  -30.223  -10.085  2.281 0.2222222239
63225  -28.186  -33.872  8.348 0.1111111119
64165  -26.856  -33.447  8.904 0.1111111119
66066  -25.347  -31.465  9.223 0.3333333433
68080  -22.967  -29.678  10.420 0.2222222239
67090  -25.395  -30.462  8.879 0.3333333433
68102  -24.848  -29.221  8.801 0.3333333433
71204  -22.654  -26.574  9.283 0.3333333433
70203  -24.722  -28.036  8.690 0.3333333433
73122  -21.220  -24.565  10.433 0.2222222239
70246  -27.162  -27.053  7.710 0.1111111119
63209  -26.975  -34.604  9.264 0.1111111119
66059  -23.893  -31.625  10.346 0.3333333433
67067  -23.434  -30.964  10.434 0.2222222239
65120  -24.540  -32.527  10.207 0.3333333433
65131  -25.398  -32.634  9.594 0.3333333433
69121  -22.502  -28.675  10.493 0.2222222239
84693  -31.706  -13.245  2.619 0.1111111119
84709  -32.716  -12.575  2.380 0.1111111119
84708  -32.059  -12.504  2.109 0.1111111119
85651  -31.886  -11.529  2.119 0.1111111119
85652  -32.339  -11.835  2.316 0.1111111119
86558  -32.191  -10.728  2.382 0.1111111119
86556  -30.757  -10.707  2.146 0.1111111119
86557  -31.462  -10.633  1.782 0.1111111119
89239  -29.444  -7.581  2.718 0.1111111119
89225  -29.508  -7.359  4.074 0.2222222239
90149  -29.525  -6.534  3.149 0.1111111119
90162  -29.102  -6.722  1.947 0.1111111119
91091  -29.363  -5.539  3.881 0.1111111119
92028  -21.119  -4.578  6.065 0.4444444478
92063  -29.308  -4.688  2.966 0.1111111119
92969  -24.007  -3.872  6.112 0.4444444478
93894  -28.457  -2.549  4.694 0.3333333433
92990  -29.031  -3.251  4.373 0.2222222239
92991  -29.302  -3.702  3.561 0.1111111119
92996  -29.263  -3.817  2.303 0.1111111119
93873  -23.878  -3.355  6.177 0.4444444478
93861  -24.645  -2.322  6.291 0.4444444478
93875  -25.367  -2.533  5.969 0.4444444478
94785  -26.799  -1.910  5.376 0.4444444478
94794  -27.356  -1.568  4.938 0.4444444478
93893  -27.856  -2.078  4.868 0.2222222239
94795  -28.161  -1.680  4.524 0.2222222239
94808  -28.789  -1.885  3.810 0.2222222239
94809  -29.179  -2.389  3.157 0.2222222239
122997  -25.866  2.120  0.578 0.1111111119
96691  -27.586  0.711  1.514 0.1111111119
94828  -28.812  -1.723  1.226 0.1111111119
92956  -21.696  -3.367  6.234 0.4444444478
93859  -22.430  -2.547  6.366 0.4444444478
93860  -23.612  -2.731  6.286 0.3333333433
93862  -25.147  -2.024  6.175 0.4444444478
95728  -25.745  -0.902  5.205 0.4444444478
94784  -26.077  -1.660  5.553 0.4444444478
94793  -26.632  -1.363  5.183 0.4444444478
95740  -25.495  -0.323  4.479 0.3333333433
95741  -26.614  -0.714  4.636 0.3333333433
95757  -27.375  -0.169  3.366 0.1111111119
95767  -27.752  0.097  2.542 0.1111111119
95758  -28.448  -1.000  3.451 0.2222222239
95768  -28.468  -0.551  2.189 0.1111111119
93858  -21.398  -2.485  6.770 0.2222222239
94777  -24.886  -1.704  6.257 0.3333333433
94783  -25.256  -1.495  5.758 0.3333333433
95755  -25.195  0.173  3.817 0.2222222239
95756  -26.095  0.023  3.813 0.2222222239
96678  -26.397  0.358  3.062 0.2222222239
96676  -24.823  0.611  3.406 0.1111111119
96677  -25.550  0.466  3.212 0.1111111119
96688  -27.075  0.609  2.353 0.1111111119
96686  -25.032  1.055  2.756 0.1111111119
96687  -25.945  0.881  2.500 0.1111111119
94775  -23.135  -1.793  6.587 0.3333333433
94776  -24.214  -1.572  6.537 0.3333333433
94782  -24.757  -1.149  6.003 0.3333333433
95727  -24.796  -0.464  5.221 0.3333333433
95739  -24.755  0.158  4.283 0.2222222239
95754  -24.713  0.387  3.802 0.2222222239
97568  -24.225  1.596  2.253 0.1111111119
97569  -25.261  1.551  1.811 0.1111111119
97577  -24.144  2.292  0.931 0.1111111119
94762  -22.380  -0.906  7.792 0.1111111119
95713  -23.503  -1.009  7.374 0.1111111119
94769  -23.602  -1.217  6.941 0.2222222239
95722  -24.400  -0.542  6.173 0.2222222239
96666  -23.918  0.963  4.889 0.2222222239
96674  -23.797  0.961  4.220 0.1111111119
97556  -23.420  1.531  3.556 0.1111111119
97557  -23.928  1.381  3.032 0.1111111119
96685  -24.439  1.090  3.081 0.1111111119
97576  -23.645  2.107  1.729 0.1111111119
95702  -23.159  -0.757  8.002 0.1111111119
96631  -24.731  0.265  7.447 0.1111111119
95714  -24.230  -0.681  7.293 0.1111111119
96643  -24.384  0.330  6.651 0.1111111119
97515  -24.039  1.379  6.235 0.1111111119
97535  -23.942  1.094  5.732 0.1111111119
97534  -23.717  1.449  5.427 0.1111111119
97548  -23.442  1.545  4.494 0.1111111119
98388  -22.224  2.963  4.557 0.1111111119
98408  -22.816  2.253  4.032 0.1111111119
98407  -22.015  2.867  3.620 0.1111111119
98425  -22.670  2.326  3.088 0.1111111119
95715  -24.743  -0.093  7.989 0.1111111119
97500  -24.763  1.286  7.215 0.1111111119
98369  -23.684  2.235  6.320 0.1111111119
99228  -23.397  3.072  6.507 0.1111111119
98367  -22.442  3.169  5.427 0.1111111119
98354  -24.957  2.327  7.439 0.1111111119
97501  -25.391  1.694  7.848 0.1111111119
83656  -32.516  -13.192  2.211 0.1111111119
85638  -32.816  -11.723  2.854 0.1111111119
87454  -30.378  -10.006  1.635 0.1111111119
86565  -30.863  -10.177  1.490 0.1111111119
87453  -29.787  -9.287  1.639 0.1111111119
93877  -27.483  -2.525  5.324 0.4444444478
93908  -29.071  -2.779  3.783 0.2222222239
93909  -29.241  -3.022  2.904 0.1111111119
92068  -29.180  -4.799  1.650 0.1111111119
93874  -24.425  -3.093  6.130 0.4444444478
94820  -28.994  -1.882  2.499 0.2222222239
96689  -27.964  0.331  2.050 0.1111111119
96692  -28.339  0.115  1.203 0.1111111119
97570  -26.380  1.256  1.691 0.1111111119
96656  -24.082  0.550  5.559 0.2222222239
98368  -23.131  2.454  5.896 0.1111111119
99261  -21.473  3.537  4.191 0.1111111119
99214  -23.689  3.754  6.987 0.1111111119
85621  -33.353  -12.282  4.008 0.1111111119
85639  -33.227  -12.202  3.368 0.1111111119
91096  -29.281  -5.694  2.419 0.1111111119
92957  -22.690  -3.405  6.164 0.4444444478
95729  -26.273  -1.107  5.211 0.4444444478
95704  -24.942  0.029  8.700 0.1111111119
98353  -24.193  2.498  6.880 0.1111111119
84695  -33.511  -12.990  3.472 0.1111111119
83630  -31.763  -14.110  3.044 0.1111111119
83639  -32.353  -13.963  2.453 0.1111111119
84694  -33.178  -12.595  2.824 0.1111111119
85607  -33.229  -11.982  4.835 0.1111111119
84676  -33.608  -12.806  4.503 0.1111111119
86525  -32.521  -10.528  4.485 0.1111111119
86543  -32.525  -10.705  3.419 0.1111111119
87436  -32.314  -9.883  3.016 0.1111111119
87456  -32.118  -9.851  2.398 0.1111111119
87478  -30.752  -9.006  0.634 0.1111111119
87469  -31.172  -9.167  0.938 0.1111111119
87455  -31.718  -9.561  1.786 0.1111111119
87467  -29.927  -8.839  0.776 0.1111111119
89271  -29.810  -7.566  0.078 0.1111111119
90172  -28.994  -6.816  0.836 0.1111111119
92043  -21.223  -5.309  5.671 0.4444444478
91102  -29.044  -5.830  1.179 0.1111111119
93002  -28.933  -3.751  0.921 0.1111111119
92074  -29.020  -4.902  0.448 0.1111111119
92955  -20.495  -3.347  6.739 0.4444444478
93930  -28.218  -2.782  -0.476 0.1111111119
94835  -28.486  -1.937  0.050 0.1111111119
94774  -22.103  -1.707  6.753 0.2222222239
96698  -28.393  -0.258  0.049 0.1111111119
94767  -21.882  -1.270  7.480 0.1111111119
97584  -27.156  1.492  -0.026 0.1111111119
97583  -26.427  2.209  -0.460 0.1111111119
94761  -21.678  -0.838  8.156 0.1111111119
95688  -22.234  -0.518  8.801 0.1111111119
95703  -24.225  -0.529  8.384 0.1111111119
122996  -25.532  2.868  -0.686 0.1111111119
95690  -24.403  -0.365  9.230 0.1111111119
96620  -25.437  0.644  8.934 0.1111111119
99278  -21.258  3.609  3.203 0.1111111119
98442  -22.193  3.290  1.722 0.1111111119
98452  -22.491  3.553  0.966 0.1111111119
99303  -22.990  3.921  -0.175 0.1111111119
96632  -25.227  0.717  8.115 0.1111111119
99227  -22.623  3.627  6.205 0.1111111119
100077  -20.970  4.871  5.635 0.1111111119
99215  -24.557  3.426  7.533 0.1111111119
88323  -29.497  -8.581  2.314 0.1111111119
84707  -31.748  -11.942  2.259 0.1111111119
85650  -31.402  -11.441  2.281 0.1111111119
88341  -29.421  -8.534  1.598 0.1111111119
89253  -29.151  -7.791  1.540 0.1111111119
95742  -27.830  -0.919  4.321 0.2222222239
93917  -28.860  -2.441  1.466 0.1111111119
97578  -27.065  1.329  1.063 0.1111111119
97571  -27.043  0.999  1.692 0.1111111119
96697  -27.857  0.684  0.512 0.1111111119
93923  -28.596  -2.650  0.545 0.1111111119
96675  -24.203  0.726  3.717 0.1111111119
123000  -24.577  3.055  -0.234 0.1111111119
95701  -22.362  -0.743  8.204 0.1111111119
94768  -22.827  -1.156  7.204 0.1111111119
96667  -24.154  0.361  4.600 0.2222222239
97567  -23.335  1.996  2.457 0.1111111119
98453  -23.022  2.776  1.369 0.1111111119
98443  -22.627  2.642  2.254 0.1111111119
97514  -23.648  1.858  5.978 0.1111111119
96655  -23.953  0.969  5.271 0.1111111119
98389  -22.952  2.276  4.970 0.1111111119
98424  -21.979  3.009  2.657 0.1111111119
99226  -22.120  3.995  5.734 0.1111111119
99241  -21.719  3.867  5.127 0.1111111119
83640  -33.150  -13.550  2.614 0.1111111119
85620  -32.895  -11.533  3.993 0.1111111119
93918  -29.084  -2.921  1.964 0.1111111119
95774  -28.742  -0.892  0.693 0.1111111119
99260  -21.001  4.217  3.879 0.1111111119
85606  -32.722  -11.180  5.127 0.1111111119
88357  -29.436  -8.431  1.036 0.1111111119
90180  -29.293  -6.826  0.015 0.1111111119
93001  -28.651  -3.204  0.625 0.1111111119
95782  -28.446  -1.252  -0.456 0.1111111119
96705  -27.904  0.182  -0.886 0.1111111119
94760  -20.711  -0.834  8.280 0.1111111119
99293  -21.423  3.780  2.153 0.1111111119
100078  -21.678  4.379  5.711 0.1111111119
100067  -21.259  5.018  6.197 0.1111111119
99240  -21.173  4.266  4.653 0.1111111119
78874  -19.639  -18.597  9.200 0.2222222239
79745  -19.317  -17.750  9.280 0.2222222239
76245  -20.545  -21.218  9.622 0.3333333433
79746  -19.805  -17.863  8.717 0.3333333433
92027  -19.938  -4.459  6.549 0.2222222239
92945  -19.735  -2.993  7.415 0.1111111119
87379  -19.263  -9.255  6.631 0.1111111119
78046  -20.087  -19.538  9.291 0.2222222239
87378  -18.325  -9.096  7.202 0.1111111119
90100  -18.261  -6.285  7.414 0.1111111119
92026  -18.814  -4.346  7.226 0.1111111119
92944  -19.028  -3.075  7.605 0.1111111119
93852  -20.547  -2.399  7.695 0.1111111119
91063  -18.537  -5.398  7.171 0.1111111119
78028  -19.912  -19.804  9.850 0.2222222239
82513  -18.349  -13.948  8.852 0.3333333433
92954  -19.427  -3.615  7.175 0.1111111119
78045  -19.529  -19.175  9.687 0.2222222239
92953  -18.782  -3.560  7.506 0.1111111119
92025  -18.370  -4.827  7.577 0.1111111119
92016  -18.511  -3.760  7.659 0.1111111119
64149  -24.118  -33.123  10.642 0.1111111119
65121  -25.011  -33.131  10.149 0.1111111119
64151  -25.444  -33.700  10.078 0.1111111119
65113  -23.027  -32.744  11.305 0.1111111119
66058  -23.004  -31.709  10.852 0.1111111119
75190  -20.474  -21.970  10.523 0.1111111119
79729  -19.013  -17.660  9.766 0.1111111119
84630  -17.825  -11.866  8.249 0.2222222239
85574  -18.046  -11.375  7.770 0.2222222239
85573  -17.462  -11.274  8.418 0.2222222239
65119  -23.711  -32.564  10.742 0.1111111119
80602  -19.066  -16.847  9.447 0.1111111119
80603  -19.404  -16.932  8.781 0.1111111119
64139  -23.683  -33.681  11.101 0.1111111119
64150  -24.556  -33.738  10.528 0.1111111119
64164  -26.085  -33.510  9.461 0.1111111119
67065  -22.362  -30.797  11.139 0.1111111119
68079  -22.334  -29.871  11.065 0.1111111119
69113  -21.963  -29.021  11.184 0.1111111119
69120  -21.862  -28.321  10.920 0.1111111119
70186  -22.094  -27.625  10.458 0.1111111119
74154  -20.505  -22.552  10.342 0.1111111119
76230  -20.306  -21.214  10.617 0.1111111119
86465  -17.041  -10.265  8.696 0.2222222239
63208  -26.550  -34.027  9.418 0.1111111119
64140  -24.096  -34.251  10.866 0.1111111119
86482  -17.772  -10.293  7.780 0.2222222239
86490  -18.078  -9.774  7.364 0.1111111119
77190  -20.257  -20.435  9.734 0.1111111119
84614  -17.629  -12.372  8.849 0.2222222239
75207  -20.503  -21.919  10.017 0.1111111119
71185  -21.397  -25.825  10.767 0.1111111119
72132  -21.444  -25.208  10.301 0.1111111119
74171  -20.551  -22.386  9.956 0.1111111119
67066  -22.830  -30.651  10.685 0.1111111119
76244  -20.351  -21.207  10.135 0.1111111119
66050  -22.597  -32.204  11.336 0.1111111119
66057  -22.567  -31.202  10.973 0.1111111119
75165  -20.538  -22.037  10.954 0.1111111119
85558  -16.773  -11.390  9.277 0.1111111119
74130  -20.545  -22.807  10.934 0.1111111119
77189  -20.136  -20.398  10.231 0.1111111119
86464  -16.616  -10.281  9.545 0.1111111119
87350  -16.640  -9.219  8.982 0.1111111119
88279  -18.961  -8.184  6.984 0.1111111119
83540  -17.764  -13.288  9.526 0.1111111119
87370  -17.689  -8.730  7.549 0.1111111119
89197  -18.577  -7.182  7.136 0.1111111119
63226  -28.714  -34.086  8.309 0.1111111119
65148  -26.794  -32.459  8.519 0.2222222239
73184  -27.994  -23.764  6.901 0.1111111119
74200  -26.165  -23.764  6.915 0.4444444478
75240  -28.922  -22.430  6.721 0.1111111119
75264  -28.163  -21.731  6.229 0.2222222239
78061  -30.407  -19.813  6.569 0.1111111119
78933  -31.248  -18.163  5.142 0.1111111119
79811  -23.518  -16.461  5.709 1.0000000000
79813  -29.884  -17.924  4.822 0.3333333433
81531  -21.656  -15.076  6.631 0.8888888955
81561  -24.127  -15.400  4.795 1.0000000000
82561  -23.088  -14.334  4.921 1.0000000000
83590  -19.879  -12.927  7.027 0.4444444478
83603  -18.384  -12.462  4.727 0.7777777910
83604  -19.235  -12.319  5.234 0.8888888955
83620  -18.478  -12.562  4.367 0.8888888955
83655  -32.131  -13.271  2.178 0.1111111119
84649  -17.255  -11.880  4.190 0.6666666865
84650  -17.711  -12.046  4.689 0.7777777910
84664  -17.523  -11.579  3.843 0.8888888955
84666  -18.837  -12.392  4.162 0.8888888955
84667  -19.521  -12.188  4.660 0.8888888955
84672  -23.902  -12.396  4.699 0.8888888955
84685  -18.023  -11.579  3.722 0.8888888955
84688  -19.829  -11.726  4.707 0.8888888955
85575  -18.583  -11.768  7.450 0.3333333433
85597  -17.882  -11.244  5.065 0.6666666865
85601  -24.960  -11.506  5.578 0.8888888955
85612  -16.923  -11.209  3.993 0.6666666865
85615  -21.471  -11.313  4.851 1.0000000000
85616  -23.680  -11.308  4.640 0.8888888955
85628  -17.408  -10.895  3.757 0.8888888955
85629  -17.965  -10.961  3.649 0.8888888955
85630  -18.611  -11.126  3.706 1.0000000000
85631  -19.277  -11.335  3.908 1.0000000000
85632  -19.755  -11.307  4.442 1.0000000000
85635  -22.728  -10.877  4.564 1.0000000000
85648  -19.531  -11.175  3.954 1.0000000000
85649  -19.687  -11.222  4.121 1.0000000000
86501  -16.752  -10.473  4.309 0.5555555820
86504  -19.680  -10.135  5.239 0.5555555820
86515  -16.787  -10.371  3.849 0.7777777910
86516  -18.504  -9.505  4.658 0.6666666865
86518  -20.367  -10.410  5.434 1.0000000000
86519  -20.823  -10.545  5.132 1.0000000000
86533  -17.704  -10.232  3.539 1.0000000000
86535  -19.303  -10.606  3.782 1.0000000000
86536  -19.973  -10.690  4.503 1.0000000000
86550  -17.702  -9.753  3.417 1.0000000000
86553  -19.794  -11.048  4.258 1.0000000000
86554  -21.857  -9.370  4.389 0.8888888955
86566  -31.205  -9.879  1.245 0.1111111119
87381  -27.375  -9.912  6.556 0.6666666865
87389  -16.487  -8.288  4.443 0.6666666865
87390  -16.655  -9.563  4.444 0.7777777910
87391  -17.310  -9.414  4.656 0.7777777910
87392  -18.008  -9.333  4.630 0.6666666865
87407  -16.113  -9.089  4.240 0.7777777910
87408  -16.408  -9.724  4.074 0.7777777910
87409  -17.521  -8.775  4.509 0.6666666865
87413  -22.958  -9.060  4.807 0.8888888955
87414  -23.849  -9.351  4.828 0.8888888955
87426  -16.733  -9.501  3.648 0.7777777910
87427  -17.319  -9.723  3.409 0.7777777910
87428  -18.538  -9.817  3.421 1.0000000000
87433  -22.482  -8.880  4.534 0.8888888955
87445  -17.112  -9.292  3.248 0.7777777910
87448  -19.558  -9.270  2.994 0.7777777910
87451  -22.442  -9.286  3.661 0.8888888955
87465  -21.716  -8.953  2.844 0.8888888955
87468  -30.532  -9.475  0.981 0.1111111119
87476  -30.042  -8.532  0.459 0.1111111119
87477  -30.392  -8.763  0.560 0.1111111119
88282  -27.544  -9.387  6.528 0.7777777910
88290  -20.422  -8.287  5.556 0.3333333433
88304  -15.990  -8.641  3.931 0.7777777910
88306  -20.579  -8.315  4.181 0.4444444478
88307  -20.518  -8.086  3.902 0.5555555820
88309  -23.970  -8.480  4.554 0.8888888955
88317  -16.419  -8.789  3.685 0.7777777910
88318  -16.794  -8.848  3.340 0.7777777910
88319  -19.513  -7.745  3.611 0.6666666865
88320  -19.958  -7.791  3.746 0.6666666865
88321  -20.302  -7.960  4.098 0.5555555820
88322  -22.861  -8.560  4.196 0.8888888955
88333  -17.170  -8.947  2.861 0.7777777910
88334  -18.153  -8.653  2.908 0.7777777910
88337  -20.731  -8.536  2.677 0.7777777910
88339  -22.892  -8.852  3.122 0.8888888955
88340  -22.676  -8.618  3.911 0.8888888955
88354  -21.016  -8.408  2.638 0.7777777910
88355  -21.328  -8.641  2.722 0.7777777910
88356  -22.087  -8.760  2.770 0.8888888955
88370  -29.720  -8.239  0.443 0.1111111119
89219  -18.422  -7.907  3.577 0.6666666865
89220  -19.139  -7.754  3.460 0.6666666865
89222  -20.680  -7.812  3.845 0.5555555820
89223  -23.252  -7.824  3.799 0.7777777910
89224  -23.668  -8.119  4.164 0.7777777910
89231  -16.341  -8.236  3.568 0.6666666865
89232  -16.576  -8.493  3.416 0.6666666865
89236  -20.300  -7.374  3.588 0.5555555820
89245  -16.467  -7.879  3.207 0.6666666865
89246  -16.823  -8.179  3.019 0.7777777910
89250  -20.414  -7.932  2.462 0.7777777910
89251  -22.524  -8.272  2.696 0.7777777910
89252  -23.027  -8.226  3.174 0.7777777910
89262  -22.034  -8.180  2.509 0.7777777910
89263  -29.319  -7.629  0.596 0.1111111119
90111  -26.443  -6.049  6.294 0.6666666865
90155  -16.664  -7.543  2.971 0.6666666865
90156  -17.196  -7.636  2.864 0.7777777910
90159  -21.385  -7.188  2.197 0.6666666865
90160  -22.168  -7.674  2.435 0.7777777910
90161  -22.728  -7.902  2.739 0.7777777910
90171  -21.808  -7.951  2.405 0.7777777910
91069  -27.685  -5.518  6.431 0.5555555820
91101  -17.273  -7.370  3.634 0.6666666865
92034  -28.079  -5.085  6.343 0.6666666865
93924  -28.791  -3.006  1.098 0.1111111119
94821  -29.181  -2.543  2.637 0.2222222239
95743  -28.406  -1.299  4.111 0.2222222239
100902  -20.788  5.345  5.991 0.1111111119
122942  -17.513  -8.183  4.237 0.6666666865
122943  -18.036  -8.063  3.978 0.5555555820
