#!ascii label  , from subject sub-MOT05 vox2ras=TkReg
408
18014  -47.710  -74.791  7.697 0.0000000000
15698  -38.919  -76.843  8.955 0.0000000000
23779  -46.233  -69.797  13.203 0.0000000000
16850  -44.013  -76.373  8.023 0.0000000000
22501  -41.009  -71.280  13.368 0.0000000000
21318  -49.663  -71.971  13.511 0.0000000000
27469  -46.866  -66.904  16.553 0.0000000000
27450  -42.196  -67.349  17.534 0.0000000000
25005  -44.586  -68.512  15.291 0.0000000000
22504  -43.902  -71.283  13.110 0.0000000000
25003  -42.383  -68.618  15.449 0.0000000000
25008  -48.319  -69.042  15.265 0.0000000000
23717  -46.087  -70.147  16.354 0.0000000000
30847  -39.769  -64.230  16.905 0.0000000000
30837  -42.427  -64.552  16.980 0.0000000000
13401  -45.607  -79.503  7.658 0.0000000000
16847  -41.257  -76.595  8.753 0.0000000000
13419  -42.059  -79.726  7.023 0.0000000000
12352  -39.280  -80.262  6.911 0.0000000000
22569  -47.163  -71.735  9.651 0.0000000000
19157  -45.947  -74.547  7.618 0.0000000000
20206  -42.372  -73.587  10.241 0.0000000000
20204  -40.335  -73.801  10.654 0.0000000000
25059  -49.190  -69.677  12.290 0.0000000000
27497  -47.448  -66.925  14.524 0.0000000000
28633  -45.325  -65.826  15.533 0.0000000000
23715  -43.916  -70.608  16.770 0.0000000000
27452  -44.384  -67.135  17.559 0.0000000000
30851  -43.884  -64.238  16.217 0.0000000000
31991  -42.758  -63.585  14.843 0.0000000000
13440  -43.957  -79.653  5.228 0.0000000000
22566  -35.809  -71.100  10.600 0.0000000000
18020  -36.737  -75.400  8.210 0.0000000000
16888  -38.487  -76.355  5.816 0.0000000000
27478  -43.635  -66.850  15.485 0.0000000000
25004  -43.473  -68.609  15.449 0.0000000000
16862  -46.526  -76.440  7.243 0.0000000000
15699  -39.799  -76.831  8.897 0.0000000000
13398  -40.334  -78.802  8.138 0.0000000000
14528  -39.099  -78.136  8.393 0.0000000000
13416  -38.825  -79.282  7.230 0.0000000000
15734  -37.932  -77.604  7.736 0.0000000000
22545  -46.743  -71.208  10.981 0.0000000000
22544  -45.671  -71.628  11.245 0.0000000000
22502  -42.022  -71.335  13.317 0.0000000000
21350  -42.905  -72.377  11.364 0.0000000000
21332  -42.016  -72.152  11.915 0.0000000000
20205  -41.402  -73.691  10.419 0.0000000000
21348  -40.459  -72.809  11.556 0.0000000000
23815  -49.727  -70.721  11.247 0.0000000000
25060  -49.499  -70.153  12.470 0.0000000000
26250  -47.890  -68.040  16.016 0.0000000000
27482  -48.238  -67.402  15.152 0.0000000000
28635  -47.459  -66.577  15.381 0.0000000000
27481  -46.800  -66.644  14.826 0.0000000000
29754  -46.143  -65.355  15.946 0.0000000000
24961  -43.101  -69.189  17.521 0.0000000000
24962  -44.160  -69.083  17.470 0.0000000000
27451  -43.292  -67.246  17.558 0.0000000000
33054  -41.673  -62.539  15.849 0.0000000000
30838  -43.319  -64.456  16.787 0.0000000000
31957  -42.646  -63.350  15.848 0.0000000000
31958  -43.338  -63.901  15.756 0.0000000000
18011  -44.639  -75.674  7.998 0.0000000000
15737  -45.056  -77.576  6.601 0.0000000000
15736  -43.878  -77.756  7.204 0.0000000000
11346  -41.750  -81.840  4.939 0.0000000000
25097  -36.452  -69.514  10.140 0.0000000000
20253  -36.248  -73.555  8.850 0.0000000000
19196  -37.669  -74.573  6.553 0.0000000000
23755  -45.461  -69.687  13.972 0.0000000000
23778  -44.905  -70.706  13.308 0.0000000000
23754  -44.410  -70.105  14.330 0.0000000000
23753  -43.279  -70.263  14.628 0.0000000000
23775  -41.550  -70.838  14.098 0.0000000000
23758  -48.781  -70.083  14.084 0.0000000000
24984  -47.344  -69.023  16.283 0.0000000000
26248  -46.383  -68.215  17.012 0.0000000000
29735  -41.004  -65.605  17.287 0.0000000000
29736  -42.105  -65.468  17.249 0.0000000000
30836  -41.354  -64.720  17.041 0.0000000000
31956  -41.703  -63.139  16.320 0.0000000000
33076  -41.610  -61.966  15.480 0.0000000000
18009  -42.309  -76.035  8.726 0.0000000000
14532  -42.848  -78.336  7.458 0.0000000000
14531  -42.082  -78.724  7.668 0.0000000000
13418  -41.023  -79.829  7.422 0.0000000000
12375  -39.819  -81.283  6.380 0.0000000000
12374  -38.874  -81.033  6.091 0.0000000000
12394  -38.594  -80.563  5.523 0.0000000000
14590  -38.769  -78.912  4.869 0.0000000000
21421  -47.756  -72.355  7.933 0.0000000000
19174  -46.600  -74.655  7.162 0.0000000000
20254  -45.605  -74.107  8.216 0.0000000000
19142  -44.368  -74.358  8.937 0.0000000000
22543  -44.710  -71.846  11.448 0.0000000000
21375  -43.625  -72.793  10.500 0.0000000000
19141  -43.421  -74.703  9.140 0.0000000000
17997  -41.855  -75.317  9.225 0.0000000000
19138  -40.353  -74.863  9.821 0.0000000000
19137  -39.391  -74.945  9.906 0.0000000000
22591  -48.845  -71.593  9.084 0.0000000000
23813  -48.312  -70.387  10.936 0.0000000000
25057  -47.504  -69.406  12.624 0.0000000000
25031  -48.732  -68.877  14.062 0.0000000000
26302  -48.144  -68.046  13.628 0.0000000000
25030  -46.720  -68.456  13.840 0.0000000000
26268  -46.376  -67.578  14.669 0.0000000000
27479  -44.780  -66.710  15.513 0.0000000000
28632  -44.199  -65.957  15.483 0.0000000000
23716  -45.021  -70.258  16.657 0.0000000000
24963  -45.307  -69.093  17.203 0.0000000000
27453  -45.401  -67.040  17.434 0.0000000000
29737  -43.313  -65.247  17.196 0.0000000000
29738  -44.409  -65.356  17.086 0.0000000000
28624  -45.652  -65.682  16.830 0.0000000000
30871  -45.272  -64.756  15.979 0.0000000000
30869  -43.687  -64.456  15.529 0.0000000000
15738  -46.043  -77.404  6.643 0.0000000000
13422  -45.288  -79.515  6.554 0.0000000000
12356  -42.878  -79.994  5.595 0.0000000000
11347  -42.905  -81.750  4.990 0.0000000000
21329  -38.983  -72.401  12.416 0.0000000000
20202  -38.402  -73.878  10.906 0.0000000000
19136  -38.433  -74.967  9.963 0.0000000000
19134  -36.667  -74.533  9.484 0.0000000000
16844  -37.314  -76.068  8.762 0.0000000000
15733  -37.377  -76.914  7.617 0.0000000000
15765  -38.195  -77.383  6.247 0.0000000000
28631  -43.205  -66.202  15.250 0.0000000000
16851  -46.821  -76.611  8.316 0.0000000000
18013  -47.229  -75.722  7.908 0.0000000000
16837  -39.393  -76.201  9.191 0.0000000000
15718  -39.412  -77.527  8.683 0.0000000000
14546  -38.701  -78.480  7.896 0.0000000000
15717  -38.487  -77.484  8.450 0.0000000000
23796  -47.021  -70.248  12.078 0.0000000000
22526  -46.132  -71.091  11.812 0.0000000000
23795  -45.802  -70.762  12.541 0.0000000000
22521  -41.503  -71.747  12.627 0.0000000000
21331  -41.013  -72.261  12.024 0.0000000000
22520  -40.499  -71.778  12.748 0.0000000000
21319  -49.949  -72.464  13.288 0.0000000000
22506  -49.896  -71.803  12.657 0.0000000000
22528  -49.989  -71.380  12.099 0.0000000000
22505  -49.672  -71.600  13.134 0.0000000000
27470  -47.579  -67.095  16.030 0.0000000000
28626  -47.065  -66.342  16.009 0.0000000000
28625  -46.336  -65.944  16.451 0.0000000000
27449  -41.107  -67.410  17.581 0.0000000000
26225  -41.600  -68.339  17.656 0.0000000000
24960  -42.043  -69.273  17.596 0.0000000000
26226  -42.676  -68.272  17.602 0.0000000000
33055  -42.162  -62.599  15.494 0.0000000000
31976  -42.522  -63.080  15.194 0.0000000000
16860  -44.670  -76.698  7.373 0.0000000000
16859  -43.877  -76.985  7.743 0.0000000000
21418  -36.669  -72.513  8.323 0.0000000000
19173  -37.005  -74.649  7.167 0.0000000000
20280  -37.364  -73.747  6.979 0.0000000000
25006  -45.514  -68.347  14.938 0.0000000000
25028  -45.036  -69.205  14.733 0.0000000000
25026  -42.824  -69.496  15.208 0.0000000000
23752  -42.163  -70.285  14.793 0.0000000000
24983  -46.326  -69.034  16.741 0.0000000000
28608  -40.573  -66.506  17.511 0.0000000000
30835  -40.321  -64.832  17.120 0.0000000000
30848  -40.561  -64.077  16.765 0.0000000000
33075  -41.055  -61.974  15.758 0.0000000000
12336  -45.189  -80.220  7.933 0.0000000000
16848  -42.249  -76.928  8.393 0.0000000000
15720  -41.636  -77.620  8.328 0.0000000000
13417  -39.783  -79.321  7.783 0.0000000000
13399  -40.925  -79.105  7.899 0.0000000000
12353  -40.371  -80.516  6.996 0.0000000000
11344  -39.268  -81.829  5.726 0.0000000000
13438  -38.657  -79.691  6.266 0.0000000000
13453  -38.576  -79.698  5.221 0.0000000000
14574  -38.501  -78.522  5.715 0.0000000000
22590  -47.928  -71.778  8.689 0.0000000000
21420  -47.239  -72.559  8.110 0.0000000000
20231  -45.194  -73.509  8.997 0.0000000000
20208  -44.144  -73.207  9.823 0.0000000000
22524  -44.444  -71.465  12.428 0.0000000000
20207  -43.248  -73.417  10.077 0.0000000000
20229  -42.884  -74.030  9.703 0.0000000000
19140  -42.386  -74.668  9.477 0.0000000000
19123  -40.677  -74.276  10.213 0.0000000000
19122  -39.849  -74.369  10.310 0.0000000000
25074  -49.181  -69.969  11.559 0.0000000000
23814  -49.103  -70.340  10.967 0.0000000000
25058  -48.305  -69.622  11.981 0.0000000000
23797  -47.799  -70.154  11.514 0.0000000000
23739  -48.426  -69.530  14.758 0.0000000000
25009  -48.565  -68.975  14.611 0.0000000000
28651  -47.827  -66.722  14.777 0.0000000000
27514  -48.323  -67.679  13.998 0.0000000000
26290  -47.999  -67.493  13.813 0.0000000000
26301  -47.669  -68.310  13.459 0.0000000000
26289  -47.357  -67.747  13.975 0.0000000000
26288  -46.655  -68.106  14.184 0.0000000000
26269  -47.046  -67.138  14.450 0.0000000000
27480  -45.909  -66.647  15.282 0.0000000000
29770  -44.594  -65.139  15.555 0.0000000000
26228  -44.829  -68.091  17.528 0.0000000000
26229  -45.861  -67.930  17.331 0.0000000000
28610  -42.760  -66.318  17.443 0.0000000000
29751  -44.003  -64.759  16.804 0.0000000000
29739  -45.144  -65.371  16.829 0.0000000000
29752  -44.738  -64.884  16.553 0.0000000000
29753  -45.583  -65.169  16.315 0.0000000000
30852  -44.995  -64.718  16.159 0.0000000000
31977  -42.962  -63.763  15.378 0.0000000000
29785  -43.141  -64.794  15.111 0.0000000000
18023  -46.100  -75.485  7.107 0.0000000000
16861  -45.654  -76.558  6.877 0.0000000000
14562  -44.533  -79.351  5.460 0.0000000000
14563  -45.037  -79.123  5.633 0.0000000000
13441  -44.665  -79.886  5.515 0.0000000000
12358  -44.671  -80.490  6.369 0.0000000000
12357  -44.288  -80.872  5.633 0.0000000000
14548  -42.576  -79.228  6.984 0.0000000000
14549  -43.201  -78.750  6.852 0.0000000000
12355  -42.413  -80.218  5.963 0.0000000000
10330  -42.318  -82.567  4.863 0.0000000000
22519  -39.500  -71.855  12.916 0.0000000000
22518  -38.494  -71.915  13.055 0.0000000000
20184  -37.932  -73.392  11.481 0.0000000000
19120  -37.914  -74.395  10.445 0.0000000000
19154  -36.536  -74.579  8.496 0.0000000000
17991  -36.872  -75.114  9.222 0.0000000000
17992  -37.223  -75.421  9.272 0.0000000000
16843  -37.021  -75.725  8.772 0.0000000000
15716  -37.625  -76.881  8.291 0.0000000000
16858  -37.001  -76.227  8.044 0.0000000000
16874  -37.742  -76.406  6.500 0.0000000000
15766  -38.845  -77.349  5.451 0.0000000000
26266  -44.132  -67.669  15.548 0.0000000000
26265  -42.990  -67.739  15.505 0.0000000000
33052  -39.697  -62.581  16.357 0.0000000000
15723  -46.255  -77.654  7.226 0.0000000000
16846  -40.590  -76.734  8.797 0.0000000000
15719  -40.460  -77.357  8.668 0.0000000000
14529  -39.866  -78.333  8.371 0.0000000000
14561  -38.257  -78.348  6.907 0.0000000000
22568  -45.976  -72.064  10.319 0.0000000000
22567  -45.174  -72.084  10.811 0.0000000000
22503  -43.022  -71.383  13.264 0.0000000000
22523  -43.434  -71.682  12.540 0.0000000000
22522  -42.506  -71.776  12.516 0.0000000000
21333  -42.603  -72.096  11.959 0.0000000000
21349  -41.632  -72.808  11.146 0.0000000000
21373  -42.002  -73.259  10.601 0.0000000000
20187  -40.749  -73.281  10.988 0.0000000000
25075  -49.514  -70.201  11.930 0.0000000000
26270  -48.271  -68.265  15.493 0.0000000000
26271  -48.486  -68.262  14.984 0.0000000000
28650  -47.277  -66.411  14.948 0.0000000000
28634  -46.476  -65.907  15.544 0.0000000000
29772  -46.082  -65.435  15.707 0.0000000000
23695  -42.419  -70.280  17.344 0.0000000000
23696  -43.511  -69.963  17.243 0.0000000000
26227  -43.751  -68.180  17.575 0.0000000000
30850  -42.657  -63.855  16.526 0.0000000000
18012  -45.439  -75.257  7.634 0.0000000000
14550  -44.373  -78.750  6.031 0.0000000000
12377  -42.142  -81.029  5.548 0.0000000000
23854  -36.673  -70.427  9.645 0.0000000000
22588  -36.097  -71.411  9.926 0.0000000000
21397  -35.882  -72.414  10.190 0.0000000000
21398  -36.121  -72.427  9.318 0.0000000000
19172  -36.646  -74.795  7.794 0.0000000000
18021  -36.905  -75.528  7.505 0.0000000000
18036  -37.350  -75.515  6.787 0.0000000000
18037  -38.063  -75.424  6.164 0.0000000000
23756  -46.011  -69.296  13.745 0.0000000000
23777  -43.693  -70.846  13.831 0.0000000000
25027  -43.947  -69.431  15.040 0.0000000000
23776  -42.613  -70.900  14.039 0.0000000000
22489  -49.401  -71.474  13.573 0.0000000000
23738  -48.054  -70.147  15.033 0.0000000000
25007  -47.793  -69.428  15.705 0.0000000000
26249  -47.069  -67.960  16.614 0.0000000000
26230  -46.519  -67.557  16.956 0.0000000000
28609  -41.640  -66.449  17.413 0.0000000000
30849  -41.588  -63.902  16.700 0.0000000000
31955  -40.658  -63.248  16.473 0.0000000000
16849  -43.201  -76.729  8.210 0.0000000000
15722  -43.475  -77.309  7.789 0.0000000000
15721  -42.858  -77.723  7.882 0.0000000000
12354  -41.525  -80.508  6.571 0.0000000000
11345  -40.456  -82.019  5.476 0.0000000000
12409  -38.479  -80.702  4.630 0.0000000000
13468  -38.752  -79.681  4.114 0.0000000000
20257  -48.065  -72.935  7.407 0.0000000000
18025  -47.537  -74.333  7.249 0.0000000000
20281  -47.418  -73.667  7.195 0.0000000000
19158  -46.607  -74.039  7.406 0.0000000000
20255  -46.169  -73.747  8.019 0.0000000000
19156  -45.069  -74.638  8.285 0.0000000000
19155  -44.206  -75.012  8.598 0.0000000000
23794  -45.106  -71.089  12.589 0.0000000000
22542  -43.760  -71.987  11.820 0.0000000000
21351  -44.062  -72.247  10.989 0.0000000000
20230  -43.880  -73.877  9.476 0.0000000000
18010  -43.500  -75.681  8.548 0.0000000000
17998  -42.697  -75.281  9.049 0.0000000000
18008  -41.456  -75.865  8.975 0.0000000000
19139  -41.385  -74.624  9.777 0.0000000000
16839  -40.992  -76.025  8.981 0.0000000000
16838  -40.379  -76.251  8.988 0.0000000000
17995  -39.888  -75.536  9.444 0.0000000000
17994  -38.932  -75.573  9.576 0.0000000000
21422  -48.352  -72.264  7.891 0.0000000000
22607  -48.424  -71.952  8.393 0.0000000000
22570  -48.305  -71.133  9.851 0.0000000000
22571  -49.217  -71.018  9.931 0.0000000000
22546  -47.627  -70.998  10.510 0.0000000000
23812  -47.513  -70.580  11.193 0.0000000000
23780  -46.984  -69.571  12.798 0.0000000000
23782  -49.438  -70.612  13.124 0.0000000000
23781  -49.170  -69.834  13.348 0.0000000000
25045  -48.739  -69.146  13.220 0.0000000000
26291  -48.546  -68.275  14.460 0.0000000000
26303  -48.515  -68.224  13.943 0.0000000000
25044  -47.958  -68.877  13.050 0.0000000000
25043  -47.128  -68.871  13.317 0.0000000000
25042  -46.416  -69.014  13.650 0.0000000000
25029  -46.021  -68.704  14.212 0.0000000000
26267  -45.275  -67.573  15.332 0.0000000000
23697  -44.385  -69.822  17.126 0.0000000000
24982  -45.674  -69.633  16.750 0.0000000000
24964  -45.971  -68.570  17.098 0.0000000000
27454  -46.223  -66.881  17.072 0.0000000000
28611  -43.892  -66.201  17.456 0.0000000000
28612  -45.016  -66.083  17.309 0.0000000000
28613  -45.811  -66.252  17.107 0.0000000000
30853  -45.470  -64.879  16.057 0.0000000000
29771  -45.609  -65.137  15.825 0.0000000000
30870  -44.768  -64.674  15.903 0.0000000000
29769  -43.470  -65.339  15.241 0.0000000000
15739  -46.320  -77.206  7.162 0.0000000000
14552  -46.035  -78.115  6.950 0.0000000000
14551  -45.481  -78.450  6.308 0.0000000000
15735  -43.217  -78.145  7.364 0.0000000000
13421  -43.540  -79.311  5.886 0.0000000000
12378  -43.149  -80.507  5.150 0.0000000000
11348  -43.729  -81.222  5.349 0.0000000000
27477  -42.487  -66.897  15.249 0.0000000000
25025  -41.737  -69.396  15.223 0.0000000000
23751  -41.080  -70.088  14.715 0.0000000000
23774  -40.522  -70.699  14.037 0.0000000000
21330  -39.987  -72.325  12.231 0.0000000000
21347  -39.456  -72.864  11.779 0.0000000000
21346  -38.459  -72.915  11.943 0.0000000000
20185  -38.927  -73.396  11.366 0.0000000000
20203  -39.390  -73.867  10.803 0.0000000000
19121  -38.896  -74.417  10.399 0.0000000000
16836  -38.503  -76.160  9.259 0.0000000000
20227  -36.100  -73.346  9.942 0.0000000000
19118  -36.494  -73.866  10.197 0.0000000000
19119  -36.973  -74.233  10.403 0.0000000000
19135  -37.503  -74.888  9.883 0.0000000000
16835  -37.785  -76.018  9.204 0.0000000000
16845  -38.068  -76.617  8.861 0.0000000000
15750  -37.596  -77.201  7.048 0.0000000000
9341  -42.008  -83.232  4.804 0.0000000000
10348  -42.228  -82.917  4.382 0.0000000000
11343  -38.879  -81.520  5.732 0.0000000000
12379  -44.120  -80.488  5.141 0.0000000000
12380  -44.487  -80.468  5.538 0.0000000000
13420  -42.842  -79.575  6.222 0.0000000000
13423  -45.780  -78.821  7.242 0.0000000000
13439  -43.263  -79.794  5.507 0.0000000000
14547  -39.306  -78.614  8.176 0.0000000000
15700  -40.296  -76.782  8.820 0.0000000000
15749  -37.371  -76.856  7.298 0.0000000000
16857  -36.959  -75.766  8.534 0.0000000000
17993  -38.034  -75.546  9.574 0.0000000000
17996  -40.904  -75.492  9.323 0.0000000000
18006  -36.828  -75.307  8.886 0.0000000000
18007  -37.069  -75.647  8.984 0.0000000000
18022  -45.328  -75.935  7.339 0.0000000000
18024  -47.064  -75.114  7.142 0.0000000000
19175  -47.158  -74.111  7.095 0.0000000000
19176  -47.595  -73.881  7.167 0.0000000000
20186  -39.900  -73.360  11.215 0.0000000000
20256  -47.130  -73.222  7.585 0.0000000000
20258  -48.637  -72.814  7.972 0.0000000000
20282  -47.678  -73.491  7.244 0.0000000000
21402  -47.445  -72.187  8.395 0.0000000000
22525  -45.299  -71.324  12.017 0.0000000000
22527  -49.778  -71.212  12.645 0.0000000000
22541  -43.031  -72.010  12.045 0.0000000000
22589  -47.379  -72.024  8.821 0.0000000000
22606  -48.123  -71.996  8.119 0.0000000000
23759  -49.134  -70.886  13.686 0.0000000000
23798  -49.769  -70.713  12.168 0.0000000000
23833  -48.910  -70.672  10.421 0.0000000000
23834  -49.462  -70.756  10.616 0.0000000000
23835  -49.711  -70.868  10.780 0.0000000000
24985  -47.999  -68.753  15.823 0.0000000000
25046  -49.314  -69.798  12.883 0.0000000000
25073  -48.759  -70.022  11.328 0.0000000000
27483  -48.462  -67.874  14.777 0.0000000000
27498  -48.073  -67.245  14.241 0.0000000000
27499  -48.392  -67.724  14.411 0.0000000000
27513  -48.220  -67.559  13.918 0.0000000000
