#!ascii label  , from subject sub-MOT05 vox2ras=TkReg
1704
10343  -36.191  -82.770  4.589 0.1000000015
11342  -35.967  -82.005  5.269 0.1000000015
11340  -35.280  -81.149  6.613 0.1000000015
11362  -35.668  -81.284  5.286 0.1000000015
13452  -35.175  -79.546  5.305 0.1000000015
12407  -35.815  -80.413  4.178 0.1000000015
14588  -34.806  -78.648  4.474 0.1000000015
14609  -35.516  -78.495  3.165 0.1000000015
14630  -35.791  -78.380  2.259 0.1000000015
14629  -34.804  -78.498  2.500 0.1000000015
14646  -35.164  -78.527  1.252 0.1000000015
13534  -34.260  -78.905  1.758 0.1000000015
14668  -35.883  -78.337  0.263 0.1000000015
14719  -36.421  -78.978  -1.869 0.1000000015
13558  -34.324  -79.220  0.611 0.1000000015
14693  -35.035  -79.002  -0.560 0.1000000015
14667  -35.032  -78.799  -0.024 0.1000000015
9389  -37.737  -84.300  2.526 0.1000000015
10354  -35.971  -82.554  3.678 0.1000000015
9375  -36.586  -83.736  3.454 0.1000000015
11363  -35.855  -81.881  4.482 0.1000000015
10368  -36.092  -82.539  2.473 0.1000000015
11380  -35.859  -81.469  3.566 0.1000000015
11399  -36.214  -81.183  2.558 0.1000000015
13486  -35.930  -79.035  3.584 0.1000000015
13510  -37.015  -79.597  1.973 0.1000000015
14631  -36.723  -78.709  2.144 0.1000000015
14647  -36.259  -78.244  1.322 0.1000000015
17037  -41.241  -76.844  -2.442 0.1000000015
14742  -40.228  -77.956  -3.225 0.1000000015
14741  -39.573  -78.436  -3.007 0.1000000015
14722  -39.391  -78.256  -1.978 0.1000000015
14721  -38.594  -78.257  -1.704 0.1000000015
14720  -37.656  -78.331  -1.507 0.1000000015
14696  -37.380  -78.097  -0.836 0.1000000015
14695  -36.758  -78.227  -0.618 0.1000000015
9377  -39.220  -83.623  3.642 0.1000000015
11401  -38.065  -82.182  2.631 0.2000000030
10370  -38.208  -83.385  2.763 0.2000000030
9390  -38.809  -83.976  2.996 0.1000000015
11400  -37.797  -82.760  1.864 0.1000000015
11420  -38.165  -81.536  1.804 0.1000000015
10384  -36.807  -82.834  1.568 0.1000000015
23954  -42.946  -71.057  3.377 0.1000000015
22689  -44.263  -71.732  2.977 0.1000000015
11435  -37.936  -81.516  1.476 0.1000000015
11433  -37.194  -81.138  1.348 0.1000000015
12442  -36.692  -80.512  2.095 0.1000000015
22690  -44.622  -71.964  2.591 0.1000000015
21509  -44.467  -72.515  2.859 0.1000000015
20383  -44.304  -73.617  2.638 0.1000000015
18100  -43.959  -75.059  1.760 0.1000000015
18122  -43.504  -75.934  1.468 0.1000000015
16953  -43.444  -76.509  1.036 0.1000000015
12463  -37.605  -80.591  1.321 0.1000000015
13511  -37.619  -79.672  1.413 0.1000000015
19279  -44.114  -74.335  2.305 0.1000000015
18146  -43.692  -75.481  0.583 0.1000000015
16954  -43.771  -75.965  0.861 0.1000000015
15869  -42.965  -77.563  -0.029 0.1000000015
14700  -42.556  -78.124  -0.275 0.1000000015
14673  -41.230  -78.836  0.087 0.1000000015
14698  -40.880  -78.419  -0.817 0.1000000015
14632  -37.436  -78.957  1.659 0.1000000015
14648  -37.211  -78.347  1.200 0.1000000015
16970  -43.228  -76.448  0.091 0.1000000015
17014  -42.268  -77.189  -1.424 0.1000000015
15891  -42.047  -77.952  -1.308 0.1000000015
15890  -39.338  -78.172  -0.277 0.1000000015
15910  -38.283  -78.039  -1.113 0.1000000015
15912  -41.235  -77.776  -2.173 0.1000000015
14723  -40.500  -78.186  -2.104 0.1000000015
15911  -39.059  -78.051  -1.106 0.1000000015
15864  -37.382  -77.896  0.073 0.1000000015
14669  -36.776  -78.077  0.514 0.1000000015
11381  -38.345  -81.763  4.069 0.1000000015
10344  -38.617  -82.224  4.521 0.2000000030
10356  -39.490  -83.281  4.257 0.1000000015
10328  -39.688  -82.328  5.295 0.2000000030
10346  -40.426  -82.857  4.679 0.2000000030
12426  -38.509  -80.850  3.448 0.1000000015
23953  -41.760  -70.178  3.118 0.1000000015
12464  -38.420  -80.743  1.373 0.1000000015
21508  -43.925  -72.484  3.335 0.1000000015
19261  -43.979  -73.874  2.850 0.1000000015
19278  -43.452  -74.755  2.617 0.1000000015
13535  -38.336  -79.876  1.092 0.1000000015
18081  -43.068  -74.980  2.787 0.1000000015
16932  -42.760  -76.536  1.641 0.1000000015
15845  -42.705  -77.552  0.944 0.1000000015
14652  -41.445  -78.802  0.975 0.1000000015
14672  -39.916  -78.831  0.286 0.1000000015
14671  -39.003  -78.626  0.504 0.1000000015
15866  -38.876  -78.174  0.183 0.1000000015
15843  -37.260  -78.054  0.660 0.1000000015
13438  -38.657  -79.691  6.266 0.1000000015
13453  -38.576  -79.698  5.221 0.1000000015
12394  -38.594  -80.563  5.523 0.1000000015
12374  -38.874  -81.033  6.091 0.2000000030
11344  -39.268  -81.829  5.726 0.2000000030
11364  -38.683  -81.608  5.231 0.2000000030
12375  -39.819  -81.283  6.380 0.2000000030
11345  -40.456  -82.019  5.476 0.2000000030
13468  -38.752  -79.681  4.114 0.1000000015
13488  -39.077  -79.981  2.938 0.1000000015
23939  -42.480  -71.413  4.026 0.1000000015
22669  -42.252  -71.805  4.416 0.1000000015
21490  -41.902  -72.479  4.663 0.1000000015
12444  -38.684  -80.681  2.248 0.1000000015
12445  -39.144  -80.281  1.541 0.1000000015
25182  -41.011  -69.339  2.801 0.1000000015
23952  -40.998  -69.786  3.347 0.1000000015
22688  -43.583  -71.784  3.480 0.1000000015
21507  -43.259  -72.484  3.752 0.1000000015
19260  -43.134  -74.172  3.260 0.1000000015
19259  -42.291  -74.698  3.526 0.1000000015
16916  -42.007  -76.477  2.445 0.1000000015
15823  -41.072  -77.736  2.474 0.1000000015
13538  -40.492  -79.240  1.441 0.1000000015
13514  -40.381  -79.190  1.978 0.1000000015
12465  -39.127  -80.243  1.183 0.1000000015
25198  -41.277  -69.191  2.205 0.1000000015
14635  -41.844  -78.159  1.328 0.1000000015
13560  -40.510  -79.115  0.748 0.1000000015
14651  -39.469  -79.445  0.801 0.1000000015
27642  -40.671  -67.588  2.396 0.1000000015
28815  -40.794  -66.686  2.563 0.1000000015
27648  -40.732  -67.740  1.561 0.1000000015
28823  -41.195  -66.256  1.992 0.1000000015
15765  -38.195  -77.383  6.247 0.1000000015
14574  -38.501  -78.522  5.715 0.1000000015
15766  -38.845  -77.349  5.451 0.1000000015
12352  -39.280  -80.262  6.911 0.2000000030
14590  -38.769  -78.912  4.869 0.1000000015
16889  -39.373  -76.287  5.161 0.1000000015
14575  -39.012  -78.139  5.014 0.1000000015
28801  -40.245  -66.352  3.932 0.1000000015
26423  -40.083  -68.271  3.773 0.1000000015
25170  -39.883  -69.038  4.209 0.1000000015
23937  -40.868  -70.186  3.954 0.1000000015
23938  -41.730  -71.007  4.298 0.1000000015
23917  -41.190  -71.262  4.989 0.1000000015
15783  -39.576  -77.322  4.634 0.1000000015
14591  -39.289  -78.487  4.184 0.1000000015
25171  -40.429  -69.305  3.582 0.1000000015
20326  -41.500  -73.049  4.740 0.1000000015
20342  -41.465  -73.640  4.524 0.1000000015
18065  -41.864  -74.918  3.691 0.1000000015
14612  -40.561  -78.217  2.668 0.1000000015
14611  -39.912  -78.459  3.244 0.1000000015
13512  -39.149  -80.197  2.406 0.1000000015
29941  -40.573  -65.470  3.828 0.1000000015
19240  -42.512  -73.718  3.846 0.1000000015
19239  -41.918  -74.239  3.971 0.1000000015
18079  -41.352  -75.876  3.544 0.1000000015
15805  -41.353  -77.078  2.623 0.1000000015
15804  -40.636  -77.369  3.231 0.1000000015
14633  -40.204  -78.946  2.459 0.1000000015
13489  -39.628  -79.296  2.839 0.1000000015
27637  -40.437  -67.243  3.307 0.1000000015
28807  -40.720  -66.109  3.219 0.1000000015
28816  -41.020  -66.025  2.664 0.1000000015
29949  -41.918  -65.084  1.984 0.1000000015
29955  -41.653  -65.730  1.528 0.1000000015
14561  -38.257  -78.348  6.907 0.1000000015
16888  -38.487  -76.355  5.816 0.1000000015
16874  -37.742  -76.406  6.500 0.1000000015
15750  -37.596  -77.201  7.048 0.1000000015
13416  -38.825  -79.282  7.230 0.1000000015
18048  -38.952  -75.205  5.523 0.1000000015
19197  -38.427  -74.439  6.025 0.1000000015
19218  -39.546  -74.392  5.333 0.1000000015
27631  -39.894  -67.316  4.170 0.1000000015
25158  -40.219  -69.735  4.399 0.1000000015
18049  -40.040  -75.244  4.829 0.1000000015
16902  -40.229  -76.166  4.467 0.1000000015
13417  -39.783  -79.321  7.783 0.1000000015
22650  -41.586  -71.767  4.889 0.1000000015
20325  -40.800  -73.382  5.007 0.1000000015
19238  -41.007  -74.263  4.542 0.1000000015
18050  -40.577  -74.762  4.611 0.1000000015
16903  -40.810  -76.357  3.773 0.1000000015
31061  -40.926  -64.858  3.770 0.1000000015
29942  -41.031  -65.350  3.288 0.1000000015
31062  -41.476  -64.521  3.333 0.1000000015
31063  -42.063  -64.189  2.863 0.1000000015
31069  -41.864  -64.720  2.569 0.1000000015
31070  -42.498  -64.428  2.055 0.1000000015
20304  -38.101  -73.666  6.489 0.1000000015
19196  -37.669  -74.573  6.553 0.1000000015
18036  -37.350  -75.515  6.787 0.1000000015
18037  -38.063  -75.424  6.164 0.1000000015
16873  -37.248  -76.409  7.228 0.1000000015
14546  -38.701  -78.480  7.896 0.1000000015
20324  -39.783  -73.460  5.496 0.1000000015
20305  -38.957  -73.497  5.973 0.1000000015
15734  -37.932  -77.604  7.736 0.1000000015
29935  -40.061  -65.555  4.405 0.1000000015
28800  -39.690  -66.417  4.587 0.1000000015
27630  -39.310  -67.324  4.857 0.1000000015
26422  -39.553  -68.285  4.522 0.1000000015
23916  -40.450  -70.618  5.254 0.1000000015
22649  -40.910  -71.695  5.378 0.1000000015
22636  -40.281  -71.607  5.902 0.1000000015
21473  -40.380  -72.516  5.569 0.1000000015
31054  -40.482  -64.636  4.366 0.1000000015
21474  -41.208  -72.485  5.103 0.1000000015
19219  -40.261  -74.240  4.933 0.1000000015
14529  -39.866  -78.333  8.371 0.1000000015
32140  -40.869  -63.922  4.377 0.1000000015
32141  -41.374  -63.603  4.024 0.1000000015
32147  -41.926  -63.624  3.385 0.1000000015
33233  -42.844  -62.613  2.887 0.1000000015
32148  -42.459  -63.584  2.825 0.1000000015
33234  -43.415  -62.293  2.406 0.1000000015
21455  -37.822  -73.079  6.892 0.1000000015
20280  -37.364  -73.747  6.979 0.1000000015
19173  -37.005  -74.649  7.167 0.1000000015
21440  -37.972  -72.461  7.131 0.1000000015
21456  -38.502  -72.679  6.634 0.1000000015
22621  -38.561  -71.526  7.258 0.1000000015
18021  -36.905  -75.528  7.505 0.1000000015
15733  -37.377  -76.914  7.617 0.1000000015
21472  -39.737  -72.751  5.832 0.1000000015
22634  -38.972  -72.077  6.655 0.1000000015
16858  -37.001  -76.227  8.044 0.1000000015
31053  -39.915  -64.933  4.797 0.1000000015
25157  -39.596  -69.383  5.034 0.1000000015
23898  -40.075  -71.045  6.113 0.1000000015
21458  -39.868  -72.208  6.047 0.1000000015
22635  -39.539  -71.569  6.494 0.1000000015
15716  -37.625  -76.881  8.291 0.1000000015
32130  -40.478  -63.741  4.892 0.1000000015
29934  -39.568  -65.577  5.019 0.1000000015
28794  -39.183  -66.421  5.240 0.1000000015
26414  -39.028  -68.281  5.366 0.1000000015
23915  -39.662  -69.971  5.689 0.1000000015
15717  -38.487  -77.484  8.450 0.1000000015
32131  -40.990  -63.339  4.618 0.1000000015
34362  -42.024  -61.761  4.254 0.1000000015
33212  -41.411  -62.661  4.539 0.1000000015
35480  -42.400  -60.578  4.007 0.1000000015
33222  -42.348  -62.361  3.589 0.1000000015
34363  -42.658  -61.580  3.512 0.1000000015
34373  -43.221  -61.569  2.851 0.1000000015
35488  -42.963  -60.575  3.258 0.1000000015
23883  -38.563  -70.354  7.743 0.1000000015
22605  -38.217  -70.976  7.928 0.1000000015
21438  -36.917  -72.863  7.790 0.1000000015
25127  -38.654  -69.335  7.133 0.1000000015
20279  -36.668  -73.693  7.762 0.1000000015
26400  -38.731  -68.413  6.015 0.1000000015
25142  -39.088  -69.322  6.096 0.1000000015
25128  -39.159  -69.871  6.721 0.1000000015
22622  -39.329  -71.009  6.946 0.1000000015
19172  -36.646  -74.795  7.794 0.1000000015
32129  -39.996  -63.919  5.324 0.1000000015
23897  -39.608  -70.462  6.360 0.1000000015
16843  -37.021  -75.725  8.772 0.1000000015
33211  -40.792  -62.764  5.216 0.1000000015
15718  -39.412  -77.527  8.683 0.1000000015
34350  -41.320  -61.642  5.159 0.1000000015
35479  -41.790  -60.586  4.754 0.1000000015
36660  -42.682  -59.489  3.630 0.1000000015
37777  -43.078  -58.496  3.232 0.1000000015
36661  -43.276  -59.589  2.887 0.1000000015
22620  -37.708  -72.145  7.531 0.1000000015
21439  -37.346  -72.903  7.392 0.1000000015
21418  -36.669  -72.513  8.323 0.1000000015
32115  -39.724  -63.629  5.993 0.1000000015
28793  -38.756  -66.459  5.831 0.1000000015
27622  -38.527  -67.193  6.060 0.1000000015
25141  -38.600  -68.637  6.506 0.1000000015
34349  -40.731  -61.955  5.769 0.1000000015
32116  -40.248  -63.334  5.476 0.1000000015
31043  -39.623  -64.643  5.436 0.1000000015
29929  -39.088  -65.558  5.754 0.1000000015
27623  -38.845  -67.246  5.493 0.1000000015
18020  -36.737  -75.400  8.210 0.1000000015
37767  -41.858  -58.402  5.079 0.1000000015
36651  -42.119  -59.477  4.440 0.1000000015
38955  -42.271  -57.355  4.639 0.1000000015
37776  -42.501  -58.263  4.073 0.1000000015
38962  -42.627  -57.217  4.044 0.1000000015
38963  -42.991  -57.458  3.506 0.1000000015
26358  -38.094  -68.604  7.626 0.1000000015
23870  -37.976  -70.421  8.332 0.1000000015
22604  -37.542  -71.487  8.121 0.1000000015
21419  -37.215  -72.383  7.823 0.1000000015
23869  -37.364  -70.617  8.828 0.1000000015
26380  -38.195  -68.120  6.974 0.1000000015
26399  -38.460  -67.913  6.324 0.1000000015
35466  -41.311  -60.494  5.504 0.1000000015
34341  -40.924  -61.205  5.863 0.1000000015
36650  -41.607  -59.574  5.160 0.1000000015
40116  -42.923  -56.555  3.724 0.1000000015
41245  -43.306  -55.818  3.437 0.1000000015
25111  -38.160  -69.421  8.056 0.1000000015
25110  -37.548  -69.550  8.830 0.1000000015
33200  -40.257  -62.645  5.958 0.1000000015
31030  -39.149  -64.615  6.307 0.1000000015
29916  -38.799  -65.358  6.334 0.1000000015
27609  -38.240  -67.235  6.611 0.1000000015
36640  -41.257  -59.540  5.817 0.1000000015
37766  -41.501  -58.979  5.496 0.1000000015
40113  -42.529  -56.490  4.322 0.1000000015
41244  -42.809  -55.737  3.969 0.1000000015
42375  -43.134  -55.158  3.674 0.1000000015
26379  -37.810  -67.769  7.622 0.1000000015
29915  -38.437  -65.732  6.712 0.1000000015
29898  -38.091  -65.881  7.177 0.1000000015
27592  -37.710  -67.023  7.625 0.1000000015
35454  -40.882  -60.408  6.229 0.1000000015
34340  -40.310  -61.520  6.621 0.1000000015
31029  -38.696  -65.027  6.733 0.1000000015
41241  -42.398  -55.633  4.598 0.1000000015
42371  -42.746  -54.822  4.213 0.1000000015
43468  -42.624  -54.246  4.667 0.1000000015
31010  -38.318  -65.037  7.354 0.1000000015
33199  -39.729  -62.694  6.679 0.1000000015
32102  -39.233  -63.662  6.873 0.1000000015
37754  -41.290  -58.406  5.954 0.1000000015
37755  -41.628  -57.859  5.549 0.1000000015
40107  -42.117  -56.465  4.953 0.1000000015
42369  -42.277  -54.741  4.912 0.1000000015
43464  -42.446  -53.633  5.353 0.1000000015
36625  -40.808  -59.363  6.508 0.1000000015
38945  -41.456  -57.321  5.872 0.1000000015
40106  -41.645  -56.442  5.591 0.1000000015
41238  -41.927  -55.572  5.254 0.1000000015
42368  -41.830  -54.655  5.606 0.1000000015
43456  -42.365  -53.069  6.049 0.1000000015
43463  -41.816  -54.029  5.955 0.1000000015
38930  -40.999  -57.438  6.510 0.1000000015
41237  -41.437  -55.528  5.989 0.1000000015
42360  -41.427  -54.557  6.401 0.1000000015
12373  -35.485  -80.866  5.852 0.1000000015
13466  -35.527  -79.374  4.508 0.1000000015
12408  -36.139  -80.486  3.282 0.1000000015
14589  -35.380  -78.677  3.924 0.1000000015
14608  -34.779  -78.488  3.526 0.1000000015
14610  -36.162  -78.745  2.879 0.1000000015
9403  -37.031  -83.436  1.611 0.1000000015
11418  -36.769  -81.612  1.624 0.1000000015
12425  -36.391  -80.460  2.711 0.1000000015
12443  -37.166  -80.245  1.617 0.1000000015
15913  -41.802  -77.534  -1.811 0.1000000015
14740  -38.473  -78.611  -2.634 0.1000000015
10355  -38.627  -82.933  3.764 0.1000000015
10369  -37.831  -83.309  2.104 0.1000000015
11419  -37.597  -82.189  1.575 0.1000000015
20362  -43.498  -73.136  3.503 0.1000000015
16952  -42.995  -76.876  1.190 0.1000000015
14674  -42.280  -78.402  0.296 0.1000000015
14724  -41.452  -78.105  -1.513 0.1000000015
14653  -42.119  -78.293  0.894 0.1000000015
14697  -39.925  -78.169  -0.986 0.1000000015
14649  -38.191  -78.739  1.021 0.1000000015
15867  -39.307  -78.429  0.192 0.1000000015
14670  -38.580  -78.354  0.521 0.1000000015
12409  -38.479  -80.702  4.630 0.1000000015
10327  -39.251  -82.195  5.354 0.2000000030
18098  -42.580  -75.979  2.311 0.1000000015
15824  -41.808  -77.436  1.893 0.1000000015
14634  -41.024  -78.529  1.929 0.1000000015
20344  -42.879  -73.219  3.850 0.1000000015
13513  -39.646  -79.786  2.080 0.1000000015
26429  -40.560  -68.388  2.999 0.1000000015
18080  -42.225  -75.446  3.118 0.1000000015
16915  -41.369  -76.418  3.116 0.1000000015
13537  -39.758  -79.656  1.035 0.1000000015
26441  -41.200  -68.979  1.735 0.1000000015
12353  -40.371  -80.516  6.996 0.2000000030
15784  -40.260  -77.007  4.042 0.1000000015
15803  -39.914  -77.722  3.874 0.1000000015
13469  -39.311  -79.191  3.472 0.1000000015
18063  -40.428  -75.572  4.479 0.1000000015
14528  -39.099  -78.136  8.393 0.1000000015
33232  -42.303  -63.009  3.335 0.1000000015
32155  -43.014  -63.560  2.235 0.1000000015
20306  -39.432  -73.062  5.878 0.1000000015
33221  -41.877  -62.827  3.848 0.1000000015
23884  -39.087  -70.417  7.131 0.1000000015
38967  -43.493  -57.604  2.830 0.1000000015
29928  -38.692  -65.912  6.196 0.1000000015
24984  -47.344  -69.023  16.283 0.5000000000
20210  -48.932  -73.726  10.074 0.5000000000
20190  -49.502  -73.300  11.013 0.5000000000
26249  -47.069  -67.960  16.614 0.5000000000
26270  -48.271  -68.265  15.493 0.5000000000
25008  -48.319  -69.042  15.265 0.5000000000
21353  -49.970  -72.471  10.628 0.5000000000
27454  -46.223  -66.881  17.072 0.5000000000
26230  -46.519  -67.557  16.956 0.5000000000
26250  -47.890  -68.040  16.016 0.5000000000
21354  -50.169  -72.034  11.134 0.5000000000
27469  -46.866  -66.904  16.553 0.5000000000
27470  -47.579  -67.095  16.030 0.5000000000
28626  -47.065  -66.342  16.009 0.4000000060
27482  -48.238  -67.402  15.152 0.4000000060
21422  -48.352  -72.264  7.891 0.5000000000
20257  -48.065  -72.935  7.407 0.5000000000
21421  -47.756  -72.355  7.933 0.5000000000
21420  -47.239  -72.559  8.110 0.5000000000
21400  -45.970  -72.732  9.109 0.5000000000
21378  -46.340  -72.290  9.494 0.5000000000
21376  -44.864  -72.568  10.140 0.4000000060
21351  -44.062  -72.247  10.989 0.4000000060
17940  -48.603  -75.403  13.544 0.1000000015
20179  -49.332  -73.978  11.737 0.5000000000
26248  -46.383  -68.215  17.012 0.5000000000
25007  -47.793  -69.428  15.705 0.5000000000
23739  -48.426  -69.530  14.758 0.4000000060
20191  -50.022  -72.745  11.368 0.5000000000
27453  -45.401  -67.040  17.434 0.5000000000
28612  -45.016  -66.083  17.309 0.5000000000
28611  -43.892  -66.201  17.456 0.5000000000
29738  -44.409  -65.356  17.086 0.5000000000
28613  -45.811  -66.252  17.107 0.5000000000
29751  -44.003  -64.759  16.804 0.4000000060
29739  -45.144  -65.371  16.829 0.3000000119
28625  -46.336  -65.944  16.451 0.5000000000
28635  -47.459  -66.577  15.381 0.4000000060
28624  -45.652  -65.682  16.830 0.3000000119
27514  -48.323  -67.679  13.998 0.6999999881
26303  -48.515  -68.224  13.943 0.5000000000
29752  -44.738  -64.884  16.553 0.3000000119
29753  -45.583  -65.169  16.315 0.3000000119
28651  -47.827  -66.722  14.777 0.5000000000
26302  -48.144  -68.046  13.628 0.6000000238
25059  -49.190  -69.677  12.290 0.6000000238
25075  -49.514  -70.201  11.930 0.6000000238
21379  -49.925  -72.022  9.878 0.5000000000
19144  -48.558  -73.511  8.179 0.3000000119
29754  -46.143  -65.355  15.946 0.3000000119
27481  -46.800  -66.644  14.826 0.4000000060
26301  -47.669  -68.310  13.459 0.5000000000
25058  -48.305  -69.622  11.981 0.6000000238
23813  -48.312  -70.387  10.936 0.6000000238
22591  -48.845  -71.593  9.084 0.5000000000
22607  -48.424  -71.952  8.393 0.5000000000
29772  -46.082  -65.435  15.707 0.4000000060
26289  -47.357  -67.747  13.975 0.5000000000
25043  -47.128  -68.871  13.317 0.5000000000
23812  -47.513  -70.580  11.193 0.5000000000
22546  -47.627  -70.998  10.510 0.5000000000
22590  -47.928  -71.778  8.689 0.5000000000
28633  -45.325  -65.826  15.533 0.4000000060
27480  -45.909  -66.647  15.282 0.4000000060
26268  -46.376  -67.578  14.669 0.5000000000
25042  -46.416  -69.014  13.650 0.5000000000
23796  -47.021  -70.248  12.078 0.4000000060
22545  -46.743  -71.208  10.981 0.5000000000
22569  -47.163  -71.735  9.651 0.5000000000
25029  -46.021  -68.704  14.212 0.5000000000
23779  -46.233  -69.797  13.203 0.5000000000
23795  -45.802  -70.762  12.541 0.4000000060
22568  -45.976  -72.064  10.319 0.4000000060
25028  -45.036  -69.205  14.733 0.5000000000
23778  -44.905  -70.706  13.308 0.4000000060
22543  -44.710  -71.846  11.448 0.4000000060
21352  -44.689  -72.201  10.852 0.4000000060
23754  -44.410  -70.105  14.330 0.3000000119
22504  -43.902  -71.283  13.110 0.4000000060
22524  -44.444  -71.465  12.428 0.3000000119
22523  -43.434  -71.682  12.540 0.3000000119
21350  -42.905  -72.377  11.364 0.3000000119
16771  -48.479  -76.780  14.575 0.1000000015
17912  -48.001  -76.027  14.111 0.1000000015
17913  -49.034  -76.083  14.051 0.1000000015
17942  -50.138  -75.169  13.799 0.4000000060
19084  -49.873  -74.775  13.189 0.4000000060
19083  -49.143  -74.848  12.971 0.4000000060
19102  -49.637  -74.357  12.427 0.5000000000
19103  -50.121  -74.133  12.836 0.4000000060
20175  -50.185  -73.390  12.978 0.5000000000
20180  -49.963  -73.505  12.040 0.5000000000
24983  -46.326  -69.034  16.741 0.5000000000
23718  -46.709  -69.606  16.350 0.5000000000
23738  -48.054  -70.147  15.033 0.4000000060
21319  -49.949  -72.464  13.288 0.5000000000
21334  -50.097  -72.332  12.112 0.5000000000
26229  -45.861  -67.930  17.331 0.5000000000
24964  -45.971  -68.570  17.098 0.5000000000
22505  -49.672  -71.600  13.134 0.6000000238
29737  -43.313  -65.247  17.196 0.4000000060
30838  -43.319  -64.456  16.787 0.2000000030
30850  -42.657  -63.855  16.526 0.2000000030
30852  -44.995  -64.718  16.159 0.3000000119
30871  -45.272  -64.756  15.979 0.4000000060
31957  -42.646  -63.350  15.848 0.3000000119
30851  -43.884  -64.238  16.217 0.3000000119
31958  -43.338  -63.901  15.756 0.4000000060
30870  -44.768  -64.674  15.903 0.4000000060
30869  -43.687  -64.456  15.529 0.3000000119
29770  -44.594  -65.139  15.555 0.4000000060
27479  -44.780  -66.710  15.513 0.4000000060
26267  -45.275  -67.573  15.332 0.4000000060
28632  -44.199  -65.957  15.483 0.3000000119
26266  -44.132  -67.669  15.548 0.3000000119
25006  -45.514  -68.347  14.938 0.4000000060
25027  -43.947  -69.431  15.040 0.3000000119
23777  -43.693  -70.846  13.831 0.4000000060
26265  -42.990  -67.739  15.505 0.2000000030
25004  -43.473  -68.609  15.449 0.2000000030
23753  -43.279  -70.263  14.628 0.3000000119
22503  -43.022  -71.383  13.264 0.3000000119
25003  -42.383  -68.618  15.449 0.1000000015
23752  -42.163  -70.285  14.793 0.2000000030
23776  -42.613  -70.900  14.039 0.4000000060
28648  -41.022  -66.792  14.127 0.1000000015
16772  -49.490  -76.537  14.722 0.1000000015
17914  -49.918  -75.873  14.150 0.1000000015
17915  -50.326  -75.240  14.469 0.2000000030
17916  -50.388  -74.702  14.270 0.5000000000
19085  -50.262  -74.367  13.677 0.4000000060
23717  -46.087  -70.147  16.354 0.5000000000
23737  -47.017  -70.179  15.841 0.4000000060
22478  -47.383  -71.208  15.100 0.4000000060
21307  -48.459  -71.745  14.603 0.4000000060
21309  -49.607  -72.307  13.990 0.5000000000
21310  -49.989  -72.829  13.902 0.5000000000
26228  -44.829  -68.091  17.528 0.5000000000
24963  -45.307  -69.093  17.203 0.5000000000
24982  -45.674  -69.633  16.750 0.4000000060
21318  -49.663  -71.971  13.511 0.4000000060
28610  -42.760  -66.318  17.443 0.4000000060
27452  -44.384  -67.135  17.559 0.5000000000
29736  -42.105  -65.468  17.249 0.4000000060
30837  -42.427  -64.552  16.980 0.4000000060
30849  -41.588  -63.902  16.700 0.3000000119
31956  -41.703  -63.139  16.320 0.2000000030
33075  -41.055  -61.974  15.758 0.1000000015
33055  -42.162  -62.599  15.494 0.3000000119
33076  -41.610  -61.966  15.480 0.1000000015
31977  -42.962  -63.763  15.378 0.3000000119
33077  -42.230  -62.200  15.031 0.2000000030
31976  -42.522  -63.080  15.194 0.2000000030
31991  -42.758  -63.585  14.843 0.2000000030
29785  -43.141  -64.794  15.111 0.2000000030
29769  -43.470  -65.339  15.241 0.2000000030
30883  -42.633  -63.998  14.114 0.2000000030
28631  -43.205  -66.202  15.250 0.2000000030
29784  -42.651  -65.210  14.431 0.1000000015
29798  -42.492  -65.021  13.103 0.1000000015
28630  -42.591  -66.337  15.031 0.1000000015
27476  -41.887  -67.177  15.165 0.1000000015
25002  -41.480  -68.552  15.332 0.1000000015
28668  -42.073  -65.948  13.394 0.1000000015
27495  -41.388  -67.224  14.867 0.1000000015
28667  -41.338  -66.415  13.487 0.1000000015
28684  -41.606  -66.192  12.599 0.1000000015
28703  -41.855  -66.204  11.592 0.1000000015
17889  -50.311  -75.111  15.415 0.3000000119
19054  -50.388  -74.061  15.112 0.3000000119
19031  -48.328  -74.773  16.417 0.3000000119
19051  -48.522  -74.127  15.734 0.3000000119
19053  -50.072  -74.044  15.455 0.3000000119
20151  -50.008  -73.531  14.853 0.3000000119
20165  -50.218  -73.437  13.890 0.4000000060
20148  -47.764  -73.346  15.302 0.3000000119
20149  -48.687  -73.374  15.188 0.3000000119
20163  -49.573  -72.970  14.509 0.5000000000
20164  -49.964  -73.138  14.306 0.5000000000
22463  -45.477  -70.953  16.067 0.4000000060
22477  -46.270  -71.278  15.607 0.5000000000
21298  -48.144  -72.306  14.877 0.4000000060
21308  -48.953  -72.282  14.514 0.5000000000
27450  -42.196  -67.349  17.534 0.4000000060
26227  -43.751  -68.180  17.575 0.4000000060
29735  -41.004  -65.605  17.287 0.4000000060
28609  -41.640  -66.449  17.413 0.4000000060
27451  -43.292  -67.246  17.558 0.5000000000
30836  -41.354  -64.720  17.041 0.4000000060
30835  -40.321  -64.832  17.120 0.4000000060
30847  -39.769  -64.230  16.905 0.3000000119
31955  -40.658  -63.248  16.473 0.3000000119
33053  -40.701  -62.405  16.071 0.2000000030
34202  -40.788  -61.347  15.472 0.1000000015
34216  -41.854  -61.084  14.703 0.1000000015
34204  -42.144  -61.585  14.742 0.1000000015
33091  -42.533  -62.125  14.388 0.2000000030
34217  -42.378  -61.241  14.371 0.1000000015
31990  -42.627  -62.965  14.546 0.2000000030
32001  -42.835  -62.925  13.559 0.2000000030
32017  -42.835  -63.627  12.940 0.1000000015
30913  -42.887  -64.337  12.550 0.1000000015
29817  -43.045  -65.491  11.820 0.1000000015
28685  -42.292  -65.958  12.271 0.1000000015
28704  -42.753  -66.294  11.190 0.1000000015
28705  -43.426  -66.388  10.705 0.1000000015
28740  -43.967  -66.532  9.148 0.1000000015
29881  -43.990  -66.211  8.590 0.1000000015
30989  -43.803  -65.793  8.619 0.1000000015
30991  -44.837  -65.228  7.740 0.1000000015
17873  -49.079  -75.362  16.877 0.2000000030
19049  -46.415  -74.402  15.905 0.3000000119
21296  -45.895  -72.560  15.406 0.4000000060
21295  -44.827  -72.803  15.651 0.3000000119
26226  -42.676  -68.272  17.602 0.3000000119
24961  -43.101  -69.189  17.521 0.4000000060
23715  -43.916  -70.608  16.770 0.4000000060
22475  -44.591  -72.117  15.756 0.3000000119
28608  -40.573  -66.506  17.511 0.3000000119
22462  -44.346  -71.490  16.140 0.4000000060
21294  -44.205  -72.412  15.912 0.3000000119
30834  -39.240  -64.749  17.266 0.3000000119
29734  -39.951  -65.652  17.428 0.3000000119
31944  -39.140  -63.962  16.965 0.3000000119
33051  -38.857  -62.740  16.745 0.3000000119
30848  -40.561  -64.077  16.765 0.3000000119
33052  -39.697  -62.581  16.357 0.3000000119
34182  -39.659  -61.668  16.064 0.2000000030
34201  -40.039  -61.232  15.706 0.1000000015
36479  -40.118  -59.837  15.312 0.1000000015
37606  -40.234  -58.906  15.312 0.1000000015
35323  -40.819  -60.566  15.087 0.1000000015
37622  -41.128  -59.027  14.642 0.1000000015
35338  -41.787  -60.469  14.562 0.1000000015
36500  -42.514  -59.614  13.957 0.1000000015
34229  -42.856  -61.174  13.812 0.1000000015
33103  -42.761  -61.882  13.912 0.2000000030
34230  -43.409  -61.159  13.307 0.2000000030
33104  -43.114  -61.937  13.342 0.2000000030
32018  -43.269  -63.265  12.484 0.1000000015
33118  -43.738  -61.990  12.542 0.1000000015
30914  -43.436  -64.456  11.856 0.1000000015
32032  -43.865  -63.534  11.654 0.1000000015
29818  -43.594  -65.193  11.479 0.1000000015
30929  -44.097  -64.679  11.165 0.1000000015
29840  -43.830  -65.830  11.011 0.1000000015
29856  -44.476  -65.783  10.441 0.1000000015
28723  -43.134  -66.568  10.027 0.1000000015
28753  -44.620  -66.475  8.650 0.1000000015
28742  -45.135  -66.488  8.694 0.1000000015
29882  -44.580  -66.259  8.240 0.1000000015
29883  -45.260  -66.363  8.207 0.1000000015
31012  -44.833  -65.739  7.741 0.1000000015
29901  -45.840  -66.139  7.196 0.1000000015
32103  -45.800  -64.791  7.080 0.1000000015
31014  -46.075  -65.403  6.777 0.1000000015
32088  -46.017  -64.097  7.268 0.1000000015
16733  -48.550  -76.798  17.625 0.2000000030
16734  -49.290  -76.664  17.320 0.2000000030
17871  -47.093  -75.516  17.195 0.2000000030
19030  -47.271  -74.939  16.488 0.3000000119
19012  -45.550  -75.227  17.405 0.2000000030
19029  -46.111  -75.018  16.749 0.3000000119
23696  -43.511  -69.963  17.243 0.3000000119
21284  -44.072  -73.116  16.049 0.3000000119
27449  -41.107  -67.410  17.581 0.3000000119
26225  -41.600  -68.339  17.656 0.3000000119
23695  -42.419  -70.280  17.344 0.3000000119
23714  -43.085  -70.725  16.968 0.3000000119
22461  -43.269  -71.489  16.598 0.3000000119
28607  -39.583  -66.512  17.730 0.3000000119
22453  -42.444  -71.378  17.085 0.3000000119
21283  -43.507  -72.534  16.340 0.2000000030
30833  -38.275  -64.893  17.726 0.2000000030
29733  -38.961  -65.715  17.668 0.2000000030
31943  -38.417  -63.883  17.393 0.3000000119
31953  -38.821  -63.402  16.949 0.3000000119
34181  -38.848  -61.890  16.595 0.3000000119
35306  -38.798  -60.998  16.485 0.2000000030
35322  -40.050  -60.611  15.494 0.1000000015
36460  -38.888  -60.239  16.392 0.2000000030
36461  -39.422  -59.876  15.849 0.1000000015
39972  -41.577  -57.282  15.026 0.1000000015
39928  -41.811  -56.694  15.922 0.1000000015
39930  -43.637  -56.481  16.094 0.1000000015
38802  -41.381  -57.909  14.701 0.1000000015
39973  -42.054  -57.188  14.648 0.1000000015
39974  -43.003  -56.922  14.140 0.1000000015
39951  -44.351  -56.277  15.164 0.1000000015
39952  -45.387  -56.356  15.295 0.1000000015
38785  -47.054  -57.109  15.798 0.1000000015
37623  -41.961  -58.809  14.158 0.1000000015
38819  -42.920  -58.346  13.610 0.1000000015
39990  -43.959  -57.216  13.462 0.1000000015
39976  -45.132  -56.203  14.309 0.1000000015
39977  -46.251  -56.284  14.477 0.1000000015
39978  -47.450  -56.614  14.698 0.1000000015
36513  -43.157  -59.577  13.594 0.1000000015
35351  -43.026  -60.384  13.724 0.1000000015
34246  -43.907  -61.061  12.934 0.2000000030
33119  -44.367  -61.811  12.171 0.1000000015
33129  -43.813  -62.790  12.031 0.1000000015
33146  -44.806  -63.196  11.092 0.1000000015
32033  -44.451  -63.646  11.180 0.1000000015
30930  -44.563  -64.247  10.883 0.1000000015
29857  -45.055  -65.881  9.719 0.1000000015
30971  -45.932  -65.525  9.262 0.1000000015
29869  -45.052  -66.307  9.309 0.1000000015
29884  -46.451  -66.145  7.854 0.1000000015
29902  -46.697  -66.060  6.909 0.1000000015
29918  -46.931  -65.812  6.302 0.1000000015
18995  -43.847  -74.756  18.857 0.2000000030
19048  -45.482  -74.379  16.187 0.3000000119
20146  -45.608  -73.633  15.639 0.3000000119
20107  -43.243  -74.283  19.202 0.2000000030
19010  -44.107  -74.770  18.211 0.2000000030
19027  -44.127  -74.526  17.582 0.2000000030
19028  -44.855  -74.630  16.914 0.3000000119
20135  -44.667  -73.804  16.105 0.3000000119
26224  -40.478  -68.364  17.859 0.3000000119
24959  -41.028  -69.307  17.769 0.3000000119
23694  -41.400  -70.204  17.658 0.3000000119
26223  -39.702  -67.992  18.071 0.3000000119
22451  -40.937  -70.807  17.894 0.3000000119
22452  -41.473  -71.280  17.646 0.3000000119
29708  -37.846  -66.151  18.705 0.2000000030
28586  -38.710  -66.973  18.305 0.3000000119
21282  -42.686  -72.324  16.871 0.2000000030
20133  -42.988  -73.010  16.815 0.2000000030
30832  -37.671  -64.947  18.385 0.2000000030
33037  -37.806  -63.169  17.860 0.2000000030
31942  -37.728  -64.053  18.074 0.2000000030
33038  -38.291  -62.935  17.285 0.3000000119
34167  -38.255  -62.128  17.160 0.3000000119
35297  -37.867  -61.669  17.657 0.3000000119
36448  -38.380  -60.268  17.230 0.2000000030
36449  -38.943  -59.473  16.712 0.2000000030
38762  -40.532  -57.502  16.305 0.1000000015
38821  -44.074  -58.010  13.070 0.1000000015
40005  -44.782  -57.324  12.942 0.1000000015
39992  -45.918  -56.373  13.460 0.1000000015
36514  -43.736  -59.497  13.288 0.1000000015
37639  -44.445  -58.726  12.803 0.1000000015
38834  -45.334  -57.860  12.467 0.1000000015
40007  -46.634  -56.784  12.617 0.1000000015
35353  -44.108  -60.039  13.071 0.1000000015
36528  -44.844  -59.492  12.589 0.1000000015
36529  -45.526  -59.518  12.256 0.1000000015
36530  -46.033  -59.307  11.953 0.1000000015
37652  -46.374  -58.776  11.771 0.1000000015
35367  -44.157  -60.585  12.913 0.1000000015
34248  -44.908  -60.736  12.395 0.1000000015
35385  -46.131  -60.502  11.698 0.1000000015
34265  -46.431  -61.384  11.201 0.1000000015
34264  -45.333  -61.189  11.930 0.1000000015
34263  -44.690  -61.652  12.049 0.1000000015
33131  -45.732  -62.101  11.192 0.1000000015
33132  -46.292  -61.997  10.927 0.1000000015
33147  -45.323  -62.966  10.878 0.1000000015
32051  -44.928  -63.780  10.779 0.1000000015
32052  -45.674  -63.844  10.365 0.1000000015
30952  -45.846  -64.940  9.665 0.1000000015
29871  -46.402  -65.846  8.536 0.1000000015
18968  -42.846  -74.424  20.534 0.3000000119
20085  -41.829  -73.283  19.435 0.3000000119
20106  -42.552  -73.672  18.784 0.3000000119
20121  -43.374  -74.198  18.128 0.2000000030
20134  -43.654  -73.735  16.847 0.2000000030
20105  -41.798  -73.003  18.485 0.3000000119
20120  -42.498  -73.181  17.585 0.3000000119
26206  -39.695  -68.666  18.240 0.3000000119
23680  -39.849  -70.208  18.553 0.3000000119
21256  -41.226  -72.266  18.363 0.3000000119
20119  -41.740  -72.586  17.889 0.3000000119
28584  -37.782  -66.674  19.029 0.2000000030
26205  -39.040  -68.214  18.459 0.3000000119
24943  -39.180  -69.315  18.744 0.3000000119
29731  -37.670  -65.593  18.694 0.2000000030
30817  -37.382  -65.057  19.079 0.2000000030
33023  -37.475  -63.265  18.603 0.2000000030
34148  -37.610  -62.580  18.325 0.2000000030
35279  -37.662  -61.778  18.412 0.3000000119
35280  -37.848  -60.944  17.948 0.2000000030
34266  -46.975  -61.037  10.959 0.1000000015
33148  -46.368  -62.651  10.571 0.1000000015
18956  -42.778  -74.663  21.299 0.1000000015
20056  -42.054  -73.920  21.614 0.2000000030
20070  -42.362  -74.095  20.787 0.3000000119
20069  -41.566  -73.422  20.645 0.3000000119
21221  -41.193  -72.872  19.793 0.3000000119
22443  -40.480  -71.412  18.560 0.3000000119
22431  -40.173  -71.826  19.373 0.3000000119
26190  -38.161  -68.237  19.285 0.3000000119
24925  -38.930  -69.772  19.249 0.3000000119
23663  -39.021  -70.312  19.554 0.3000000119
22430  -39.552  -71.358  19.733 0.3000000119
27421  -37.555  -67.364  19.972 0.2000000030
29707  -37.518  -65.919  19.230 0.2000000030
31895  -37.322  -64.388  19.695 0.1000000015
32976  -37.704  -63.318  20.257 0.1000000015
34122  -37.516  -62.431  19.030 0.2000000030
35253  -37.637  -61.747  19.048 0.2000000030
35254  -37.946  -60.950  19.147 0.3000000119
20068  -40.907  -72.974  21.280 0.3000000119
21220  -40.638  -72.649  20.474 0.3000000119
21238  -40.118  -72.094  19.910 0.3000000119
24904  -37.921  -68.773  20.557 0.3000000119
23662  -38.648  -70.160  20.015 0.3000000119
27407  -37.593  -67.085  20.656 0.2000000030
28537  -37.843  -66.266  21.105 0.1000000015
30775  -37.573  -64.705  20.506 0.1000000015
32977  -37.918  -62.671  20.236 0.1000000015
34123  -37.742  -61.972  19.561 0.1000000015
21201  -40.439  -72.509  21.683 0.3000000119
21174  -40.627  -72.147  22.697 0.2000000030
21219  -39.791  -72.047  20.701 0.3000000119
21200  -39.615  -71.778  21.583 0.3000000119
24905  -38.146  -69.198  21.094 0.2000000030
22418  -38.687  -70.557  21.266 0.3000000119
23645  -38.892  -70.692  20.159 0.3000000119
26150  -38.403  -68.070  21.551 0.2000000030
24888  -38.683  -68.966  21.877 0.2000000030
28539  -39.897  -66.186  21.424 0.1000000015
28538  -38.893  -66.182  21.507 0.1000000015
28540  -40.673  -66.216  21.449 0.1000000015
29653  -38.558  -65.295  21.331 0.1000000015
30756  -38.147  -64.465  21.035 0.1000000015
30757  -39.169  -64.432  21.414 0.1000000015
31853  -38.617  -63.910  21.153 0.1000000015
31873  -38.131  -63.549  20.741 0.1000000015
32978  -38.627  -62.373  20.749 0.1000000015
22408  -40.013  -71.656  22.397 0.2000000030
22407  -39.274  -71.031  22.115 0.2000000030
23605  -39.108  -69.276  22.224 0.2000000030
22406  -38.844  -70.697  21.658 0.2000000030
26129  -39.893  -67.876  22.033 0.1000000015
26128  -39.168  -68.367  22.011 0.2000000030
27385  -40.230  -66.780  21.578 0.1000000015
29654  -39.583  -65.395  21.410 0.1000000015
31854  -38.967  -63.301  21.271 0.1000000015
29639  -40.945  -65.259  21.728 0.1000000015
30758  -40.195  -64.840  21.538 0.1000000015
30740  -39.890  -64.006  21.701 0.1000000015
30741  -40.523  -64.664  22.046 0.1000000015
25031  -48.732  -68.877  14.062 0.4000000060
26271  -48.486  -68.262  14.984 0.5000000000
25009  -48.565  -68.975  14.611 0.4000000060
26291  -48.546  -68.275  14.460 0.6000000238
23782  -49.438  -70.612  13.124 0.5000000000
23757  -48.374  -70.637  14.538 0.4000000060
20211  -49.546  -72.821  9.969 0.5000000000
23758  -48.781  -70.083  14.084 0.4000000060
25045  -48.739  -69.146  13.220 0.5000000000
22528  -49.989  -71.380  12.099 0.5000000000
23781  -49.170  -69.834  13.348 0.6000000238
22572  -49.899  -71.180  10.526 0.5000000000
20235  -49.541  -72.443  9.445 0.3000000119
19160  -48.394  -73.260  7.644 0.5000000000
20209  -48.373  -74.071  10.670 0.5000000000
23816  -49.967  -70.978  11.389 0.5000000000
28650  -47.277  -66.411  14.948 0.4000000060
21403  -48.922  -72.162  8.411 0.4000000060
21401  -46.851  -72.379  8.717 0.5000000000
21377  -45.711  -72.502  9.711 0.4000000060
20231  -45.194  -73.509  8.997 0.4000000060
22567  -45.174  -72.084  10.811 0.4000000060
22542  -43.760  -71.987  11.820 0.3000000119
17941  -49.484  -75.394  13.605 0.2000000030
26290  -47.999  -67.493  13.813 0.4000000060
25044  -47.958  -68.877  13.050 0.6000000238
30853  -45.470  -64.879  16.057 0.4000000060
28634  -46.476  -65.907  15.544 0.4000000060
27497  -47.448  -66.925  14.524 0.5000000000
25074  -49.181  -69.969  11.559 0.6000000238
25060  -49.499  -70.153  12.470 0.6000000238
23815  -49.727  -70.721  11.247 0.5000000000
22592  -49.554  -71.479  9.614 0.5000000000
26269  -47.046  -67.138  14.450 0.4000000060
25030  -46.720  -68.456  13.840 0.5000000000
23797  -47.799  -70.154  11.514 0.6000000238
25057  -47.504  -69.406  12.624 0.5000000000
22570  -48.305  -71.133  9.851 0.5000000000
23814  -49.103  -70.340  10.967 0.5000000000
22571  -49.217  -71.018  9.931 0.5000000000
29771  -45.609  -65.137  15.825 0.4000000060
26288  -46.655  -68.106  14.184 0.5000000000
23780  -46.984  -69.571  12.798 0.5000000000
23756  -46.011  -69.296  13.745 0.5000000000
22526  -46.132  -71.091  11.812 0.4000000060
23755  -45.461  -69.687  13.972 0.5000000000
22544  -45.671  -71.628  11.245 0.4000000060
23794  -45.106  -71.089  12.589 0.4000000060
25005  -44.586  -68.512  15.291 0.4000000060
23736  -46.340  -70.578  15.954 0.5000000000
22479  -48.114  -71.194  14.670 0.4000000060
22506  -49.896  -71.803  12.657 0.5000000000
22489  -49.401  -71.474  13.573 0.5000000000
33054  -41.673  -62.539  15.849 0.2000000030
27478  -43.635  -66.850  15.485 0.3000000119
25026  -42.824  -69.496  15.208 0.3000000119
27477  -42.487  -66.897  15.249 0.2000000030
25025  -41.737  -69.396  15.223 0.2000000030
22464  -46.029  -70.730  15.990 0.4000000060
22488  -49.054  -71.382  14.022 0.5000000000
30884  -42.922  -64.279  14.943 0.2000000030
30897  -42.667  -63.996  13.254 0.1000000015
29768  -42.784  -65.896  14.906 0.2000000030
28649  -42.045  -66.443  14.479 0.1000000015
27496  -41.909  -66.888  15.000 0.1000000015
25001  -41.033  -68.388  15.242 0.1000000015
17874  -50.010  -75.510  16.548 0.3000000119
19033  -49.970  -74.617  15.999 0.3000000119
19032  -49.278  -74.722  16.259 0.3000000119
19050  -47.506  -74.263  15.775 0.3000000119
19052  -49.376  -74.056  15.615 0.3000000119
20150  -49.376  -73.348  14.974 0.3000000119
21297  -46.999  -72.363  15.178 0.3000000119
20147  -46.680  -73.470  15.417 0.3000000119
23716  -45.021  -70.258  16.657 0.4000000060
22476  -45.193  -71.829  15.657 0.4000000060
24962  -44.160  -69.083  17.470 0.4000000060
23697  -44.385  -69.822  17.126 0.4000000060
31954  -39.625  -63.473  16.664 0.3000000119
34183  -40.434  -61.733  15.782 0.2000000030
35324  -41.427  -60.758  14.812 0.1000000015
35339  -42.433  -60.422  14.179 0.1000000015
29839  -43.279  -66.172  11.231 0.1000000015
28724  -44.207  -66.464  10.009 0.1000000015
28741  -44.772  -66.504  9.090 0.1000000015
17855  -48.799  -76.029  17.334 0.2000000030
17872  -48.108  -75.424  17.025 0.2000000030
16742  -49.794  -76.639  16.853 0.2000000030
24960  -42.043  -69.273  17.596 0.3000000119
36480  -40.756  -59.739  14.895 0.1000000015
37605  -39.770  -59.382  15.600 0.1000000015
38801  -40.794  -58.422  14.997 0.1000000015
36498  -41.328  -59.839  14.623 0.1000000015
36499  -41.854  -59.691  14.356 0.1000000015
32002  -43.175  -62.512  12.950 0.1000000015
30950  -44.306  -65.356  10.781 0.1000000015
17854  -47.866  -76.128  17.516 0.2000000030
17853  -46.847  -76.113  17.890 0.2000000030
17870  -46.276  -75.516  17.464 0.2000000030
27448  -40.101  -67.365  17.756 0.3000000119
27447  -39.204  -67.293  18.112 0.3000000119
29732  -38.199  -65.854  18.228 0.3000000119
35307  -39.423  -60.763  15.953 0.1000000015
37586  -39.500  -59.015  16.049 0.1000000015
38783  -40.571  -57.944  15.436 0.1000000015
38784  -41.205  -57.245  15.561 0.1000000015
39949  -42.392  -56.626  15.131 0.1000000015
39929  -42.681  -56.487  15.924 0.1000000015
39950  -43.321  -56.351  15.090 0.1000000015
38803  -42.468  -57.871  13.918 0.1000000015
39975  -44.067  -56.424  14.204 0.1000000015
39953  -46.475  -56.750  15.616 0.1000000015
39954  -47.193  -56.891  15.416 0.1000000015
37624  -42.678  -58.828  13.721 0.1000000015
39989  -43.313  -57.354  13.683 0.1000000015
38820  -43.335  -57.950  13.470 0.1000000015
39991  -44.880  -56.628  13.451 0.1000000015
40004  -44.367  -57.608  13.049 0.1000000015
38805  -48.074  -56.952  14.902 0.1000000015
37638  -43.857  -58.739  13.182 0.1000000015
35352  -43.672  -60.340  13.309 0.1000000015
34247  -44.480  -61.175  12.484 0.1000000015
33130  -44.579  -62.457  11.624 0.1000000015
30951  -44.865  -64.848  10.480 0.1000000015
19011  -44.817  -75.129  17.881 0.2000000030
21270  -41.997  -72.167  17.427 0.3000000119
24944  -40.121  -69.366  18.166 0.3000000119
23693  -40.586  -70.241  18.013 0.3000000119
21269  -41.451  -72.059  17.818 0.3000000119
28585  -38.283  -66.671  18.501 0.3000000119
27433  -38.617  -67.441  18.511 0.3000000119
35298  -38.206  -61.280  17.120 0.2000000030
37587  -39.896  -58.198  16.146 0.1000000015
37573  -39.402  -58.644  16.965 0.2000000030
40006  -45.598  -56.993  12.736 0.1000000015
39993  -47.066  -56.373  13.521 0.1000000015
37650  -45.088  -58.698  12.483 0.1000000015
37651  -45.772  -58.648  12.179 0.1000000015
35368  -44.574  -60.261  12.699 0.1000000015
35384  -45.658  -60.288  12.079 0.1000000015
20086  -42.621  -73.979  19.906 0.3000000119
18980  -43.167  -74.481  20.117 0.3000000119
21240  -41.275  -72.649  19.047 0.3000000119
22442  -39.602  -70.705  19.046 0.3000000119
21255  -40.882  -72.188  18.821 0.3000000119
26204  -38.465  -68.012  18.806 0.3000000119
27422  -37.844  -67.704  19.470 0.3000000119
27431  -37.728  -67.171  19.383 0.2000000030
24942  -38.563  -68.655  18.949 0.3000000119
31925  -37.346  -64.161  18.865 0.2000000030
36430  -38.258  -60.244  18.242 0.2000000030
36431  -38.857  -59.269  17.976 0.2000000030
17765  -43.096  -75.087  21.909 0.1000000015
21239  -40.649  -72.290  19.399 0.3000000119
26189  -37.842  -68.231  19.872 0.3000000119
24924  -38.317  -69.294  19.778 0.3000000119
29685  -37.364  -66.015  19.851 0.2000000030
30792  -37.319  -65.294  19.793 0.2000000030
32998  -37.430  -63.302  19.600 0.1000000015
32999  -37.603  -62.568  19.625 0.2000000030
20055  -41.199  -73.181  21.973 0.3000000119
23644  -38.558  -70.191  20.701 0.3000000119
26171  -37.911  -68.550  21.039 0.2000000030
27382  -37.812  -67.215  21.090 0.2000000030
28560  -37.434  -66.518  20.281 0.2000000030
29672  -37.458  -65.664  20.441 0.1000000015
29652  -37.832  -65.183  20.943 0.1000000015
27383  -38.316  -67.065  21.434 0.1000000015
22419  -38.976  -71.187  20.969 0.3000000119
23626  -38.641  -69.957  21.785 0.2000000030
26151  -39.303  -67.733  21.856 0.1000000015
27364  -39.863  -67.342  21.773 0.1000000015
29655  -40.469  -65.598  21.438 0.1000000015
22388  -40.054  -70.737  22.728 0.2000000030
23606  -39.637  -69.856  22.487 0.2000000030
27365  -40.517  -67.295  21.784 0.1000000015
19143  -48.214  -74.353  8.413 0.3000000119
16840  -46.740  -76.711  9.283 0.3000000119
17999  -47.151  -75.983  8.917 0.3000000119
12291  -43.464  -81.206  11.071 0.2000000030
11250  -42.409  -81.904  11.497 0.2000000030
15684  -46.445  -77.290  9.528 0.4000000060
14497  -45.755  -78.588  10.171 0.3000000119
18013  -47.229  -75.722  7.908 0.4000000060
15701  -46.414  -77.749  9.368 0.3000000119
13377  -44.887  -79.731  10.572 0.3000000119
18014  -47.710  -74.791  7.697 0.4000000060
14534  -46.472  -77.867  8.606 0.4000000060
13387  -45.371  -80.185  10.193 0.3000000119
11252  -43.834  -81.615  11.058 0.2000000030
16851  -46.821  -76.611  8.316 0.4000000060
13388  -45.789  -79.548  9.772 0.4000000060
18025  -47.537  -74.333  7.249 0.4000000060
20281  -47.418  -73.667  7.195 0.4000000060
13402  -45.969  -79.206  8.420 0.4000000060
10267  -43.749  -82.203  10.848 0.3000000119
16862  -46.526  -76.440  7.243 0.4000000060
14533  -46.211  -78.208  7.915 0.4000000060
12326  -45.688  -79.912  8.817 0.3000000119
11273  -44.375  -81.461  10.369 0.4000000060
19158  -46.607  -74.039  7.406 0.4000000060
15723  -46.255  -77.654  7.226 0.4000000060
11308  -44.672  -81.055  8.731 0.3000000119
20233  -46.911  -72.770  8.152 0.4000000060
18023  -46.100  -75.485  7.107 0.4000000060
15739  -46.320  -77.206  7.162 0.4000000060
13401  -45.607  -79.503  7.658 0.4000000060
20255  -46.169  -73.747  8.019 0.4000000060
14552  -46.035  -78.115  6.950 0.4000000060
12336  -45.189  -80.220  7.933 0.3000000119
16861  -45.654  -76.558  6.877 0.4000000060
15738  -46.043  -77.404  6.643 0.4000000060
13422  -45.288  -79.515  6.554 0.4000000060
19157  -45.947  -74.547  7.618 0.4000000060
14551  -45.481  -78.450  6.308 0.4000000060
12358  -44.671  -80.490  6.369 0.3000000119
20254  -45.605  -74.107  8.216 0.4000000060
15737  -45.056  -77.576  6.601 0.4000000060
14563  -45.037  -79.123  5.633 0.4000000060
11327  -44.029  -81.337  6.484 0.2000000030
18012  -45.439  -75.257  7.634 0.4000000060
19156  -45.069  -74.638  8.285 0.4000000060
18011  -44.639  -75.674  7.998 0.4000000060
14550  -44.373  -78.750  6.031 0.4000000060
14562  -44.533  -79.351  5.460 0.4000000060
12357  -44.288  -80.872  5.633 0.2000000030
10314  -42.601  -82.573  6.397 0.3000000119
20208  -44.144  -73.207  9.823 0.3000000119
19155  -44.206  -75.012  8.598 0.3000000119
11348  -43.729  -81.222  5.349 0.2000000030
13440  -43.957  -79.653  5.228 0.2000000030
11326  -43.361  -81.801  5.957 0.2000000030
9323  -41.707  -83.477  6.717 0.2000000030
19142  -44.368  -74.358  8.937 0.3000000119
16860  -44.670  -76.698  7.373 0.4000000060
21375  -43.625  -72.793  10.500 0.3000000119
19141  -43.421  -74.703  9.140 0.3000000119
16850  -44.013  -76.373  8.023 0.2000000030
15735  -43.217  -78.145  7.364 0.2000000030
11347  -42.905  -81.750  4.990 0.1000000015
9324  -42.117  -83.176  5.605 0.2000000030
17998  -42.697  -75.281  9.049 0.2000000030
16849  -43.201  -76.729  8.210 0.2000000030
14532  -42.848  -78.336  7.458 0.1000000015
12356  -42.878  -79.994  5.595 0.1000000015
20207  -43.248  -73.417  10.077 0.3000000119
22522  -42.506  -71.776  12.516 0.2000000030
21374  -42.622  -73.028  10.650 0.1000000015
19140  -42.386  -74.668  9.477 0.2000000030
15721  -42.858  -77.723  7.882 0.1000000015
12355  -42.413  -80.218  5.963 0.1000000015
11346  -41.750  -81.840  4.939 0.1000000015
10330  -42.318  -82.567  4.863 0.1000000015
21333  -42.603  -72.096  11.959 0.2000000030
20206  -42.372  -73.587  10.241 0.2000000030
20228  -42.087  -74.115  9.934 0.2000000030
18009  -42.309  -76.035  8.726 0.1000000015
14531  -42.082  -78.724  7.668 0.1000000015
13419  -42.059  -79.726  7.023 0.1000000015
12377  -42.142  -81.029  5.548 0.1000000015
10347  -41.682  -82.680  4.393 0.1000000015
8419  -40.505  -84.253  4.492 0.1000000015
21373  -42.002  -73.259  10.601 0.1000000015
17997  -41.855  -75.317  9.225 0.2000000030
18008  -41.456  -75.865  8.975 0.1000000015
15720  -41.636  -77.620  8.328 0.1000000015
13400  -41.511  -79.356  7.545 0.1000000015
12354  -41.525  -80.508  6.571 0.1000000015
12376  -41.014  -81.260  6.035 0.1000000015
9361  -40.648  -83.633  4.239 0.1000000015
8442  -39.370  -85.032  4.074 0.1000000015
16847  -41.257  -76.595  8.753 0.1000000015
13399  -40.925  -79.105  7.899 0.1000000015
13418  -41.023  -79.829  7.422 0.1000000015
9378  -39.741  -83.739  3.837 0.1000000015
36404  -38.568  -60.012  18.849 0.2000000030
22502  -42.022  -71.335  13.317 0.2000000030
21332  -42.016  -72.152  11.915 0.1000000015
21349  -41.632  -72.808  11.146 0.1000000015
19139  -41.385  -74.624  9.777 0.1000000015
20205  -41.402  -73.691  10.419 0.1000000015
16839  -40.992  -76.025  8.981 0.1000000015
15719  -40.460  -77.357  8.668 0.1000000015
10357  -40.091  -83.513  4.243 0.1000000015
11366  -41.207  -82.281  4.742 0.1000000015
13398  -40.334  -78.802  8.138 0.1000000015
15702  -46.643  -77.385  8.883 0.3000000119
12313  -44.116  -80.738  10.812 0.3000000119
14512  -46.292  -78.398  9.220 0.3000000119
12314  -44.921  -80.657  10.373 0.3000000119
12325  -45.262  -80.530  9.510 0.3000000119
19174  -46.600  -74.655  7.162 0.4000000060
13441  -44.665  -79.886  5.515 0.2000000030
15736  -43.878  -77.756  7.204 0.2000000030
20230  -43.880  -73.877  9.476 0.3000000119
13421  -43.540  -79.311  5.886 0.2000000030
12378  -43.149  -80.507  5.150 0.1000000015
16859  -43.877  -76.985  7.743 0.4000000060
18010  -43.500  -75.681  8.548 0.2000000030
15722  -43.475  -77.309  7.789 0.2000000030
14549  -43.201  -78.750  6.852 0.1000000015
9340  -41.457  -83.696  5.472 0.1000000015
14548  -42.576  -79.228  6.984 0.1000000015
20229  -42.884  -74.030  9.703 0.3000000119
16848  -42.249  -76.928  8.393 0.1000000015
9362  -41.381  -83.485  4.472 0.1000000015
8459  -39.975  -84.290  3.939 0.1000000015
14530  -40.879  -78.346  8.258 0.1000000015
8457  -39.127  -84.779  3.292 0.1000000015
16846  -40.590  -76.734  8.797 0.1000000015
19123  -40.677  -74.276  10.213 0.1000000015
19099  -46.993  -74.338  12.023 0.3000000119
19112  -45.773  -75.197  11.094 0.2000000030
17974  -45.033  -75.726  11.013 0.3000000119
19101  -48.830  -74.343  12.102 0.4000000060
19115  -48.380  -74.231  11.670 0.4000000060
19113  -46.883  -74.638  11.070 0.3000000119
20189  -48.755  -74.000  11.241 0.4000000060
17984  -45.738  -76.088  10.528 0.2000000030
17982  -43.879  -76.378  10.819 0.1000000015
16827  -44.504  -77.076  10.517 0.2000000030
19125  -46.790  -75.223  10.330 0.3000000119
16826  -43.449  -77.068  10.579 0.1000000015
16828  -45.436  -76.981  10.385 0.2000000030
15680  -43.255  -78.030  10.449 0.1000000015
14494  -43.025  -78.924  10.524 0.1000000015
15681  -44.256  -77.934  10.488 0.1000000015
14495  -44.042  -78.856  10.562 0.1000000015
13373  -41.317  -79.389  10.713 0.1000000015
14493  -42.132  -78.996  10.538 0.1000000015
13375  -42.713  -79.741  10.696 0.1000000015
13355  -41.012  -79.887  10.935 0.1000000015
13374  -41.812  -79.695  10.709 0.1000000015
19126  -47.896  -74.547  9.876 0.3000000119
17985  -46.611  -75.980  9.875 0.2000000030
15682  -45.203  -77.841  10.412 0.2000000030
12289  -41.758  -80.951  11.220 0.1000000015
12288  -40.634  -80.925  11.389 0.1000000015
19127  -48.621  -73.852  9.052 0.2000000030
17986  -47.234  -75.381  9.516 0.3000000119
16829  -46.238  -76.815  10.003 0.2000000030
13376  -43.695  -79.766  10.724 0.2000000030
12311  -42.337  -80.427  10.897 0.1000000015
11248  -40.226  -81.945  11.623 0.1000000015
15683  -46.051  -77.695  9.959 0.3000000119
12312  -43.208  -80.541  10.890 0.1000000015
11249  -41.355  -81.938  11.630 0.1000000015
10245  -39.769  -83.020  11.568 0.1000000015
18000  -47.649  -75.171  8.675 0.2000000030
10247  -42.038  -82.866  11.767 0.1000000015
11251  -43.221  -81.795  11.295 0.1000000015
9252  -40.421  -84.128  11.654 0.1000000015
10246  -40.923  -83.008  11.831 0.1000000015
10248  -43.064  -82.638  11.342 0.1000000015
9254  -42.410  -83.451  11.348 0.1000000015
9279  -42.807  -83.317  10.886 0.1000000015
8297  -39.128  -85.392  11.584 0.1000000015
9253  -41.568  -84.037  11.563 0.1000000015
11289  -44.252  -81.668  9.394 0.3000000119
7430  -40.927  -85.625  11.143 0.1000000015
19114  -47.940  -74.235  11.205 0.3000000119
12290  -42.762  -81.167  11.164 0.1000000015
14496  -44.987  -78.701  10.529 0.2000000030
19124  -46.246  -75.624  10.486 0.2000000030
9251  -39.197  -84.221  11.458 0.1000000015
8298  -39.960  -85.231  11.603 0.1000000015
8299  -40.858  -85.089  11.491 0.1000000015
10279  -43.872  -82.264  10.042 0.2000000030
8344  -41.377  -84.746  10.039 0.1000000015
7469  -40.678  -85.563  9.941 0.1000000015
8343  -40.870  -84.906  9.260 0.2000000030
7468  -39.931  -85.945  9.565 0.1000000015
9292  -42.750  -83.368  10.139 0.2000000030
9291  -42.023  -83.808  9.576 0.2000000030
7494  -40.256  -85.248  8.970 0.2000000030
8362  -41.357  -84.259  8.868 0.1000000015
7493  -39.387  -85.468  8.512 0.1000000015
8361  -40.660  -84.621  8.340 0.1000000015
10278  -43.227  -82.744  9.591 0.2000000030
9303  -42.575  -83.136  9.184 0.1000000015
8360  -40.025  -84.968  8.037 0.1000000015
9302  -41.944  -83.291  8.157 0.1000000015
8382  -41.172  -84.000  7.695 0.1000000015
10293  -42.861  -82.424  8.181 0.1000000015
11307  -43.905  -81.651  8.082 0.2000000030
10292  -42.369  -82.809  7.482 0.1000000015
11328  -44.508  -80.967  7.514 0.2000000030
10313  -42.153  -83.039  7.182 0.1000000015
8381  -40.452  -84.476  7.030 0.1000000015
19100  -47.942  -74.388  12.148 0.2000000030
19098  -45.948  -74.522  11.918 0.1000000015
16755  -48.948  -77.301  15.249 0.1000000015
18982  -44.240  -75.230  19.234 0.1000000015
16732  -47.652  -76.924  18.055 0.1000000015
15580  -48.269  -77.622  17.778 0.1000000015
17821  -44.020  -75.280  20.008 0.2000000030
17836  -44.804  -75.684  19.092 0.1000000015
15564  -47.074  -78.066  18.795 0.1000000015
18981  -43.719  -74.896  19.779 0.2000000030
18996  -44.455  -75.201  18.616 0.1000000015
17838  -46.284  -76.415  18.431 0.1000000015
16731  -46.871  -76.776  18.379 0.1000000015
16721  -47.138  -77.361  18.495 0.1000000015
19082  -48.244  -74.727  12.937 0.2000000030
16756  -49.818  -76.550  15.784 0.1000000015
17852  -45.767  -75.755  18.057 0.1000000015
17851  -45.066  -75.614  18.495 0.1000000015
18969  -43.316  -74.901  20.644 0.2000000030
15565  -47.644  -77.876  18.260 0.1000000015
17823  -45.087  -76.179  19.481 0.1000000015
19081  -47.236  -74.585  12.938 0.1000000015
22389  -40.790  -71.135  22.965 0.1000000015
21175  -41.177  -72.695  22.972 0.1000000015
20025  -41.694  -72.981  23.317 0.1000000015
20026  -42.374  -73.479  23.400 0.1000000015
18932  -43.180  -74.627  23.451 0.1000000015
21202  -40.822  -72.669  22.348 0.1000000015
20037  -41.583  -73.288  22.906 0.1000000015
22364  -42.832  -71.328  23.104 0.1000000015
21153  -43.190  -72.320  23.530 0.1000000015
20027  -43.890  -73.529  23.947 0.1000000015
21151  -41.259  -71.788  23.180 0.1000000015
21152  -42.002  -72.259  23.443 0.1000000015
18933  -44.284  -74.785  23.966 0.1000000015
22362  -41.382  -71.174  23.121 0.1000000015
20028  -45.057  -73.085  23.558 0.1000000015
22365  -43.862  -71.340  22.772 0.1000000015
21154  -44.395  -72.254  23.308 0.1000000015
22363  -41.935  -71.243  23.169 0.1000000015
20013  -44.834  -73.813  23.943 0.1000000015
23607  -41.036  -69.920  22.592 0.1000000015
22390  -44.490  -70.849  22.213 0.1000000015
22366  -44.743  -71.500  22.632 0.1000000015
23582  -43.438  -70.625  22.380 0.1000000015
23581  -42.569  -70.533  22.595 0.1000000015
37555  -40.653  -57.970  18.125 0.1000000015
23608  -42.254  -69.727  22.262 0.1000000015
24868  -40.809  -68.845  22.285 0.1000000015
24867  -39.778  -68.708  22.248 0.1000000015
37574  -40.072  -57.920  17.108 0.1000000015
36405  -39.354  -59.549  19.224 0.1000000015
38734  -41.643  -57.426  17.805 0.1000000015
38733  -41.146  -57.423  17.571 0.1000000015
21155  -45.630  -72.149  22.752 0.1000000015
18946  -42.543  -74.452  22.447 0.1000000015
17742  -43.166  -75.133  22.671 0.1000000015
20038  -41.913  -73.694  22.501 0.1000000015
37554  -39.692  -58.451  17.765 0.1000000015
23580  -41.665  -70.586  22.836 0.1000000015
36432  -39.756  -58.770  18.510 0.1000000015
38749  -41.550  -57.050  17.087 0.1000000015
23775  -41.550  -70.838  14.098 0.1000000015
17909  -44.602  -75.660  14.266 0.1000000015
17936  -44.148  -75.036  13.241 0.1000000015
19078  -44.599  -74.787  12.535 0.1000000015
17908  -43.484  -75.809  14.218 0.1000000015
17935  -42.891  -75.479  13.404 0.1000000015
17937  -45.354  -74.982  13.602 0.1000000015
17907  -42.318  -75.965  14.417 0.1000000015
16766  -43.076  -76.472  14.951 0.1000000015
16767  -44.022  -76.471  14.815 0.1000000015
16765  -42.361  -76.429  15.258 0.1000000015
16569  -40.197  -76.988  25.592 0.1000000015
16589  -40.250  -76.257  24.896 0.1000000015
17761  -39.000  -75.486  22.409 0.1000000015
17781  -38.383  -75.294  21.240 0.1000000015
18953  -38.598  -74.758  20.726 0.1000000015
18966  -38.922  -74.549  20.258 0.1000000015
19079  -45.165  -74.654  12.710 0.1000000015
18977  -37.793  -74.676  19.375 0.1000000015
18979  -39.578  -74.702  19.405 0.1000000015
17888  -41.598  -76.151  15.248 0.1000000015
19111  -44.672  -75.277  11.508 0.1000000015
18992  -38.027  -74.448  18.483 0.1000000015
19008  -38.252  -74.485  17.490 0.1000000015
17867  -39.684  -75.086  16.811 0.1000000015
17887  -40.689  -75.695  15.398 0.1000000015
17869  -41.268  -76.081  16.186 0.1000000015
16748  -42.049  -76.564  15.966 0.1000000015
16749  -42.861  -76.946  15.721 0.1000000015
17973  -44.214  -75.778  11.152 0.1000000015
19006  -36.350  -74.876  17.670 0.1000000015
19025  -38.408  -74.601  16.565 0.1000000015
17868  -40.443  -75.549  16.455 0.1000000015
17718  -39.690  -76.126  24.264 0.1000000015
17739  -39.511  -75.688  23.411 0.1000000015
17762  -39.787  -75.264  22.494 0.1000000015
17910  -45.753  -75.651  14.382 0.1000000015
17938  -46.490  -75.024  13.700 0.1000000015
17782  -39.277  -74.967  21.710 0.1000000015
18955  -39.504  -74.807  21.227 0.1000000015
19097  -45.012  -74.778  11.953 0.1000000015
17848  -39.611  -74.895  17.748 0.1000000015
17849  -40.299  -75.324  17.511 0.1000000015
17850  -41.135  -75.826  17.202 0.1000000015
16741  -42.594  -76.990  16.600 0.1000000015
16570  -40.901  -76.475  25.526 0.1000000015
16590  -41.085  -75.990  24.619 0.1000000015
16571  -41.699  -76.511  25.350 0.1000000015
16547  -42.023  -76.769  25.859 0.1000000015
17911  -46.907  -75.810  14.306 0.1000000015
17719  -40.247  -75.748  24.110 0.1000000015
17740  -40.302  -75.523  23.250 0.1000000015
16768  -45.077  -76.458  14.886 0.1000000015
17939  -47.589  -75.215  13.634 0.1000000015
18967  -39.580  -74.774  20.611 0.1000000015
17834  -39.923  -74.912  18.441 0.1000000015
18994  -39.559  -74.694  18.733 0.1000000015
17819  -40.399  -75.142  19.222 0.1000000015
16729  -41.695  -76.258  17.835 0.1000000015
16740  -41.865  -76.428  16.886 0.1000000015
17835  -41.002  -75.631  18.420 0.1000000015
15397  -42.602  -76.948  25.390 0.1000000015
16769  -46.217  -76.546  14.866 0.1000000015
16591  -42.065  -76.481  24.429 0.1000000015
15398  -43.606  -77.636  25.164 0.1000000015
16751  -44.482  -77.211  15.351 0.1000000015
16770  -47.352  -76.723  14.661 0.1000000015
16610  -41.473  -76.040  23.648 0.1000000015
16750  -43.593  -77.018  15.405 0.1000000015
19080  -46.171  -74.576  12.849 0.1000000015
17763  -40.539  -75.458  22.450 0.1000000015
17741  -40.974  -75.667  23.055 0.1000000015
15605  -43.380  -77.291  15.795 0.1000000015
17783  -40.165  -75.087  21.445 0.1000000015
17804  -40.308  -75.119  20.192 0.1000000015
17820  -41.052  -75.590  19.640 0.1000000015
15419  -43.013  -77.324  24.113 0.1000000015
15606  -43.912  -77.608  15.860 0.1000000015
16730  -42.440  -76.859  17.596 0.1000000015
15578  -43.229  -77.498  17.236 0.1000000015
17784  -41.031  -75.671  21.852 0.1000000015
17805  -41.035  -75.613  20.772 0.1000000015
15608  -46.088  -78.169  15.703 0.1000000015
15593  -44.112  -78.068  16.672 0.1000000015
16611  -42.238  -76.690  23.309 0.1000000015
16718  -42.165  -76.567  18.498 0.1000000015
16635  -41.542  -76.138  22.558 0.1000000015
16701  -41.683  -76.103  19.096 0.1000000015
17764  -41.033  -75.687  22.493 0.1000000015
16683  -41.706  -76.192  20.132 0.1000000015
15607  -44.915  -78.190  15.959 0.1000000015
15579  -43.949  -78.092  17.769 0.1000000015
14394  -44.618  -78.577  17.257 0.1000000015
15545  -42.958  -77.386  19.929 0.1000000015
15562  -43.127  -77.396  18.598 0.1000000015
16702  -42.359  -76.711  19.457 0.1000000015
16658  -41.758  -76.343  21.324 0.1000000015
14431  -46.618  -78.800  16.180 0.1000000015
15563  -44.013  -78.246  18.724 0.1000000015
16684  -42.352  -76.818  20.501 0.1000000015
16636  -42.357  -76.929  22.154 0.1000000015
14412  -46.054  -79.324  16.862 0.1000000015
15378  -43.252  -77.483  26.174 0.1000000015
14237  -45.872  -78.875  26.351 0.1000000015
14236  -45.065  -78.456  25.760 0.1000000015
15399  -44.450  -78.179  25.087 0.1000000015
15379  -44.195  -77.934  25.996 0.1000000015
18978  -38.608  -74.505  19.368 0.1000000015
18993  -39.144  -74.603  18.340 0.1000000015
19009  -39.039  -74.717  17.209 0.1000000015
17905  -40.126  -75.366  14.490 0.1000000015
17720  -40.819  -75.702  23.777 0.1000000015
16717  -41.642  -76.135  18.455 0.1000000015
15592  -43.296  -77.459  16.286 0.1000000015
15594  -44.674  -78.360  16.489 0.1000000015
14429  -45.218  -78.521  16.285 0.1000000015
14226  -44.840  -78.387  26.963 0.1000000015
5056  -32.147  -88.249  2.186 0.1000000015
4298  -32.673  -88.944  2.669 0.1000000015
7527  -27.382  -85.285  5.284 0.1000000015
6648  -28.505  -85.880  5.203 0.1000000015
7529  -28.991  -85.229  5.254 0.1000000015
6665  -30.331  -85.939  4.305 0.1000000015
5858  -30.705  -87.716  2.478 0.1000000015
8436  -26.853  -84.708  4.856 0.1000000015
8468  -27.173  -84.264  2.735 0.1000000015
5861  -32.647  -87.602  3.179 0.1000000015
4299  -33.051  -88.507  3.115 0.1000000015
4258  -33.315  -89.538  4.614 0.1000000015
6702  -32.227  -87.117  3.395 0.1000000015
6683  -30.021  -86.610  4.056 0.1000000015
5840  -31.063  -87.070  3.018 0.1000000015
5859  -31.604  -87.518  2.606 0.1000000015
4279  -32.658  -89.527  3.556 0.1000000015
5839  -29.870  -87.471  3.335 0.1000000015
5824  -29.548  -86.883  4.100 0.1000000015
9353  -27.920  -84.062  5.271 0.1000000015
9386  -27.472  -83.504  3.591 0.1000000015
9401  -27.527  -83.716  2.905 0.1000000015
9402  -27.952  -83.313  2.728 0.1000000015
6554  -33.996  -86.488  11.398 0.1000000015
4931  -33.576  -88.929  11.073 0.1000000015
5717  -34.611  -87.444  11.420 0.1000000015
5019  -33.755  -88.664  4.384 0.1000000015
4259  -34.066  -89.309  5.123 0.1000000015
4245  -33.758  -89.878  5.795 0.1000000015
3465  -33.491  -90.090  8.343 0.1000000015
3450  -33.568  -90.090  9.136 0.1000000015
4157  -33.621  -89.618  10.483 0.1000000015
5040  -33.287  -88.178  3.545 0.1000000015
3501  -33.240  -90.047  6.849 0.1000000015
6687  -32.751  -87.048  3.842 0.1000000015
7570  -31.419  -86.000  3.754 0.1000000015
6685  -31.615  -86.533  3.440 0.1000000015
9371  -27.488  -83.794  4.746 0.1000000015
6555  -34.997  -86.429  11.339 0.1000000015
4911  -34.090  -88.312  11.308 0.1000000015
3502  -34.076  -90.075  6.629 0.1000000015
3466  -34.296  -90.104  8.447 0.1000000015
3451  -34.355  -90.095  9.451 0.1000000015
4246  -34.255  -89.565  5.785 0.1000000015
5005  -34.388  -88.989  5.627 0.1000000015
7549  -31.109  -85.288  4.038 0.1000000015
7548  -30.011  -85.072  4.791 0.1000000015
8412  -29.308  -84.289  5.239 0.1000000015
9354  -28.390  -83.576  5.192 0.1000000015
6686  -32.253  -86.489  3.809 0.1000000015
5716  -33.598  -87.393  11.406 0.1000000015
4140  -34.473  -89.227  11.034 0.1000000015
7572  -31.868  -85.764  3.833 0.1000000015
4910  -33.165  -88.164  11.205 0.1000000015
5004  -34.009  -88.321  5.081 0.1000000015
5825  -33.373  -87.491  4.301 0.1000000015
5715  -32.717  -87.327  11.356 0.1000000015
6649  -33.048  -85.836  5.036 0.1000000015
6638  -33.302  -86.572  6.057 0.1000000015
7519  -33.073  -85.529  6.439 0.1000000015
3438  -34.406  -90.048  9.847 0.1000000015
3486  -34.468  -89.847  7.307 0.1000000015
4995  -34.601  -88.845  6.472 0.1000000015
5808  -33.729  -87.542  5.610 0.1000000015
4984  -34.834  -88.641  7.447 0.1000000015
6650  -33.103  -86.406  4.910 0.1000000015
5798  -33.779  -87.327  6.701 0.1000000015
4215  -34.823  -89.329  7.131 0.1000000015
4177  -34.930  -90.010  9.116 0.1000000015
4197  -35.116  -89.527  8.178 0.1000000015
4966  -35.315  -88.846  8.255 0.1000000015
5809  -34.254  -88.373  5.839 0.1000000015
5799  -34.288  -88.070  6.565 0.1000000015
3437  -34.007  -90.051  9.861 0.1000000015
3485  -33.808  -90.147  7.570 0.1000000015
3503  -34.380  -89.862  6.782 0.1000000015
3515  -33.359  -90.025  6.201 0.1000000015
3516  -33.628  -90.095  6.348 0.1000000015
4158  -34.840  -89.939  10.150 0.1000000015
4176  -33.270  -89.889  9.784 0.1000000015
4229  -34.191  -89.825  6.138 0.1000000015
4230  -34.490  -89.585  6.451 0.1000000015
4280  -33.216  -88.913  3.573 0.1000000015
5020  -34.155  -88.830  4.998 0.1000000015
5057  -32.815  -88.041  2.906 0.1000000015
5841  -31.597  -87.058  3.065 0.1000000015
5842  -32.502  -87.262  3.467 0.1000000015
5843  -32.942  -87.570  3.474 0.1000000015
5857  -30.122  -87.973  2.495 0.1000000015
5860  -32.310  -87.518  2.937 0.1000000015
6553  -33.061  -86.507  11.485 0.1000000015
6637  -32.965  -85.778  5.414 0.1000000015
6646  -27.250  -85.779  5.190 0.1000000015
6647  -27.740  -85.891  5.249 0.1000000015
6664  -29.375  -86.237  4.723 0.1000000015
6666  -32.422  -86.207  4.148 0.1000000015
6684  -30.839  -86.424  3.710 0.1000000015
6701  -31.952  -87.050  3.203 0.1000000015
7467  -39.122  -86.270  9.474 0.1000000015
7528  -28.105  -85.238  5.401 0.1000000015
7531  -33.090  -85.869  4.880 0.1000000015
7550  -31.951  -85.254  4.063 0.1000000015
7571  -31.803  -85.849  3.867 0.1000000015
8410  -27.637  -84.568  5.275 0.1000000015
8411  -28.388  -84.486  5.377 0.1000000015
8420  -41.015  -83.963  4.381 0.1000000015
8443  -39.961  -84.574  4.176 0.1000000015
8444  -40.191  -84.276  4.123 0.1000000015
8458  -39.628  -84.511  3.752 0.1000000015
8469  -27.617  -83.851  2.586 0.1000000015
8481  -27.419  -84.458  2.160 0.1000000015
9322  -41.075  -83.973  6.951 0.1000000015
9341  -42.008  -83.232  4.804 0.1000000015
9363  -41.931  -83.175  4.289 0.1000000015
9372  -27.928  -83.250  4.800 0.1000000015
9379  -40.233  -83.960  3.963 0.1000000015
9388  -36.750  -83.642  2.091 0.1000000015
9391  -39.447  -84.127  3.448 0.1000000015
9392  -39.827  -84.128  3.749 0.1000000015
9404  -37.350  -83.649  1.893 0.1000000015
10249  -43.531  -82.099  11.223 0.2000000030
10266  -43.339  -82.834  10.548 0.1000000015
10294  -43.640  -82.160  9.116 0.2000000030
10329  -42.085  -82.176  4.314 0.1000000015
10345  -39.151  -82.509  4.883 0.2000000030
10348  -42.228  -82.917  4.382 0.1000000015
10385  -37.424  -83.113  1.601 0.1000000015
11274  -44.904  -80.997  10.069 0.4000000060
11290  -44.747  -81.175  9.683 0.3000000119
11343  -38.879  -81.520  5.732 0.2000000030
11365  -39.011  -82.083  5.374 0.2000000030
11367  -41.670  -82.165  4.451 0.1000000015
11379  -35.690  -81.084  4.556 0.1000000015
11434  -37.567  -81.350  1.382 0.1000000015
12337  -45.649  -79.728  8.236 0.3000000119
12379  -44.120  -80.488  5.141 0.2000000030
12380  -44.487  -80.468  5.538 0.2000000030
12392  -35.100  -79.857  5.746 0.1000000015
12393  -35.492  -80.328  5.283 0.1000000015
12462  -37.020  -80.833  1.504 0.1000000015
13356  -41.719  -80.270  10.901 0.1000000015
13378  -45.469  -79.184  10.393 0.3000000119
13420  -42.842  -79.575  6.222 0.1000000015
13423  -45.780  -78.821  7.242 0.4000000060
13439  -43.263  -79.794  5.507 0.1000000015
13465  -34.992  -79.054  5.086 0.1000000015
13467  -36.045  -79.755  3.740 0.1000000015
13487  -36.456  -79.631  2.858 0.1000000015
13536  -39.054  -79.964  0.942 0.1000000015
13559  -40.095  -79.260  0.663 0.1000000015
14410  -44.619  -78.433  16.748 0.1000000015
14411  -45.115  -78.710  16.650 0.1000000015
14430  -45.651  -78.656  16.249 0.1000000015
14492  -41.534  -79.075  10.614 0.1000000015
14513  -46.494  -77.874  9.057 0.3000000119
14547  -39.306  -78.614  8.176 0.1000000015
14587  -34.052  -78.716  4.778 0.1000000015
14650  -39.042  -79.263  0.807 0.1000000015
14675  -42.697  -78.073  0.081 0.1000000015
14694  -35.536  -78.843  -0.869 0.1000000015
14699  -41.958  -78.429  -0.707 0.1000000015
15724  -46.487  -77.347  7.871 0.4000000060
15749  -37.371  -76.856  7.298 0.1000000015
15844  -37.665  -78.141  0.694 0.1000000015
15846  -43.187  -77.062  0.499 0.1000000015
15865  -38.203  -77.979  0.287 0.1000000015
15868  -42.714  -77.942  0.331 0.1000000015
15887  -37.323  -78.006  -0.512 0.1000000015
15888  -37.834  -77.950  -0.660 0.1000000015
15889  -38.618  -77.960  -0.437 0.1000000015
15892  -42.484  -77.740  -0.887 0.1000000015
15909  -37.913  -78.068  -1.115 0.1000000015
15914  -42.183  -77.616  -1.373 0.1000000015
15932  -40.796  -77.568  -2.755 0.1000000015
15933  -41.294  -77.191  -2.393 0.1000000015
16568  -39.805  -77.244  25.287 0.1000000015
16773  -50.131  -75.944  14.896 0.1000000015
16857  -36.959  -75.766  8.534 0.1000000015
16933  -43.289  -76.116  1.536 0.1000000015
16971  -43.589  -76.111  0.636 0.1000000015
16991  -42.800  -76.978  -0.799 0.1000000015
17013  -41.581  -76.671  -2.022 0.1000000015
17785  -43.184  -75.061  21.423 0.1000000015
17822  -44.461  -75.660  19.897 0.2000000030
17833  -39.562  -74.786  18.177 0.1000000015
17856  -49.523  -76.009  17.121 0.2000000030
17890  -50.436  -74.686  14.737 0.5000000000
17943  -50.307  -75.021  13.908 0.5000000000
17983  -44.799  -76.332  10.740 0.2000000030
17996  -40.904  -75.492  9.323 0.1000000015
18007  -37.069  -75.647  8.984 0.1000000015
18022  -45.328  -75.935  7.339 0.4000000060
18024  -47.064  -75.114  7.142 0.4000000060
18064  -41.049  -75.293  4.128 0.1000000015
18099  -43.322  -75.491  2.083 0.1000000015
18123  -43.798  -75.614  1.301 0.1000000015
18954  -39.006  -74.626  21.046 0.1000000015
19067  -50.389  -74.176  14.380 0.5000000000
19159  -48.106  -73.852  7.429 0.5000000000
19175  -47.158  -74.111  7.095 0.4000000060
19176  -47.595  -73.881  7.167 0.5000000000
19217  -39.006  -74.282  5.651 0.1000000015
20014  -45.461  -73.670  23.638 0.1000000015
20054  -40.862  -72.878  21.641 0.3000000119
20087  -43.200  -74.391  19.743 0.3000000119
20152  -50.239  -73.687  14.527 0.3000000119
20178  -48.989  -74.111  11.696 0.5000000000
20188  -48.351  -74.030  11.033 0.3000000119
20232  -46.380  -73.045  8.403 0.4000000060
20234  -49.149  -72.948  8.942 0.3000000119
20256  -47.130  -73.222  7.585 0.5000000000
20258  -48.637  -72.814  7.972 0.5000000000
20282  -47.678  -73.491  7.244 0.5000000000
20323  -39.304  -73.904  5.592 0.1000000015
20343  -42.129  -73.273  4.304 0.1000000015
20363  -44.062  -73.289  3.074 0.1000000015
20364  -44.494  -73.087  2.627 0.1000000015
21299  -48.800  -72.861  14.841 0.3000000119
21380  -50.136  -71.829  10.569 0.5000000000
21399  -45.426  -72.819  9.485 0.4000000060
21402  -47.445  -72.187  8.395 0.5000000000
21404  -49.418  -72.053  9.130 0.5000000000
21457  -39.292  -72.553  6.231 0.1000000015
21491  -42.586  -72.508  4.206 0.1000000015
21532  -44.720  -72.534  2.204 0.1000000015
22444  -41.108  -71.787  18.051 0.3000000119
22487  -48.596  -71.216  14.375 0.5000000000
22525  -45.299  -71.324  12.017 0.4000000060
22527  -49.778  -71.212  12.645 0.5000000000
22541  -43.031  -72.010  12.045 0.3000000119
22547  -49.958  -71.034  11.014 0.5000000000
22548  -50.058  -71.330  11.327 0.5000000000
22573  -50.149  -71.556  10.869 0.5000000000
22589  -47.379  -72.024  8.821 0.5000000000
22606  -48.123  -71.996  8.119 0.5000000000
22670  -42.901  -71.818  3.934 0.1000000015
22709  -44.477  -71.522  2.545 0.1000000015
23627  -38.977  -70.446  22.117 0.2000000030
23679  -39.308  -70.076  19.019 0.3000000119
23759  -49.134  -70.886  13.686 0.5000000000
23798  -49.769  -70.713  12.168 0.5000000000
23799  -49.968  -70.987  11.644 0.5000000000
23833  -48.910  -70.672  10.421 0.5000000000
23834  -49.462  -70.756  10.616 0.5000000000
23835  -49.711  -70.868  10.780 0.5000000000
23955  -43.790  -71.324  3.082 0.1000000015
24866  -39.140  -68.832  22.160 0.2000000030
24923  -37.854  -68.617  20.203 0.2000000030
24985  -47.999  -68.753  15.823 0.5000000000
25046  -49.314  -69.798  12.883 0.6000000238
25073  -48.759  -70.022  11.328 0.5000000000
26149  -37.976  -67.608  21.268 0.2000000030
26170  -37.728  -67.986  20.720 0.2000000030
26263  -41.281  -68.074  15.292 0.1000000015
26264  -41.877  -67.745  15.356 0.1000000015
26287  -41.315  -67.732  15.192 0.1000000015
26413  -38.689  -67.815  5.843 0.1000000015
27384  -39.269  -67.035  21.656 0.1000000015
27432  -38.080  -67.435  18.957 0.3000000119
27483  -48.462  -67.874  14.777 0.6000000238
27498  -48.073  -67.245  14.241 0.5000000000
27499  -48.392  -67.724  14.411 0.6999999881
27513  -48.220  -67.559  13.918 0.6000000238
27593  -37.940  -67.186  7.160 0.1000000015
28573  -37.536  -66.618  19.606 0.2000000030
28605  -38.405  -66.333  18.275 0.3000000119
28606  -38.743  -66.488  18.088 0.3000000119
28725  -44.753  -66.369  9.519 0.1000000015
28739  -43.397  -66.438  9.363 0.1000000015
28752  -44.281  -66.425  8.648 0.1000000015
28754  -44.901  -66.533  8.629 0.1000000015
28769  -37.857  -66.456  7.384 0.1000000015
28770  -38.137  -66.490  6.887 0.1000000015
28784  -38.445  -66.497  6.375 0.1000000015
28808  -41.039  -65.718  2.942 0.1000000015
28822  -40.822  -66.976  1.738 0.1000000015
29858  -45.619  -65.659  9.387 0.1000000015
29868  -43.546  -66.172  8.964 0.1000000015
29870  -45.627  -66.078  8.905 0.1000000015
29885  -47.076  -66.041  7.212 0.1000000015
29899  -44.661  -66.012  7.905 0.1000000015
29900  -45.037  -66.123  7.678 0.1000000015
29917  -46.426  -65.857  6.602 0.1000000015
29948  -41.419  -65.431  2.563 0.1000000015
30755  -37.811  -64.769  20.859 0.1000000015
30776  -37.816  -64.127  20.679 0.1000000015
30990  -44.354  -65.590  8.197 0.1000000015
31011  -38.819  -64.443  6.985 0.1000000015
31013  -45.346  -65.459  7.352 0.1000000015
31044  -40.071  -64.357  4.941 0.1000000015
31055  -41.046  -64.318  3.997 0.1000000015
31872  -37.587  -63.874  20.284 0.1000000015
31874  -38.427  -62.949  20.757 0.1000000015
32104  -46.486  -64.442  6.558 0.1000000015
34166  -37.829  -62.357  17.752 0.3000000119
34203  -41.560  -61.350  15.058 0.1000000015
34374  -43.767  -61.668  2.221 0.1000000015
35337  -41.204  -60.278  14.771 0.1000000015
35369  -45.169  -60.263  12.369 0.1000000015
36515  -44.264  -59.463  12.944 0.1000000015
37637  -43.276  -58.816  13.469 0.1000000015
38748  -40.810  -57.395  17.147 0.1000000015
38804  -43.009  -57.485  13.767 0.1000000015
38833  -44.641  -57.997  12.718 0.1000000015
38946  -41.845  -57.307  5.284 0.1000000015
39948  -41.779  -56.948  15.247 0.1000000015
42372  -43.256  -54.539  3.736 0.1000000015
