#!ascii label  , from subject sub-MOT05 vox2ras=TkReg
341
77215  -29.814  -20.784  6.497 0.0000000000
79778  -27.920  -17.515  6.637 0.0000000000
90110  -26.105  -5.632  6.176 0.0000000000
87399  -28.563  -9.576  6.256 0.0000000000
84674  -31.239  -12.768  3.578 0.0000000000
80663  -34.180  -16.332  4.083 0.0000000000
92047  -25.383  -4.452  5.937 0.0000000000
85618  -30.161  -11.046  4.777 0.0000000000
83593  -27.672  -13.213  6.839 0.0000000000
78089  -29.255  -19.415  5.578 0.0000000000
79814  -30.615  -17.559  4.763 0.0000000000
78925  -31.986  -17.887  6.068 0.0000000000
72177  -26.781  -25.317  7.287 0.0000000000
76297  -28.026  -21.369  6.230 0.0000000000
96667  -24.154  0.361  4.600 0.0000000000
95740  -25.495  -0.323  4.479 0.0000000000
94794  -27.356  -1.568  4.938 0.0000000000
92990  -29.031  -3.251  4.373 0.0000000000
91090  -29.334  -5.007  4.570 0.0000000000
89211  -27.157  -7.726  6.426 0.0000000000
89239  -29.444  -7.581  2.718 0.0000000000
87453  -29.787  -9.287  1.639 0.0000000000
86557  -31.462  -10.633  1.782 0.0000000000
85639  -33.227  -12.202  3.368 0.0000000000
81548  -29.984  -15.488  5.840 0.0000000000
82566  -32.269  -14.898  2.879 0.0000000000
84640  -26.781  -12.145  6.357 0.0000000000
83608  -25.341  -13.209  5.910 0.0000000000
77242  -29.870  -20.017  5.927 0.0000000000
78923  -30.793  -18.703  5.503 0.0000000000
78062  -31.014  -19.390  6.858 0.0000000000
67074  -27.473  -30.205  8.903 0.0000000000
68105  -27.358  -29.372  8.620 0.0000000000
69162  -27.683  -28.154  8.680 0.0000000000
77230  -27.392  -20.391  6.601 0.0000000000
76287  -26.473  -21.292  6.783 0.0000000000
95729  -26.273  -1.107  5.211 0.0000000000
91081  -24.761  -5.444  5.715 0.0000000000
92048  -26.341  -4.108  6.008 0.0000000000
92033  -27.510  -4.867  6.317 0.0000000000
92984  -29.213  -3.869  4.474 0.0000000000
91070  -28.444  -5.537  6.158 0.0000000000
88295  -27.773  -8.799  6.462 0.0000000000
89213  -29.110  -7.519  5.343 0.0000000000
88297  -29.370  -8.474  4.730 0.0000000000
88341  -29.421  -8.534  1.598 0.0000000000
87416  -29.743  -9.465  4.268 0.0000000000
85605  -30.277  -11.768  5.047 0.0000000000
86524  -30.410  -10.850  3.670 0.0000000000
84707  -31.748  -11.942  2.259 0.0000000000
85652  -32.339  -11.835  2.316 0.0000000000
84708  -32.059  -12.504  2.109 0.0000000000
80628  -26.002  -16.369  6.958 0.0000000000
81533  -27.431  -15.056  7.151 0.0000000000
80630  -28.817  -16.541  6.358 0.0000000000
79816  -32.813  -16.972  4.446 0.0000000000
81564  -31.999  -15.694  3.805 0.0000000000
80662  -33.250  -16.356  3.738 0.0000000000
82577  -33.675  -14.533  2.843 0.0000000000
81567  -34.773  -15.599  3.941 0.0000000000
72159  -28.070  -25.598  7.969 0.0000000000
73166  -26.681  -24.219  6.925 0.0000000000
73168  -28.243  -24.207  7.371 0.0000000000
74218  -28.062  -23.202  6.642 0.0000000000
86493  -26.855  -10.657  6.451 0.0000000000
86507  -29.162  -10.360  5.914 0.0000000000
85603  -28.869  -11.072  6.256 0.0000000000
85588  -28.861  -11.732  6.397 0.0000000000
84656  -29.977  -12.519  5.675 0.0000000000
78909  -28.201  -18.503  6.236 0.0000000000
80643  -29.165  -17.134  5.755 0.0000000000
78931  -30.118  -18.413  4.835 0.0000000000
79798  -31.638  -17.811  5.213 0.0000000000
79799  -32.339  -17.475  5.417 0.0000000000
70247  -27.598  -26.949  8.264 0.0000000000
78908  -27.258  -18.431  6.605 0.0000000000
78078  -27.722  -19.341  6.460 0.0000000000
77240  -28.382  -20.448  6.080 0.0000000000
76299  -29.054  -21.332  5.995 0.0000000000
97556  -23.420  1.531  3.556 0.0000000000
94782  -24.757  -1.149  6.003 0.0000000000
95739  -24.755  0.158  4.283 0.0000000000
95756  -26.095  0.023  3.813 0.0000000000
95757  -27.375  -0.169  3.366 0.0000000000
95758  -28.448  -1.000  3.451 0.0000000000
92971  -25.870  -3.424  5.888 0.0000000000
93893  -27.856  -2.078  4.868 0.0000000000
94808  -28.789  -1.885  3.810 0.0000000000
93909  -29.241  -3.022  2.904 0.0000000000
92996  -29.263  -3.817  2.303 0.0000000000
92068  -29.180  -4.799  1.650 0.0000000000
90126  -26.666  -6.772  6.310 0.0000000000
90128  -28.667  -6.528  5.901 0.0000000000
90149  -29.525  -6.534  3.149 0.0000000000
91102  -29.044  -5.830  1.179 0.0000000000
90180  -29.293  -6.826  0.015 0.0000000000
88358  -31.472  -8.351  1.217 0.0000000000
86541  -30.198  -10.249  3.346 0.0000000000
86565  -30.863  -10.177  1.490 0.0000000000
82534  -26.877  -14.110  6.966 0.0000000000
82536  -28.962  -14.394  6.611 0.0000000000
83611  -31.110  -13.647  4.744 0.0000000000
80645  -30.620  -16.582  4.863 0.0000000000
82551  -31.275  -14.726  4.645 0.0000000000
83630  -31.763  -14.110  3.044 0.0000000000
83640  -33.150  -13.550  2.614 0.0000000000
83631  -33.963  -13.655  4.091 0.0000000000
75255  -27.675  -22.149  6.305 0.0000000000
75256  -28.510  -22.266  6.413 0.0000000000
75241  -29.382  -22.110  7.143 0.0000000000
77232  -29.663  -20.618  6.131 0.0000000000
77233  -30.050  -20.168  6.338 0.0000000000
77216  -30.253  -20.360  6.987 0.0000000000
67075  -27.984  -30.396  9.278 0.0000000000
68087  -27.794  -29.720  9.148 0.0000000000
91082  -25.641  -5.271  6.028 0.0000000000
92032  -26.689  -4.721  6.176 0.0000000000
91067  -26.223  -5.139  6.203 0.0000000000
91068  -26.811  -5.421  6.368 0.0000000000
88281  -27.147  -9.322  6.520 0.0000000000
88294  -26.500  -8.751  6.340 0.0000000000
88296  -28.810  -8.569  5.797 0.0000000000
88310  -29.639  -8.512  3.511 0.0000000000
87400  -29.270  -9.449  5.351 0.0000000000
84657  -30.682  -12.583  4.818 0.0000000000
85637  -30.926  -11.582  2.900 0.0000000000
84692  -31.500  -12.265  2.570 0.0000000000
84693  -31.706  -13.245  2.619 0.0000000000
80629  -27.418  -16.261  7.055 0.0000000000
79817  -33.528  -16.677  4.265 0.0000000000
80664  -35.030  -16.248  4.422 0.0000000000
80646  -34.819  -16.761  4.587 0.0000000000
72178  -27.639  -25.324  7.484 0.0000000000
86506  -25.971  -10.604  6.413 0.0000000000
86494  -27.665  -10.666  6.476 0.0000000000
85585  -26.387  -11.481  6.365 0.0000000000
83592  -26.800  -12.980  6.559 0.0000000000
84641  -27.478  -12.277  6.541 0.0000000000
84642  -28.332  -12.404  6.636 0.0000000000
84643  -29.217  -12.455  6.358 0.0000000000
83594  -28.640  -13.358  6.710 0.0000000000
78921  -28.923  -18.552  5.637 0.0000000000
78922  -29.597  -18.514  5.194 0.0000000000
78096  -29.863  -18.921  5.163 0.0000000000
78932  -30.662  -18.397  4.967 0.0000000000
78924  -31.481  -18.183  5.652 0.0000000000
79779  -32.460  -17.629  6.081 0.0000000000
79780  -33.170  -17.414  6.075 0.0000000000
78912  -32.461  -18.047  6.594 0.0000000000
67092  -26.936  -30.525  8.443 0.0000000000
66086  -27.142  -31.632  8.468 0.0000000000
69180  -27.648  -27.469  8.487 0.0000000000
70229  -28.069  -27.067  8.970 0.0000000000
77239  -27.825  -20.926  6.332 0.0000000000
76298  -28.593  -21.432  6.126 0.0000000000
96666  -23.918  0.963  4.889 0.0000000000
96674  -23.797  0.961  4.220 0.0000000000
94783  -25.256  -1.495  5.758 0.0000000000
95727  -24.796  -0.464  5.221 0.0000000000
95754  -24.713  0.387  3.802 0.0000000000
95755  -25.195  0.173  3.817 0.0000000000
96677  -25.550  0.466  3.212 0.0000000000
94793  -26.632  -1.363  5.183 0.0000000000
95741  -26.614  -0.714  4.636 0.0000000000
95742  -27.830  -0.919  4.321 0.0000000000
92973  -27.888  -3.418  5.742 0.0000000000
93878  -28.167  -2.967  5.276 0.0000000000
93894  -28.457  -2.549  4.694 0.0000000000
93908  -29.071  -2.779  3.783 0.0000000000
94809  -29.179  -2.389  3.157 0.0000000000
92058  -29.313  -4.544  4.083 0.0000000000
92991  -29.302  -3.702  3.561 0.0000000000
92063  -29.308  -4.688  2.966 0.0000000000
89210  -26.061  -7.586  5.929 0.0000000000
90113  -27.983  -6.110  6.392 0.0000000000
90127  -27.694  -6.824  6.442 0.0000000000
89225  -29.508  -7.359  4.074 0.0000000000
90139  -29.443  -6.384  4.113 0.0000000000
90162  -29.102  -6.722  1.947 0.0000000000
90172  -28.994  -6.816  0.836 0.0000000000
89253  -29.151  -7.791  1.540 0.0000000000
88357  -29.436  -8.431  1.036 0.0000000000
87467  -29.927  -8.839  0.776 0.0000000000
88372  -30.882  -8.440  0.489 0.0000000000
87478  -30.752  -9.006  0.634 0.0000000000
86508  -29.752  -10.334  5.026 0.0000000000
86523  -30.233  -10.434  3.915 0.0000000000
86556  -30.757  -10.707  2.146 0.0000000000
87455  -31.718  -9.561  1.786 0.0000000000
87456  -32.118  -9.851  2.398 0.0000000000
85638  -32.816  -11.723  2.854 0.0000000000
85621  -33.353  -12.282  4.008 0.0000000000
82548  -25.343  -14.374  6.055 0.0000000000
81534  -28.326  -15.338  6.797 0.0000000000
82535  -28.003  -14.245  6.993 0.0000000000
82537  -29.865  -14.489  6.136 0.0000000000
82550  -30.612  -14.593  5.429 0.0000000000
79797  -30.024  -17.283  4.967 0.0000000000
80644  -29.740  -16.561  5.497 0.0000000000
81563  -31.331  -15.692  4.492 0.0000000000
82565  -31.693  -14.851  3.757 0.0000000000
83639  -32.353  -13.963  2.453 0.0000000000
82576  -32.934  -14.654  2.498 0.0000000000
82568  -34.360  -14.591  3.651 0.0000000000
83641  -33.834  -13.842  3.228 0.0000000000
74184  -28.824  -23.524  7.615 0.0000000000
74201  -28.606  -23.045  7.039 0.0000000000
75257  -29.069  -22.112  6.569 0.0000000000
75224  -29.581  -22.487  7.803 0.0000000000
84655  -26.024  -12.470  6.227 0.0000000000
78090  -30.078  -19.358  5.378 0.0000000000
78079  -30.455  -19.365  6.111 0.0000000000
78080  -30.959  -18.989  6.339 0.0000000000
78892  -31.894  -18.732  7.009 0.0000000000
78063  -31.946  -19.387  7.522 0.0000000000
66068  -27.550  -30.991  8.895 0.0000000000
69178  -26.840  -27.797  7.641 0.0000000000
69136  -28.013  -28.949  9.252 0.0000000000
78077  -26.740  -19.364  6.756 0.0000000000
77229  -26.145  -20.300  7.055 0.0000000000
76288  -27.368  -21.397  6.439 0.0000000000
95722  -24.400  -0.542  6.173 0.0000000000
95728  -25.745  -0.902  5.205 0.0000000000
94784  -26.077  -1.660  5.553 0.0000000000
94785  -26.799  -1.910  5.376 0.0000000000
92031  -26.021  -4.714  6.125 0.0000000000
92049  -27.298  -4.117  6.106 0.0000000000
92983  -28.744  -3.507  5.178 0.0000000000
92050  -28.494  -4.470  6.032 0.0000000000
92057  -29.209  -4.453  5.004 0.0000000000
89212  -28.313  -7.658  6.252 0.0000000000
88323  -29.497  -8.581  2.314 0.0000000000
85619  -30.601  -11.440  3.990 0.0000000000
85650  -31.402  -11.441  2.281 0.0000000000
86558  -32.191  -10.728  2.382 0.0000000000
85651  -31.886  -11.529  2.119 0.0000000000
84709  -32.716  -12.575  2.380 0.0000000000
81532  -26.475  -15.285  7.166 0.0000000000
81535  -29.274  -15.409  6.372 0.0000000000
80660  -31.455  -16.594  4.502 0.0000000000
80661  -32.294  -16.517  3.965 0.0000000000
81565  -32.783  -15.657  3.227 0.0000000000
81574  -33.438  -15.011  2.711 0.0000000000
81566  -33.785  -15.483  3.210 0.0000000000
82569  -34.838  -15.027  4.468 0.0000000000
82553  -34.925  -14.889  5.353 0.0000000000
81550  -35.503  -15.825  4.881 0.0000000000
71238  -27.577  -26.249  7.860 0.0000000000
73167  -27.480  -24.457  7.061 0.0000000000
73183  -27.496  -23.720  6.750 0.0000000000
87380  -26.565  -9.805  6.466 0.0000000000
87398  -27.869  -9.529  6.522 0.0000000000
87382  -28.010  -10.032  6.565 0.0000000000
86495  -28.432  -10.514  6.402 0.0000000000
85586  -27.212  -11.449  6.403 0.0000000000
85587  -28.121  -11.438  6.503 0.0000000000
85604  -29.560  -11.399  5.709 0.0000000000
79795  -28.731  -17.671  5.957 0.0000000000
79796  -29.418  -17.686  5.340 0.0000000000
78097  -30.156  -18.802  5.000 0.0000000000
79815  -31.625  -17.480  4.725 0.0000000000
79800  -33.809  -17.008  4.989 0.0000000000
79801  -35.123  -17.309  5.127 0.0000000000
78893  -32.806  -18.685  7.242 0.0000000000
65149  -27.459  -32.503  8.428 0.0000000000
71237  -26.938  -26.271  7.475 0.0000000000
69179  -27.344  -27.677  8.075 0.0000000000
70246  -27.162  -27.053  7.710 0.0000000000
71221  -28.141  -26.202  8.404 0.0000000000
79777  -26.718  -17.407  6.820 0.0000000000
78088  -28.434  -19.381  6.004 0.0000000000
77231  -28.046  -19.906  6.327 0.0000000000
77241  -29.300  -20.561  5.822 0.0000000000
76290  -29.299  -21.443  6.338 0.0000000000
97548  -23.442  1.545  4.494 0.0000000000
94776  -24.214  -1.572  6.537 0.0000000000
96678  -26.397  0.358  3.062 0.0000000000
95767  -27.752  0.097  2.542 0.0000000000
95768  -28.468  -0.551  2.189 0.0000000000
93876  -26.406  -2.553  5.652 0.0000000000
92972  -26.874  -3.338  5.800 0.0000000000
93877  -27.483  -2.525  5.324 0.0000000000
94795  -28.161  -1.680  4.524 0.0000000000
94820  -28.994  -1.882  2.499 0.0000000000
93918  -29.084  -2.921  1.964 0.0000000000
90125  -25.572  -6.324  5.896 0.0000000000
90112  -27.198  -6.116  6.534 0.0000000000
91083  -29.228  -5.497  5.230 0.0000000000
90129  -29.345  -6.541  4.919 0.0000000000
91084  -29.378  -5.982  4.547 0.0000000000
91091  -29.363  -5.539  3.881 0.0000000000
91096  -29.281  -5.694  2.419 0.0000000000
89271  -29.810  -7.566  0.078 0.0000000000
89264  -31.033  -7.153  0.548 0.0000000000
89265  -31.329  -7.337  1.135 0.0000000000
87434  -29.959  -9.664  3.031 0.0000000000
86542  -30.364  -10.656  3.132 0.0000000000
87435  -30.223  -10.085  2.281 0.0000000000
87454  -30.378  -10.006  1.635 0.0000000000
87469  -31.172  -9.167  0.938 0.0000000000
86543  -32.525  -10.705  3.419 0.0000000000
83609  -26.060  -13.629  6.378 0.0000000000
83595  -29.559  -13.451  6.281 0.0000000000
83610  -30.376  -13.530  5.596 0.0000000000
80631  -29.500  -16.045  6.077 0.0000000000
81549  -30.633  -15.635  5.166 0.0000000000
83629  -31.582  -13.911  3.859 0.0000000000
84675  -31.532  -13.529  3.227 0.0000000000
83656  -32.516  -13.192  2.211 0.0000000000
84694  -33.178  -12.595  2.824 0.0000000000
84695  -33.511  -12.990  3.472 0.0000000000
75254  -26.704  -22.150  6.509 0.0000000000
75265  -28.269  -21.938  6.257 0.0000000000
76289  -28.876  -21.646  6.166 0.0000000000
76272  -29.764  -21.192  6.935 0.0000000000
73184  -27.994  -23.764  6.901 0.0000000000
75240  -28.922  -22.430  6.721 0.0000000000
75264  -28.163  -21.731  6.229 0.0000000000
78061  -30.407  -19.813  6.569 0.0000000000
78910  -31.000  -18.714  6.021 0.0000000000
78911  -31.507  -18.535  6.378 0.0000000000
78933  -31.248  -18.163  5.142 0.0000000000
79813  -29.884  -17.924  4.822 0.0000000000
81573  -33.159  -15.245  2.774 0.0000000000
82567  -32.772  -15.157  2.749 0.0000000000
82575  -32.510  -14.527  2.537 0.0000000000
83655  -32.131  -13.271  2.178 0.0000000000
86566  -31.205  -9.879  1.245 0.0000000000
87381  -27.375  -9.912  6.556 0.0000000000
87468  -30.532  -9.475  0.981 0.0000000000
87476  -30.042  -8.532  0.459 0.0000000000
87477  -30.392  -8.763  0.560 0.0000000000
88282  -27.544  -9.387  6.528 0.0000000000
88370  -29.720  -8.239  0.443 0.0000000000
89263  -29.319  -7.629  0.596 0.0000000000
89273  -31.168  -7.776  0.585 0.0000000000
90111  -26.443  -6.049  6.294 0.0000000000
91069  -27.685  -5.518  6.431 0.0000000000
92034  -28.079  -5.085  6.343 0.0000000000
94821  -29.181  -2.543  2.637 0.0000000000
95743  -28.406  -1.299  4.111 0.0000000000
