#!ascii label  , from subject sub-MOT05 vox2ras=TkReg
828
65149  -27.459  -32.503  8.428 0.4285714328
67092  -26.936  -30.525  8.443 0.2857142985
67074  -27.473  -30.205  8.903 0.4285714328
68087  -27.794  -29.720  9.148 0.4285714328
68105  -27.358  -29.372  8.620 0.2857142985
69136  -28.013  -28.949  9.252 0.4285714328
69179  -27.344  -27.677  8.075 0.4285714328
69180  -27.648  -27.469  8.487 0.4285714328
71237  -26.938  -26.271  7.475 0.4285714328
72159  -28.070  -25.598  7.969 0.4285714328
73166  -26.681  -24.219  6.925 0.5714285970
72178  -27.639  -25.324  7.484 0.5714285970
73168  -28.243  -24.207  7.371 0.2857142985
73183  -27.496  -23.720  6.750 0.7142857313
74201  -28.606  -23.045  7.039 0.7142857313
75224  -29.581  -22.487  7.803 0.4285714328
74218  -28.062  -23.202  6.642 0.7142857313
74184  -28.824  -23.524  7.615 0.5714285970
76272  -29.764  -21.192  6.935 0.5714285970
75256  -28.510  -22.266  6.413 0.5714285970
76290  -29.299  -21.443  6.338 0.5714285970
77215  -29.814  -20.784  6.497 0.5714285970
76289  -28.876  -21.646  6.166 0.5714285970
77216  -30.253  -20.360  6.987 0.4285714328
77242  -29.870  -20.017  5.927 0.5714285970
78080  -30.959  -18.989  6.339 0.5714285970
77241  -29.300  -20.561  5.822 0.7142857313
78079  -30.455  -19.365  6.111 0.7142857313
78923  -30.793  -18.703  5.503 0.7142857313
78925  -31.986  -17.887  6.068 0.5714285970
77230  -27.392  -20.391  6.601 0.5714285970
78090  -30.078  -19.358  5.378 0.8571428657
78924  -31.481  -18.183  5.652 0.7142857313
79779  -32.460  -17.629  6.081 0.5714285970
78089  -29.255  -19.415  5.578 0.7142857313
78088  -28.434  -19.381  6.004 0.5714285970
79815  -31.625  -17.480  4.725 0.7142857313
79799  -32.339  -17.475  5.417 0.5714285970
78097  -30.156  -18.802  5.000 0.7142857313
79798  -31.638  -17.811  5.213 0.7142857313
79816  -32.813  -16.972  4.446 0.5714285970
78932  -30.662  -18.397  4.967 0.7142857313
79817  -33.528  -16.677  4.265 0.5714285970
78931  -30.118  -18.413  4.835 0.5714285970
79814  -30.615  -17.559  4.763 0.7142857313
80660  -31.455  -16.594  4.502 0.7142857313
81565  -32.783  -15.657  3.227 0.7142857313
80662  -33.250  -16.356  3.738 0.7142857313
80645  -30.620  -16.582  4.863 0.7142857313
81564  -31.999  -15.694  3.805 0.7142857313
82566  -32.269  -14.898  2.879 0.7142857313
81563  -31.331  -15.692  4.492 0.7142857313
80643  -29.165  -17.134  5.755 0.5714285970
82576  -32.934  -14.654  2.498 0.5714285970
83640  -33.150  -13.550  2.614 0.5714285970
81549  -30.633  -15.635  5.166 0.8571428657
83639  -32.353  -13.963  2.453 0.7142857313
83630  -31.763  -14.110  3.044 0.7142857313
82551  -31.275  -14.726  4.645 0.8571428657
82565  -31.693  -14.851  3.757 0.7142857313
84692  -31.500  -12.265  2.570 0.8571428657
84708  -32.059  -12.504  2.109 0.5714285970
84675  -31.532  -13.529  3.227 0.8571428657
83611  -31.110  -13.647  4.744 0.8571428657
83629  -31.582  -13.911  3.859 0.8571428657
85619  -30.601  -11.440  3.990 0.8571428657
86524  -30.410  -10.850  3.670 0.8571428657
86541  -30.198  -10.249  3.346 0.8571428657
84674  -31.239  -12.768  3.578 0.8571428657
86508  -29.752  -10.334  5.026 1.0000000000
86523  -30.233  -10.434  3.915 1.0000000000
85605  -30.277  -11.768  5.047 0.8571428657
85618  -30.161  -11.046  4.777 1.0000000000
87400  -29.270  -9.449  5.351 1.0000000000
88295  -27.773  -8.799  6.462 0.7142857313
87416  -29.743  -9.465  4.268 1.0000000000
88297  -29.370  -8.474  4.730 1.0000000000
91070  -28.444  -5.537  6.158 1.0000000000
90112  -27.198  -6.116  6.534 0.8571428657
92033  -27.510  -4.867  6.317 0.8571428657
93893  -27.856  -2.078  4.868 0.8571428657
93878  -28.167  -2.967  5.276 0.8571428657
92973  -27.888  -3.418  5.742 1.0000000000
95741  -26.614  -0.714  4.636 0.8571428657
95742  -27.830  -0.919  4.321 0.8571428657
95756  -26.095  0.023  3.813 0.7142857313
94784  -26.077  -1.660  5.553 0.5714285970
95755  -25.195  0.173  3.817 0.7142857313
96677  -25.550  0.466  3.212 0.5714285970
95727  -24.796  -0.464  5.221 0.5714285970
94783  -25.256  -1.495  5.758 0.5714285970
96674  -23.797  0.961  4.220 0.4285714328
97556  -23.420  1.531  3.556 0.4285714328
97535  -23.942  1.094  5.732 0.2857142985
96643  -24.384  0.330  6.651 0.2857142985
96656  -24.082  0.550  5.559 0.2857142985
97515  -24.039  1.379  6.235 0.2857142985
77232  -29.663  -20.618  6.131 0.5714285970
83656  -32.516  -13.192  2.211 0.5714285970
84693  -31.706  -13.245  2.619 0.8571428657
84707  -31.748  -11.942  2.259 0.8571428657
85637  -30.926  -11.582  2.900 0.8571428657
86542  -30.364  -10.656  3.132 0.8571428657
89212  -28.313  -7.658  6.252 0.8571428657
97501  -25.391  1.694  7.848 0.1428571492
68104  -26.485  -29.449  8.240 0.2857142985
69161  -27.039  -28.526  7.985 0.2857142985
69162  -27.683  -28.154  8.680 0.4285714328
70229  -28.069  -27.067  8.970 0.4285714328
70245  -26.437  -27.179  7.577 0.2857142985
71238  -27.577  -26.249  7.860 0.4285714328
69178  -26.840  -27.797  7.641 0.4285714328
71221  -28.141  -26.202  8.404 0.4285714328
72177  -26.781  -25.317  7.287 0.5714285970
73167  -27.480  -24.457  7.061 0.5714285970
73182  -27.134  -23.551  6.642 0.2857142985
75257  -29.069  -22.112  6.569 0.4285714328
75265  -28.269  -21.938  6.257 0.5714285970
78063  -31.946  -19.387  7.522 0.4285714328
76298  -28.593  -21.432  6.126 0.7142857313
76299  -29.054  -21.332  5.995 0.7142857313
77233  -30.050  -20.168  6.338 0.7142857313
78062  -31.014  -19.390  6.858 0.5714285970
77231  -28.046  -19.906  6.327 0.5714285970
80663  -34.180  -16.332  4.083 0.5714285970
78921  -28.923  -18.552  5.637 0.5714285970
79800  -33.809  -17.008  4.989 0.5714285970
79796  -29.418  -17.686  5.340 0.8571428657
84657  -30.682  -12.583  4.818 1.0000000000
87434  -29.959  -9.664  3.031 1.0000000000
85603  -28.869  -11.072  6.256 1.0000000000
89211  -27.157  -7.726  6.426 0.7142857313
89213  -29.110  -7.519  5.343 1.0000000000
90113  -27.983  -6.110  6.392 0.7142857313
90129  -29.345  -6.541  4.919 1.0000000000
90126  -26.666  -6.772  6.310 0.7142857313
93877  -27.483  -2.525  5.324 0.8571428657
92983  -28.744  -3.507  5.178 1.0000000000
92050  -28.494  -4.470  6.032 1.0000000000
95729  -26.273  -1.107  5.211 0.7142857313
96667  -24.154  0.361  4.600 0.7142857313
95728  -25.745  -0.902  5.205 0.5714285970
95740  -25.495  -0.323  4.479 0.7142857313
95754  -24.713  0.387  3.802 0.7142857313
94782  -24.757  -1.149  6.003 0.4285714328
96655  -23.953  0.969  5.271 0.2857142985
96666  -23.918  0.963  4.889 0.4285714328
97548  -23.442  1.545  4.494 0.4285714328
75255  -27.675  -22.149  6.305 0.4285714328
66086  -27.142  -31.632  8.468 0.4285714328
66068  -27.550  -30.991  8.895 0.4285714328
67091  -26.041  -30.410  8.534 0.2857142985
67075  -27.984  -30.396  9.278 0.4285714328
70246  -27.162  -27.053  7.710 0.4285714328
70247  -27.598  -26.949  8.264 0.4285714328
78892  -31.894  -18.732  7.009 0.5714285970
77240  -28.382  -20.448  6.080 0.7142857313
77239  -27.825  -20.926  6.332 0.7142857313
78096  -29.863  -18.921  5.163 0.5714285970
80661  -32.294  -16.517  3.965 0.7142857313
78922  -29.597  -18.514  5.194 0.7142857313
79797  -30.024  -17.283  4.967 0.8571428657
80644  -29.740  -16.561  5.497 0.8571428657
87399  -28.563  -9.576  6.256 1.0000000000
94794  -27.356  -1.568  4.938 0.8571428657
94793  -26.632  -1.363  5.183 0.8571428657
95739  -24.755  0.158  4.283 0.5714285970
94776  -24.214  -1.572  6.537 0.4285714328
95722  -24.400  -0.542  6.173 0.4285714328
96631  -24.731  0.265  7.447 0.2857142985
96632  -25.227  0.717  8.115 0.1428571492
74217  -27.607  -23.029  6.500 0.2857142985
90127  -27.694  -6.824  6.442 1.0000000000
99292  -20.853  4.382  2.712 0.2857142985
100095  -20.625  4.813  4.504 0.1428571492
98407  -22.015  2.867  3.620 0.2857142985
99293  -21.423  3.780  2.153 0.2857142985
99240  -21.173  4.266  4.653 0.1428571492
100076  -20.573  5.305  5.527 0.1428571492
98389  -22.952  2.276  4.970 0.1428571492
98408  -22.816  2.253  4.032 0.2857142985
98367  -22.442  3.169  5.427 0.1428571492
98442  -22.193  3.290  1.722 0.2857142985
98424  -21.979  3.009  2.657 0.2857142985
122997  -25.866  2.120  0.578 0.2857142985
97577  -24.144  2.292  0.931 0.2857142985
100067  -21.259  5.018  6.197 0.1428571492
96687  -25.945  0.881  2.500 0.2857142985
98443  -22.627  2.642  2.254 0.2857142985
98425  -22.670  2.326  3.088 0.2857142985
96692  -28.339  0.115  1.203 0.1428571492
97569  -25.261  1.551  1.811 0.2857142985
97568  -24.225  1.596  2.253 0.2857142985
99241  -21.719  3.867  5.127 0.1428571492
95782  -28.446  -1.252  -0.456 0.1428571492
96698  -28.393  -0.258  0.049 0.1428571492
97571  -27.043  0.999  1.692 0.4285714328
96686  -25.032  1.055  2.756 0.2857142985
93917  -28.860  -2.441  1.466 0.2857142985
95767  -27.752  0.097  2.542 0.4285714328
96678  -26.397  0.358  3.062 0.2857142985
96675  -24.203  0.726  3.717 0.2857142985
93002  -28.933  -3.751  0.921 0.1428571492
94828  -28.812  -1.723  1.226 0.2857142985
95758  -28.448  -1.000  3.451 0.5714285970
95757  -27.375  -0.169  3.366 0.7142857313
92074  -29.020  -4.902  0.448 0.1428571492
94809  -29.179  -2.389  3.157 0.4285714328
91107  -28.930  -5.925  0.141 0.2857142985
92068  -29.180  -4.799  1.650 0.7142857313
94795  -28.161  -1.680  4.524 0.7142857313
92057  -29.209  -4.453  5.004 0.8571428657
92991  -29.302  -3.702  3.561 0.8571428657
93908  -29.071  -2.779  3.783 0.5714285970
90180  -29.293  -6.826  0.015 0.2857142985
92971  -25.870  -3.424  5.888 0.5714285970
92990  -29.031  -3.251  4.373 0.8571428657
90181  -30.053  -6.723  -0.127 0.1428571492
91096  -29.281  -5.694  2.419 0.7142857313
89272  -30.568  -7.509  0.216 0.1428571492
85585  -26.387  -11.481  6.365 0.5714285970
87382  -28.010  -10.032  6.565 0.8571428657
87398  -27.869  -9.529  6.522 0.8571428657
86493  -26.855  -10.657  6.451 0.4285714328
88281  -27.147  -9.322  6.520 0.5714285970
90128  -28.667  -6.528  5.901 0.8571428657
89239  -29.444  -7.581  2.718 0.8571428657
91083  -29.228  -5.497  5.230 0.8571428657
88371  -30.226  -8.216  0.246 0.2857142985
90149  -29.525  -6.534  3.149 0.8571428657
91091  -29.363  -5.539  3.881 0.8571428657
89265  -31.329  -7.337  1.135 0.4285714328
89253  -29.151  -7.791  1.540 0.7142857313
90162  -29.102  -6.722  1.947 0.7142857313
84654  -25.335  -12.268  5.821 0.2857142985
86507  -29.162  -10.360  5.914 0.8571428657
89225  -29.508  -7.359  4.074 0.8571428657
90139  -29.443  -6.384  4.113 0.8571428657
87467  -29.927  -8.839  0.776 0.4285714328
88341  -29.421  -8.534  1.598 0.8571428657
88358  -31.472  -8.351  1.217 0.4285714328
80629  -27.418  -16.261  7.055 0.7142857313
81532  -26.475  -15.285  7.166 0.4285714328
80630  -28.817  -16.541  6.358 0.7142857313
82536  -28.962  -14.394  6.611 0.8571428657
82535  -28.003  -14.245  6.993 0.5714285970
83592  -26.800  -12.980  6.559 0.5714285970
83608  -25.341  -13.209  5.910 0.4285714328
83595  -29.559  -13.451  6.281 0.8571428657
83593  -27.672  -13.213  6.839 0.5714285970
84640  -26.781  -12.145  6.357 0.5714285970
85588  -28.861  -11.732  6.397 0.7142857313
84641  -27.478  -12.277  6.541 0.5714285970
86556  -30.757  -10.707  2.146 0.7142857313
87435  -30.223  -10.085  2.281 0.7142857313
87453  -29.787  -9.287  1.639 0.7142857313
88323  -29.497  -8.581  2.314 0.8571428657
87456  -32.118  -9.851  2.398 0.2857142985
87455  -31.718  -9.561  1.786 0.4285714328
87469  -31.172  -9.167  0.938 0.5714285970
78909  -28.201  -18.503  6.236 0.4285714328
79778  -27.920  -17.515  6.637 0.4285714328
80628  -26.002  -16.369  6.958 0.4285714328
82550  -30.612  -14.593  5.429 0.7142857313
81548  -29.984  -15.488  5.840 0.7142857313
84656  -29.977  -12.519  5.675 0.8571428657
85650  -31.402  -11.441  2.281 0.7142857313
86558  -32.191  -10.728  2.382 0.2857142985
86557  -31.462  -10.633  1.782 0.5714285970
78908  -27.258  -18.431  6.605 0.5714285970
79795  -28.731  -17.671  5.957 0.5714285970
84709  -32.716  -12.575  2.380 0.4285714328
85652  -32.339  -11.835  2.316 0.4285714328
86543  -32.525  -10.705  3.419 0.4285714328
83641  -33.834  -13.842  3.228 0.4285714328
81574  -33.438  -15.011  2.711 0.4285714328
83631  -33.963  -13.655  4.091 0.4285714328
84694  -33.178  -12.595  2.824 0.4285714328
72160  -28.752  -25.208  8.395 0.1428571492
81567  -34.773  -15.599  3.941 0.4285714328
82568  -34.360  -14.591  3.651 0.4285714328
73146  -28.808  -24.218  8.006 0.1428571492
74185  -29.462  -23.257  8.111 0.1428571492
76274  -31.197  -20.915  8.324 0.2857142985
78914  -34.766  -18.384  6.521 0.2857142985
80632  -36.812  -16.946  5.491 0.2857142985
79782  -35.569  -17.996  5.779 0.2857142985
78893  -32.806  -18.685  7.242 0.4285714328
81551  -36.246  -16.556  5.091 0.2857142985
79801  -35.123  -17.309  5.127 0.2857142985
79781  -34.397  -17.577  5.931 0.2857142985
81550  -35.503  -15.825  4.881 0.2857142985
80664  -35.030  -16.248  4.422 0.4285714328
72161  -29.702  -25.195  8.910 0.1428571492
73147  -29.576  -24.245  8.517 0.1428571492
72179  -28.305  -24.934  7.808 0.1428571492
74186  -30.385  -23.348  8.553 0.2857142985
75225  -30.292  -22.249  8.266 0.2857142985
77219  -33.122  -20.508  7.787 0.2857142985
78065  -34.122  -19.740  7.410 0.2857142985
78894  -33.917  -18.877  7.161 0.2857142985
73148  -30.514  -24.307  8.841 0.1428571492
76261  -32.529  -22.309  8.359 0.2857142985
76260  -32.092  -22.021  8.508 0.2857142985
75226  -31.231  -22.588  8.598 0.2857142985
76275  -32.189  -21.134  8.391 0.2857142985
68088  -28.414  -29.682  9.479 0.2857142985
70230  -29.088  -27.003  9.507 0.1428571492
71222  -28.889  -26.100  8.997 0.1428571492
64180  -27.673  -33.440  8.416 0.2857142985
64179  -27.147  -32.986  8.395 0.2857142985
70204  -28.435  -27.974  9.435 0.2857142985
65150  -28.186  -32.645  8.538 0.1428571492
64165  -26.856  -33.447  8.904 0.2857142985
64166  -27.375  -33.990  8.833 0.1428571492
76276  -33.109  -21.708  7.952 0.2857142985
78895  -34.981  -19.101  7.009 0.2857142985
78064  -33.012  -19.549  7.583 0.2857142985
79780  -33.170  -17.414  6.075 0.4285714328
80647  -35.708  -16.767  4.796 0.2857142985
81536  -35.499  -15.502  5.962 0.2857142985
81533  -27.431  -15.056  7.151 0.7142857313
82569  -34.838  -15.027  4.468 0.4285714328
84642  -28.332  -12.404  6.636 0.5714285970
82577  -33.675  -14.533  2.843 0.4285714328
87436  -32.314  -9.883  3.016 0.2857142985
92049  -27.298  -4.117  6.106 0.7142857313
91090  -29.334  -5.007  4.570 0.8571428657
94785  -26.799  -1.910  5.376 0.5714285970
88342  -31.738  -8.477  2.235 0.2857142985
93894  -28.457  -2.549  4.694 0.8571428657
91102  -29.044  -5.830  1.179 0.5714285970
96685  -24.439  1.090  3.081 0.2857142985
93918  -29.084  -2.921  1.964 0.4285714328
94820  -28.994  -1.882  2.499 0.4285714328
100068  -21.868  4.727  6.372 0.1428571492
96691  -27.586  0.711  1.514 0.2857142985
98453  -23.022  2.776  1.369 0.2857142985
65133  -28.589  -32.046  9.111 0.1428571492
66085  -26.232  -31.518  8.713 0.2857142985
67076  -28.764  -30.488  9.540 0.1428571492
72162  -30.714  -25.249  9.121 0.1428571492
73149  -31.483  -24.400  8.807 0.1428571492
75242  -29.819  -22.004  7.795 0.2857142985
76259  -31.281  -21.725  8.461 0.2857142985
77218  -32.088  -20.177  8.107 0.2857142985
78066  -35.287  -19.743  7.234 0.2857142985
77217  -31.062  -20.188  7.688 0.2857142985
78915  -35.870  -18.805  6.475 0.2857142985
79794  -25.368  -16.536  6.492 0.2857142985
81537  -36.186  -16.265  5.691 0.2857142985
82539  -34.744  -14.738  6.442 0.2857142985
81534  -28.326  -15.338  6.797 0.7142857313
81535  -29.274  -15.409  6.372 0.5714285970
82548  -25.343  -14.374  6.055 0.4285714328
82553  -34.925  -14.889  5.353 0.4285714328
84655  -26.024  -12.470  6.227 0.5714285970
82552  -34.432  -14.258  4.723 0.2857142985
81566  -33.785  -15.483  3.210 0.4285714328
83594  -28.640  -13.358  6.710 0.7142857313
85602  -25.574  -11.497  6.157 0.2857142985
83612  -33.922  -13.426  5.142 0.1428571492
85621  -33.353  -12.282  4.008 0.4285714328
85639  -33.227  -12.202  3.368 0.4285714328
85606  -32.722  -11.180  5.127 0.1428571492
88310  -29.639  -8.512  3.511 0.8571428657
86525  -32.521  -10.528  4.485 0.1428571492
88343  -32.045  -9.201  2.647 0.2857142985
87478  -30.752  -9.006  0.634 0.5714285970
92058  -29.313  -4.544  4.083 0.8571428657
90163  -31.367  -6.601  1.798 0.2857142985
90174  -31.155  -6.530  0.917 0.1428571492
97534  -23.717  1.449  5.427 0.2857142985
89264  -31.033  -7.153  0.548 0.4285714328
91115  -30.310  -5.806  0.028 0.1428571492
92996  -29.263  -3.817  2.303 0.5714285970
91114  -29.572  -5.896  -0.288 0.1428571492
93008  -28.850  -3.954  -0.317 0.1428571492
99226  -22.120  3.995  5.734 0.1428571492
93909  -29.241  -3.022  2.904 0.5714285970
93001  -28.651  -3.204  0.625 0.1428571492
96688  -27.075  0.609  2.353 0.2857142985
95768  -28.468  -0.551  2.189 0.2857142985
94835  -28.486  -1.937  0.050 0.1428571492
97578  -27.065  1.329  1.063 0.2857142985
97584  -27.156  1.492  -0.026 0.2857142985
96705  -27.904  0.182  -0.886 0.1428571492
67077  -29.678  -30.535  9.592 0.1428571492
71223  -29.900  -26.127  9.313 0.1428571492
79783  -36.746  -18.186  5.819 0.2857142985
88325  -32.193  -9.045  3.523 0.2857142985
96706  -28.216  -0.707  -0.698 0.1428571492
97583  -26.427  2.209  -0.460 0.2857142985
66087  -27.842  -31.857  8.773 0.2857142985
66069  -28.256  -31.220  9.267 0.1428571492
69137  -28.863  -28.844  9.641 0.1428571492
74202  -29.153  -22.888  7.538 0.2857142985
75241  -29.382  -22.110  7.143 0.4285714328
76273  -30.252  -21.282  7.739 0.2857142985
78912  -32.461  -18.047  6.594 0.4285714328
80631  -29.500  -16.045  6.077 0.7142857313
83610  -30.376  -13.530  5.596 0.7142857313
86495  -28.432  -10.514  6.402 0.8571428657
85604  -29.560  -11.399  5.709 0.8571428657
88296  -28.810  -8.569  5.797 0.8571428657
93876  -26.406  -2.553  5.652 0.5714285970
96676  -24.823  0.611  3.406 0.2857142985
97557  -23.928  1.381  3.032 0.2857142985
85651  -31.886  -11.529  2.119 0.4285714328
76297  -28.026  -21.369  6.230 0.5714285970
85587  -28.121  -11.438  6.503 0.5714285970
91084  -29.378  -5.982  4.547 0.8571428657
92984  -29.213  -3.869  4.474 0.8571428657
82537  -29.865  -14.489  6.136 0.8571428657
99278  -21.258  3.609  3.203 0.2857142985
100106  -20.574  4.905  3.484 0.1428571492
99260  -21.001  4.217  3.879 0.2857142985
100077  -20.970  4.871  5.635 0.1428571492
99261  -21.473  3.537  4.191 0.2857142985
98388  -22.224  2.963  4.557 0.1428571492
100078  -21.678  4.379  5.711 0.1428571492
97570  -26.380  1.256  1.691 0.2857142985
97567  -23.335  1.996  2.457 0.2857142985
97576  -23.645  2.107  1.729 0.2857142985
96689  -27.964  0.331  2.050 0.2857142985
96697  -27.857  0.684  0.512 0.1428571492
95774  -28.742  -0.892  0.693 0.1428571492
93923  -28.596  -2.650  0.545 0.1428571492
93013  -28.369  -3.364  -0.771 0.1428571492
94808  -28.789  -1.885  3.810 0.5714285970
92063  -29.308  -4.688  2.966 0.7142857313
90172  -28.994  -6.816  0.836 0.5714285970
89271  -29.810  -7.566  0.078 0.4285714328
85586  -27.212  -11.449  6.403 0.5714285970
86494  -27.665  -10.666  6.476 0.5714285970
87380  -26.565  -9.805  6.466 0.4285714328
86506  -25.971  -10.604  6.413 0.4285714328
88357  -29.436  -8.431  1.036 0.4285714328
88372  -30.882  -8.440  0.489 0.5714285970
82534  -26.877  -14.110  6.966 0.4285714328
83609  -26.060  -13.629  6.378 0.5714285970
83628  -25.189  -13.842  5.121 0.2857142985
84643  -29.217  -12.455  6.358 0.8571428657
86565  -30.863  -10.177  1.490 0.5714285970
87454  -30.378  -10.006  1.635 0.7142857313
79777  -26.718  -17.407  6.820 0.5714285970
85638  -32.816  -11.723  2.854 0.4285714328
80646  -34.819  -16.761  4.587 0.4285714328
84695  -33.511  -12.990  3.472 0.4285714328
76258  -30.721  -21.518  8.279 0.2857142985
80648  -36.559  -17.089  5.000 0.2857142985
78913  -33.619  -18.030  6.734 0.2857142985
64181  -28.507  -33.371  8.401 0.1428571492
65151  -28.963  -32.757  8.830 0.1428571492
85620  -32.895  -11.533  3.993 0.2857142985
99227  -22.623  3.627  6.205 0.1428571492
99228  -23.397  3.072  6.507 0.1428571492
92047  -25.383  -4.452  5.937 0.5714285970
91082  -25.641  -5.271  6.028 0.4285714328
91081  -24.761  -5.444  5.715 0.4285714328
92031  -26.021  -4.714  6.125 0.5714285970
90110  -26.105  -5.632  6.176 0.4285714328
92032  -26.689  -4.721  6.176 0.5714285970
92048  -26.341  -4.108  6.008 0.4285714328
89210  -26.061  -7.586  5.929 0.4285714328
90125  -25.572  -6.324  5.896 0.4285714328
91068  -26.811  -5.421  6.368 0.5714285970
91067  -26.223  -5.139  6.203 0.5714285970
88294  -26.500  -8.751  6.340 0.5714285970
79763  -36.759  -17.445  7.318 0.1428571492
81524  -35.888  -16.100  6.452 0.1428571492
79803  -36.784  -17.545  5.225 0.1428571492
78866  -36.376  -18.593  8.898 0.1428571492
79753  -36.953  -18.066  7.526 0.1428571492
79740  -35.613  -17.544  9.315 0.1428571492
79752  -36.387  -17.649  8.209 0.1428571492
72176  -25.974  -25.214  7.389 0.2857142985
78067  -36.351  -19.539  7.163 0.1428571492
78051  -36.972  -19.902  7.838 0.1428571492
78916  -36.520  -18.893  6.524 0.1428571492
78867  -36.953  -19.141  8.228 0.1428571492
78020  -36.055  -19.763  10.149 0.1428571492
78807  -36.989  -18.556  12.492 0.1428571492
78824  -35.901  -18.891  11.262 0.1428571492
78806  -36.126  -18.493  11.831 0.1428571492
71235  -25.510  -25.786  7.616 0.2857142985
76277  -34.378  -21.646  7.421 0.1428571492
77221  -35.384  -20.676  7.499 0.1428571492
77220  -34.254  -20.677  7.522 0.1428571492
77205  -36.875  -20.888  8.192 0.1428571492
77222  -36.307  -20.780  7.611 0.1428571492
78038  -36.719  -19.885  8.956 0.1428571492
77138  -36.382  -20.690  11.545 0.1428571492
77139  -36.947  -20.674  12.285 0.1428571492
77971  -36.570  -19.615  12.082 0.1428571492
71236  -25.963  -26.295  7.547 0.2857142985
71220  -25.427  -26.847  7.841 0.2857142985
70228  -25.752  -27.240  7.730 0.2857142985
75228  -32.796  -22.750  8.268 0.1428571492
75243  -33.567  -22.612  7.648 0.1428571492
76278  -35.439  -21.704  7.454 0.1428571492
76238  -36.352  -21.638  9.946 0.1428571492
77973  -38.426  -19.541  12.579 0.1428571492
77972  -37.425  -19.594  12.524 0.1428571492
75227  -32.058  -22.775  8.621 0.1428571492
74189  -33.046  -23.556  8.102 0.1428571492
75244  -34.526  -22.556  7.243 0.1428571492
74203  -33.783  -23.493  7.442 0.1428571492
75229  -36.550  -22.669  8.109 0.1428571492
76279  -36.346  -21.907  7.713 0.1428571492
75214  -36.693  -22.468  9.127 0.1428571492
76198  -36.584  -21.782  11.854 0.1428571492
75198  -36.387  -22.650  10.188 0.1428571492
76199  -37.344  -21.721  12.490 0.1428571492
74187  -31.313  -23.487  8.739 0.1428571492
74204  -34.612  -23.389  7.022 0.1428571492
75245  -35.435  -22.635  7.339 0.1428571492
74190  -36.535  -23.485  8.424 0.1428571492
74206  -36.097  -23.502  7.643 0.1428571492
74174  -36.589  -23.533  9.404 0.1428571492
73186  -34.228  -24.582  6.249 0.1428571492
73169  -33.835  -24.447  6.988 0.1428571492
73171  -35.450  -24.268  7.024 0.1428571492
73170  -34.743  -24.065  6.729 0.1428571492
73172  -36.108  -24.290  7.787 0.1428571492
74161  -36.440  -23.689  10.393 0.1428571492
75246  -36.049  -22.834  7.547 0.1428571492
77140  -37.859  -20.594  12.659 0.1428571492
78037  -36.077  -19.130  9.616 0.1428571492
77994  -36.076  -19.622  11.236 0.1428571492
80619  -37.007  -17.501  5.942 0.1428571492
80609  -36.112  -16.841  7.619 0.1428571492
75177  -36.345  -22.816  11.215 0.1428571492
75154  -36.827  -23.026  12.190 0.1428571492
77141  -38.890  -20.489  12.632 0.1428571492
78809  -39.045  -18.510  12.365 0.1428571492
78808  -37.999  -18.556  12.587 0.1428571492
78823  -35.634  -18.338  11.013 0.1428571492
79684  -36.665  -17.489  12.362 0.1428571492
80617  -35.819  -16.314  7.099 0.1428571492
97590  -27.091  1.823  -1.212 0.1428571492
92972  -26.874  -3.338  5.800 0.4285714328
80618  -36.630  -16.848  6.534 0.1428571492
74188  -32.205  -23.569  8.555 0.1428571492
78081  -35.945  -19.327  6.844 0.1428571492
82538  -34.256  -14.100  5.794 0.1428571492
78897  -36.891  -18.741  6.640 0.1428571492
79764  -37.059  -17.966  6.686 0.1428571492
78881  -36.865  -18.452  8.054 0.1428571492
78882  -37.027  -18.862  7.398 0.1428571492
78847  -35.655  -18.370  9.908 0.1428571492
80597  -35.451  -16.776  8.620 0.1428571492
80576  -35.031  -16.239  9.982 0.1428571492
77993  -35.848  -19.120  10.822 0.1428571492
77158  -36.171  -20.703  10.597 0.1428571492
77197  -36.760  -20.956  8.891 0.1428571492
77183  -36.443  -20.745  9.620 0.1428571492
76250  -36.646  -21.509  9.219 0.1428571492
76262  -36.780  -21.742  8.514 0.1428571492
76217  -36.194  -21.725  10.946 0.1428571492
73151  -33.226  -24.464  7.894 0.1428571492
74205  -35.420  -23.443  7.218 0.1428571492
73152  -36.454  -24.370  8.640 0.1428571492
64151  -25.444  -33.700  10.078 0.1428571492
65121  -25.011  -33.131  10.149 0.1428571492
65131  -25.398  -32.634  9.594 0.1428571492
65132  -26.176  -32.610  9.011 0.1428571492
66067  -25.770  -32.062  9.100 0.1428571492
66084  -25.759  -30.961  8.832 0.1428571492
68086  -24.957  -29.873  8.944 0.1428571492
69159  -25.117  -28.509  8.523 0.1428571492
68103  -25.536  -29.466  8.505 0.1428571492
69160  -25.992  -28.261  7.888 0.1428571492
69135  -24.482  -28.592  8.966 0.1428571492
70227  -25.104  -27.462  8.287 0.1428571492
70226  -24.520  -26.941  8.469 0.1428571492
72175  -25.166  -25.249  7.644 0.1428571492
71219  -24.964  -26.319  7.979 0.1428571492
73165  -25.697  -24.349  7.267 0.1428571492
73164  -24.583  -24.315  7.689 0.2857142985
74216  -26.719  -23.128  6.624 0.2857142985
78077  -26.740  -19.364  6.756 0.4285714328
78078  -27.722  -19.341  6.460 0.4285714328
87397  -25.663  -9.608  6.120 0.2857142985
88293  -25.396  -8.542  5.688 0.2857142985
91080  -23.572  -5.599  5.464 0.2857142985
67073  -24.785  -30.564  9.371 0.1428571492
68102  -24.848  -29.221  8.801 0.1428571492
70202  -24.151  -27.585  8.907 0.1428571492
72158  -24.330  -25.429  8.064 0.1428571492
73145  -23.992  -24.846  8.141 0.1428571492
74198  -24.510  -23.213  7.554 0.2857142985
74199  -25.594  -23.259  7.087 0.2857142985
75239  -24.982  -22.349  7.210 0.2857142985
74215  -26.222  -22.693  6.730 0.2857142985
75254  -26.704  -22.150  6.509 0.2857142985
76288  -27.368  -21.397  6.439 0.4285714328
76287  -26.473  -21.292  6.783 0.4285714328
78076  -25.660  -19.308  7.012 0.2857142985
86505  -25.142  -10.548  5.943 0.2857142985
87396  -24.764  -9.497  5.300 0.2857142985
87395  -24.313  -8.939  4.875 0.2857142985
88308  -23.365  -8.558  4.406 0.2857142985
88292  -24.559  -8.389  5.011 0.2857142985
89209  -24.884  -7.459  5.437 0.2857142985
90124  -24.195  -6.459  5.280 0.2857142985
90123  -23.152  -6.158  4.095 0.2857142985
75253  -25.852  -22.174  6.830 0.2857142985
87415  -24.292  -9.967  5.062 0.2857142985
86520  -23.234  -9.825  4.983 0.2857142985
89238  -22.992  -8.191  3.669 0.2857142985
90138  -22.843  -6.882  3.316 0.2857142985
89208  -23.956  -7.462  4.394 0.2857142985
87466  -22.016  -9.215  2.992 0.2857142985
89261  -21.601  -8.235  2.557 0.2857142985
90148  -22.859  -7.575  3.024 0.2857142985
89207  -23.380  -7.055  3.760 0.2857142985
64164  -26.085  -33.510  9.461 0.1428571492
66066  -25.347  -31.465  9.223 0.1428571492
67090  -25.395  -30.462  8.879 0.1428571492
70203  -24.722  -28.036  8.690 0.1428571492
73163  -24.015  -23.782  7.736 0.2857142985
77229  -26.145  -20.300  7.055 0.4285714328
90170  -21.474  -7.773  2.391 0.2857142985
78907  -26.166  -18.389  6.724 0.2857142985
123021  -23.479  5.595  -1.264 0.1428571492
122999  -23.592  5.382  -1.516 0.1428571492
123010  -23.387  4.752  -1.294 0.1428571492
123000  -24.577  3.055  -0.234 0.1428571492
122996  -25.532  2.868  -0.686 0.1428571492
99295  -24.125  5.412  0.205 0.1428571492
99302  -21.835  4.255  1.129 0.1428571492
100938  -20.964  6.263  2.329 0.1428571492
79776  -25.536  -17.366  6.555 0.2857142985
98475  -24.552  4.240  -1.489 0.1428571492
98452  -22.491  3.553  0.966 0.1428571492
100127  -22.175  5.367  0.703 0.1428571492
100944  -21.433  6.007  1.243 0.1428571492
99301  -21.010  4.608  1.870 0.1428571492
100117  -20.622  5.408  2.548 0.1428571492
123020  -23.235  5.202  -1.389 0.1428571492
100119  -23.006  5.593  0.340 0.1428571492
99303  -22.990  3.921  -0.175 0.1428571492
99294  -23.417  5.303  1.414 0.1428571492
87432  -21.925  -9.793  3.750 0.1428571492
86555  -22.251  -9.117  4.443 0.1428571492
87452  -22.520  -8.898  4.274 0.1428571492
90147  -22.168  -6.865  2.562 0.1428571492
90144  -19.984  -7.060  3.176 0.1428571492
90136  -21.031  -5.991  3.239 0.1428571492
86521  -23.902  -10.440  4.875 0.1428571492
90146  -21.165  -6.394  2.423 0.1428571492
90121  -21.034  -6.000  4.128 0.1428571492
91078  -21.338  -5.651  5.005 0.1428571492
82549  -25.991  -14.547  6.718 0.2857142985
81546  -24.943  -15.286  5.921 0.1428571492
84691  -23.354  -11.814  4.520 0.1428571492
85617  -24.378  -11.481  4.954 0.1428571492
86540  -23.169  -10.573  4.812 0.1428571492
87450  -21.512  -9.235  3.148 0.1428571492
91079  -22.366  -5.697  5.129 0.1428571492
92044  -21.823  -5.211  5.890 0.2857142985
92045  -23.044  -4.704  6.087 0.2857142985
93859  -22.430  -2.547  6.366 0.2857142985
97514  -23.648  1.858  5.978 0.1428571492
95715  -24.743  -0.093  7.989 0.1428571492
92046  -24.281  -4.646  5.951 0.2857142985
92969  -24.007  -3.872  6.112 0.2857142985
93875  -25.367  -2.533  5.969 0.2857142985
93873  -23.878  -3.355  6.177 0.2857142985
93860  -23.612  -2.731  6.286 0.2857142985
93862  -25.147  -2.024  6.175 0.2857142985
94774  -22.103  -1.707  6.753 0.2857142985
98369  -23.684  2.235  6.320 0.1428571492
98353  -24.193  2.498  6.880 0.1428571492
93858  -21.398  -2.485  6.770 0.1428571492
91066  -21.005  -5.203  5.457 0.2857142985
94769  -23.602  -1.217  6.941 0.1428571492
95714  -24.230  -0.681  7.293 0.1428571492
95713  -23.503  -1.009  7.374 0.1428571492
90109  -20.245  -6.262  5.375 0.2857142985
94767  -21.882  -1.270  7.480 0.1428571492
95703  -24.225  -0.529  8.384 0.1428571492
94762  -22.380  -0.906  7.792 0.1428571492
90107  -18.876  -6.275  6.709 0.1428571492
89254  -31.558  -7.550  1.990 0.1428571492
87417  -32.378  -9.774  3.965 0.1428571492
84673  -24.805  -12.610  5.233 0.1428571492
85634  -22.022  -10.900  4.385 0.1428571492
89240  -31.725  -7.733  2.760 0.1428571492
86537  -20.747  -10.367  4.575 0.1428571492
87449  -20.551  -9.188  3.018 0.1428571492
88336  -19.940  -8.557  2.661 0.1428571492
89260  -21.046  -8.147  2.533 0.1428571492
90157  -19.949  -7.146  2.907 0.1428571492
90137  -22.080  -6.124  3.070 0.1428571492
90120  -20.740  -6.481  4.809 0.1428571492
90122  -21.774  -5.783  3.969 0.1428571492
91065  -20.535  -5.614  5.630 0.2857142985
92029  -22.191  -4.180  6.066 0.1428571492
92968  -23.360  -3.685  6.167 0.2857142985
92956  -21.696  -3.367  6.234 0.1428571492
92957  -22.690  -3.405  6.164 0.1428571492
94761  -21.678  -0.838  8.156 0.1428571492
94766  -21.117  -1.525  7.918 0.2857142985
95702  -23.159  -0.757  8.002 0.1428571492
88324  -31.916  -8.365  3.121 0.1428571492
94777  -24.886  -1.704  6.257 0.2857142985
97500  -24.763  1.286  7.215 0.1428571492
83627  -24.337  -13.551  4.747 0.1428571492
86522  -24.605  -10.579  5.256 0.1428571492
92970  -24.890  -3.663  5.939 0.2857142985
86539  -22.468  -9.792  4.670 0.1428571492
88338  -21.016  -8.891  2.827 0.1428571492
90169  -20.938  -7.610  2.382 0.1428571492
87431  -21.076  -9.738  3.771 0.1428571492
86538  -21.732  -10.245  4.113 0.1428571492
90158  -20.498  -7.173  2.542 0.1428571492
90145  -20.361  -6.663  3.024 0.1428571492
91077  -21.040  -6.006  4.831 0.1428571492
85636  -23.170  -11.203  4.528 0.1428571492
92030  -22.824  -3.995  6.129 0.2857142985
94775  -23.135  -1.793  6.587 0.2857142985
93874  -24.425  -3.093  6.130 0.2857142985
93861  -24.645  -2.322  6.291 0.2857142985
94768  -22.827  -1.156  7.204 0.2857142985
74197  -23.671  -23.223  7.847 0.1428571492
75238  -24.134  -22.360  7.514 0.1428571492
75236  -22.629  -21.755  8.142 0.1428571492
76269  -23.035  -21.213  7.809 0.1428571492
77213  -22.729  -20.470  7.560 0.1428571492
76270  -24.057  -21.266  7.452 0.1428571492
77214  -23.464  -20.387  7.389 0.1428571492
78060  -23.075  -19.856  7.203 0.1428571492
77228  -25.105  -20.168  7.190 0.1428571492
78075  -24.654  -19.301  7.127 0.1428571492
78074  -23.698  -19.408  7.085 0.1428571492
78906  -25.107  -18.393  6.857 0.1428571492
79793  -24.784  -16.762  6.354 0.1428571492
76271  -24.589  -21.806  7.288 0.1428571492
74183  -22.932  -23.359  8.306 0.1428571492
75223  -22.605  -22.828  8.382 0.1428571492
94773  -21.363  -1.835  7.286 0.1428571492
80642  -25.454  -16.102  6.599 0.1428571492
76286  -25.232  -21.254  7.118 0.1428571492
75237  -23.161  -22.277  8.046 0.1428571492
76268  -22.183  -21.255  8.080 0.1428571492
77227  -24.263  -20.192  7.265 0.1428571492
76285  -24.662  -20.709  7.274 0.1428571492
78073  -22.981  -19.230  6.911 0.1428571492
78059  -22.564  -19.763  7.315 0.1428571492
74182  -22.249  -23.354  8.640 0.1428571492
65148  -26.794  -32.459  8.519 0.2857142985
73184  -27.994  -23.764  6.901 0.7142857313
74200  -26.165  -23.764  6.915 0.1428571492
75240  -28.922  -22.430  6.721 0.4285714328
75264  -28.163  -21.731  6.229 0.5714285970
78019  -35.788  -18.957  10.306 0.1428571492
78061  -30.407  -19.813  6.569 0.7142857313
78082  -36.263  -19.147  6.718 0.1428571492
78896  -35.588  -19.239  6.899 0.1428571492
78910  -31.000  -18.714  6.021 0.7142857313
78911  -31.507  -18.535  6.378 0.5714285970
78933  -31.248  -18.163  5.142 0.7142857313
79802  -36.159  -17.525  5.186 0.2857142985
79813  -29.884  -17.924  4.822 0.8571428657
80633  -36.967  -17.499  5.469 0.2857142985
80649  -36.954  -17.257  5.175 0.2857142985
81573  -33.159  -15.245  2.774 0.4285714328
82567  -32.772  -15.157  2.749 0.7142857313
82575  -32.510  -14.527  2.537 0.5714285970
83655  -32.131  -13.271  2.178 0.8571428657
84690  -22.833  -11.635  4.541 0.1428571492
85601  -24.960  -11.506  5.578 0.2857142985
85616  -23.680  -11.308  4.640 0.1428571492
85635  -22.728  -10.877  4.564 0.1428571492
86554  -21.857  -9.370  4.389 0.1428571492
86566  -31.205  -9.879  1.245 0.5714285970
87381  -27.375  -9.912  6.556 0.8571428657
87413  -22.958  -9.060  4.807 0.2857142985
87414  -23.849  -9.351  4.828 0.2857142985
87433  -22.482  -8.880  4.534 0.1428571492
87451  -22.442  -9.286  3.661 0.1428571492
87465  -21.716  -8.953  2.844 0.2857142985
87468  -30.532  -9.475  0.981 0.7142857313
87476  -30.042  -8.532  0.459 0.4285714328
87477  -30.392  -8.763  0.560 0.4285714328
88282  -27.544  -9.387  6.528 0.5714285970
88309  -23.970  -8.480  4.554 0.2857142985
88322  -22.861  -8.560  4.196 0.2857142985
88337  -20.731  -8.536  2.677 0.1428571492
88339  -22.892  -8.852  3.122 0.2857142985
88340  -22.676  -8.618  3.911 0.2857142985
88354  -21.016  -8.408  2.638 0.2857142985
88355  -21.328  -8.641  2.722 0.2857142985
88356  -22.087  -8.760  2.770 0.2857142985
88370  -29.720  -8.239  0.443 0.4285714328
89223  -23.252  -7.824  3.799 0.2857142985
89224  -23.668  -8.119  4.164 0.2857142985
89250  -20.414  -7.932  2.462 0.1428571492
89251  -22.524  -8.272  2.696 0.2857142985
89252  -23.027  -8.226  3.174 0.2857142985
89262  -22.034  -8.180  2.509 0.2857142985
89263  -29.319  -7.629  0.596 0.7142857313
89273  -31.168  -7.776  0.585 0.4285714328
90111  -26.443  -6.049  6.294 0.5714285970
90159  -21.385  -7.188  2.197 0.1428571492
90160  -22.168  -7.674  2.435 0.2857142985
90161  -22.728  -7.902  2.739 0.2857142985
90171  -21.808  -7.951  2.405 0.2857142985
91069  -27.685  -5.518  6.431 0.8571428657
92034  -28.079  -5.085  6.343 1.0000000000
92043  -21.223  -5.309  5.671 0.2857142985
93007  -28.467  -3.341  0.037 0.1428571492
93924  -28.791  -3.006  1.098 0.1428571492
94821  -29.181  -2.543  2.637 0.4285714328
95743  -28.406  -1.299  4.111 0.7142857313
99277  -20.904  4.257  3.304 0.2857142985
100069  -22.593  4.262  6.541 0.1428571492
100094  -20.361  5.355  5.119 0.1428571492
100105  -20.140  5.532  4.213 0.1428571492
100120  -23.580  5.705  -0.868 0.1428571492
100901  -20.510  5.675  5.755 0.1428571492
100902  -20.788  5.345  5.991 0.1428571492
100939  -21.629  6.214  1.581 0.1428571492
100945  -21.838  6.172  0.995 0.1428571492
123012  -23.208  5.472  -1.032 0.1428571492
123019  -22.978  4.939  -1.064 0.1428571492
