#!ascii label  , from subject sub-MOT05 vox2ras=TkReg
2165
36959  7.938  -57.458  82.122 0.1111110002
36960  7.005  -57.329  82.003 0.1111110002
36961  6.118  -57.037  82.104 0.2222220004
36949  5.871  -57.438  82.833 0.4444440007
36956  11.002  -56.848  82.791 0.1111110002
36945  9.361  -57.266  83.229 0.1111110002
36958  8.966  -57.572  81.994 0.1111110002
38096  11.755  -56.529  82.212 0.1111110002
36957  10.112  -57.296  82.407 0.1111110002
38103  12.446  -55.936  81.767 0.2222220004
38104  11.710  -56.422  81.211 0.2222220004
36950  5.293  -57.443  82.485 0.4444440007
36962  5.345  -56.642  81.957 0.4444440007
36963  4.649  -56.652  81.988 0.4444440007
36964  3.938  -56.254  81.805 0.2222220004
35846  7.899  -57.448  81.588 0.1111110002
38110  12.273  -55.846  80.737 0.2222220004
36972  10.922  -56.957  81.564 0.2222220004
39209  12.948  -55.337  80.188 0.2222220004
38111  11.471  -56.319  80.248 0.2222220004
36993  11.188  -56.700  80.817 0.2222220004
36973  9.862  -57.424  81.275 0.2222220004
36977  6.369  -56.617  81.180 0.4444440007
39217  12.635  -55.291  78.803 0.2222220004
38097  4.906  -55.465  81.826 0.4444440007
36979  3.620  -55.957  81.367 0.2222220004
36999  3.333  -56.127  80.775 0.3333329856
37019  3.259  -56.197  79.837 0.2222220004
35845  8.246  -57.499  81.562 0.1111110002
36976  7.181  -57.137  81.026 0.4444440007
38119  12.115  -55.768  79.714 0.2222220004
38112  10.967  -56.441  79.647 0.2222220004
37016  9.725  -56.822  79.445 0.2222220004
36974  9.160  -57.541  81.147 0.2222220004
36998  6.806  -56.606  80.526 0.4444440007
39224  13.543  -54.362  77.682 0.2222220004
39225  12.800  -54.597  77.511 0.2222220004
38129  11.902  -55.765  78.969 0.2222220004
37036  10.494  -56.336  78.908 0.3333329856
37017  8.799  -56.878  79.369 0.3333329856
38106  5.383  -55.525  81.493 0.5555559993
40283  13.536  -54.059  77.136 0.2222220004
39236  11.919  -54.538  76.806 0.2222220004
39218  11.867  -55.612  78.482 0.2222220004
38145  10.444  -55.666  77.817 0.3333329856
38105  5.901  -55.597  81.024 0.5555559993
40295  12.347  -53.992  76.295 0.4444440007
38098  4.360  -55.333  81.787 0.4444440007
40307  13.535  -53.420  75.831 0.2222220004
37040  3.508  -56.183  78.817 0.1111110002
35871  8.055  -57.350  80.538 0.4444440007
38113  6.876  -56.343  80.081 0.5555559993
37037  10.046  -56.398  78.825 0.3333329856
37038  9.242  -56.422  78.716 0.3333329856
38122  7.054  -55.881  79.495 0.5555559993
38114  6.423  -55.752  80.259 0.5555559993
39226  11.493  -55.313  77.706 0.3333329856
38132  9.758  -55.990  78.198 0.3333329856
38133  8.697  -55.682  78.031 0.5555559993
38134  7.771  -55.793  78.634 0.5555559993
39191  5.684  -54.600  81.125 0.6666669846
39227  10.273  -55.048  77.192 0.3333329856
38146  9.559  -55.414  77.569 0.5555559993
39219  8.392  -54.893  77.637 0.6666669846
39179  4.822  -54.249  81.679 0.6666669846
38099  3.902  -55.179  81.554 0.5555559993
41404  14.450  -53.150  75.528 0.3333329856
41406  12.282  -53.084  74.939 0.4444440007
39178  5.246  -54.447  81.511 0.7777780294
39180  4.384  -54.168  81.587 0.5555559993
41425  13.740  -52.647  74.394 0.6666669846
41405  13.229  -53.039  75.117 0.3333329856
38115  3.284  -55.186  80.325 0.2222220004
38124  3.239  -55.225  79.378 0.2222220004
39220  7.842  -54.883  78.030 0.5555559993
39200  6.772  -54.262  79.306 0.5555559993
39190  6.078  -54.675  80.551 0.5555559993
40296  11.395  -54.059  76.078 0.5555559993
39238  9.889  -54.348  76.561 0.6666669846
39239  9.123  -54.100  76.690 0.6666669846
40223  5.683  -53.723  81.282 0.6666669846
40310  10.931  -53.440  75.455 0.5555559993
40311  10.095  -53.127  75.595 0.7777780294
40298  9.404  -53.386  76.155 0.8888890147
38107  3.586  -55.146  81.048 0.4444440007
41443  14.563  -52.066  73.630 0.6666669846
41426  12.642  -52.508  74.305 0.7777780294
41428  11.153  -52.350  74.624 0.7777780294
39212  3.280  -54.192  79.871 0.2222220004
41388  8.779  -52.705  76.526 0.8888890147
40285  7.985  -53.581  77.596 0.7777780294
40273  7.553  -53.063  78.384 0.8888890147
42532  10.099  -51.835  75.098 0.8888890147
41387  9.217  -52.288  75.978 0.8888890147
41369  8.348  -52.566  77.219 0.8888890147
41352  8.004  -52.516  77.946 0.8888890147
41445  13.183  -52.113  73.804 0.6666669846
42572  11.625  -51.184  73.919 0.7777780294
42551  10.677  -51.827  74.669 0.8888890147
42568  15.254  -51.442  72.960 0.6666669846
42570  13.309  -51.385  73.241 0.6666669846
43571  10.117  -50.449  75.998 0.8888890147
43572  9.828  -51.116  75.598 0.8888890147
43576  9.956  -51.407  75.307 0.8888890147
42533  9.649  -51.694  75.571 0.8888890147
42521  9.442  -51.235  76.277 0.8888890147
42512  9.358  -51.057  77.293 0.7777780294
43605  11.878  -50.694  73.715 0.7777780294
43586  10.857  -51.310  74.507 0.8888890147
41368  8.886  -51.858  76.860 0.8888890147
43602  15.881  -51.042  72.610 0.7777780294
42584  14.515  -51.018  72.608 0.7777780294
43600  17.469  -50.870  73.136 0.7777780294
43619  17.019  -50.490  72.302 0.7777780294
42520  9.827  -50.619  76.832 0.8888890147
43585  11.176  -50.679  74.336 0.8888890147
43574  10.866  -50.146  75.314 0.8888890147
43570  11.032  -49.801  76.358 0.7777780294
43567  10.380  -50.184  76.874 0.6666669846
43623  13.192  -50.348  72.840 0.7777780294
44665  12.508  -49.570  73.466 0.8888890147
43597  20.271  -50.662  73.141 0.5555559993
43598  19.307  -50.581  73.160 0.5555559993
43617  18.801  -50.321  72.407 0.7777780294
44676  17.286  -49.984  71.685 0.7777780294
44677  16.698  -50.154  71.802 0.7777780294
43621  15.173  -50.644  72.213 0.7777780294
43616  19.755  -50.246  72.447 0.6666669846
42595  25.397  -50.731  71.693 0.3333329856
42594  26.092  -50.925  71.332 0.4444440007
44649  12.003  -49.193  75.320 0.8888890147
43615  20.764  -50.312  72.363 0.4444440007
43596  21.355  -50.866  73.172 0.3333329856
43637  14.409  -49.590  72.025 0.7777780294
44679  13.232  -49.318  72.836 0.8888890147
45771  12.752  -48.850  73.766 0.8888890147
44655  12.498  -48.833  75.095 0.8888890147
44694  16.301  -49.547  71.280 0.7777780294
44695  15.255  -49.272  71.563 0.8888890147
44673  20.167  -49.855  71.741 0.7777780294
44674  19.223  -49.961  71.685 0.7777780294
44693  17.580  -49.227  70.759 0.7777780294
44691  19.652  -49.571  71.021 0.7777780294
42582  25.273  -50.949  72.416 0.3333329856
42583  24.581  -50.922  72.686 0.2222220004
42562  24.365  -51.322  73.356 0.3333329856
42606  26.258  -50.795  70.110 0.4444440007
43630  25.768  -50.626  70.680 0.4444440007
43595  22.548  -50.813  72.923 0.3333329856
43613  23.212  -50.392  72.069 0.4444440007
45735  13.388  -48.059  75.433 0.7777780294
44648  12.543  -48.796  75.755 0.7777780294
44645  11.888  -49.126  76.213 0.6666669846
43654  26.141  -50.502  69.267 0.5555559993
43614  21.955  -50.257  72.046 0.5555559993
44678  14.099  -49.012  72.212 0.8888890147
45785  13.709  -48.423  72.889 0.8888890147
45753  12.890  -48.541  74.551 0.7777780294
45736  12.876  -48.521  75.367 0.7777780294
43674  25.753  -50.019  68.454 0.5555559993
44672  21.084  -49.900  71.598 0.6666669846
43634  22.161  -49.913  71.431 0.6666669846
45798  15.562  -48.225  71.294 0.8888890147
44671  21.745  -49.854  71.389 0.6666669846
44709  18.436  -49.066  70.283 0.7777780294
45796  17.313  -48.475  70.314 0.8888890147
45797  16.623  -48.297  70.592 0.7777780294
44690  20.529  -49.523  71.045 0.7777780294
44708  19.224  -49.221  70.316 0.7777780294
43611  25.057  -50.666  71.850 0.3333329856
43612  24.391  -50.632  72.108 0.5555559993
43593  24.254  -50.905  72.770 0.4444440007
43643  25.536  -50.396  70.117 0.4444440007
43631  25.140  -50.447  71.148 0.5555559993
43632  23.946  -49.887  71.058 0.5555559993
45752  13.849  -47.720  74.656 0.7777780294
43655  25.128  -49.941  69.276 0.5555559993
43656  24.627  -49.763  69.709 0.5555559993
43633  22.757  -49.921  71.367 0.5555559993
45784  14.411  -47.888  72.619 0.8888890147
45769  14.019  -47.779  73.580 0.7777780294
44702  23.827  -49.362  69.770 0.5555559993
44687  23.056  -49.541  70.613 0.5555559993
45783  15.063  -47.719  72.048 0.8888890147
44744  26.141  -49.867  67.229 0.5555559993
44745  25.503  -49.657  67.586 0.6666669846
44746  24.724  -49.255  67.715 0.6666669846
44730  24.034  -48.968  68.557 0.6666669846
44717  23.578  -48.973  69.260 0.7777780294
44704  22.480  -49.115  70.058 0.7777780294
44705  21.652  -49.161  70.329 0.7777780294
46888  16.112  -47.130  70.956 0.8888890147
44763  26.591  -49.786  66.563 0.6666669846
44781  25.206  -49.162  66.172 0.6666669846
45857  23.864  -48.597  67.772 0.6666669846
45829  22.377  -48.570  69.301 0.7777780294
45811  21.204  -48.734  69.856 0.7777780294
45812  20.456  -48.749  69.871 0.7777780294
45813  19.666  -48.766  69.797 0.7777780294
45815  17.920  -48.325  69.888 0.7777780294
45896  30.867  -47.684  64.665 0.5555559993
45897  30.286  -47.757  64.371 0.5555559993
45898  29.382  -47.848  64.106 0.7777780294
44793  29.015  -48.603  64.712 0.6666669846
44794  28.091  -48.844  64.791 0.6666669846
44796  26.262  -49.002  65.061 0.6666669846
44780  25.828  -49.249  65.771 0.6666669846
45885  24.496  -48.630  66.009 0.6666669846
45900  27.403  -48.482  64.181 0.7777780294
45901  26.383  -48.557  64.362 0.6666669846
45902  25.205  -48.429  64.878 0.7777780294
46865  15.257  -46.431  74.150 0.8888890147
46877  14.652  -47.238  73.493 0.8888890147
46866  14.463  -47.158  74.328 0.7777780294
46889  15.584  -47.017  71.864 0.8888890147
46876  15.220  -46.981  72.885 0.8888890147
45844  23.406  -48.573  68.545 0.6666669846
46900  16.845  -47.187  70.299 0.8888890147
46982  31.539  -46.520  64.389 0.5555559993
46970  31.395  -47.296  64.749 0.5555559993
46931  22.184  -47.866  68.425 0.7777780294
46913  21.121  -48.049  69.027 0.7777780294
45832  20.123  -48.315  69.323 0.7777780294
46917  18.219  -47.378  69.360 0.8888890147
46983  30.818  -46.994  64.040 0.5555559993
46984  30.074  -47.325  63.771 0.8888890147
46985  29.615  -47.350  63.555 0.8888890147
45913  28.544  -47.743  63.561 0.8888890147
45884  25.161  -48.912  65.677 0.6666669846
45903  24.470  -48.113  65.256 0.7777780294
46960  23.239  -47.583  66.741 0.8888890147
46932  21.474  -47.665  68.517 0.8888890147
46933  20.492  -47.274  68.498 0.8888890147
46934  19.682  -46.998  68.507 0.8888890147
46916  18.997  -47.411  68.878 0.8888890147
47000  28.122  -47.430  62.928 0.8888890147
45914  27.724  -47.946  63.513 0.8888890147
45916  25.701  -47.953  63.942 0.8888890147
46986  24.891  -47.743  64.433 0.8888890147
46987  24.212  -47.365  64.728 0.8888890147
46988  23.497  -46.869  65.211 0.8888890147
47001  27.152  -47.413  62.941 0.8888890147
45915  26.707  -48.009  63.584 0.8888890147
47922  15.829  -46.174  73.539 0.8888890147
47936  16.461  -46.105  71.888 0.8888890147
47937  15.894  -46.383  72.645 0.8888890147
47949  17.488  -46.155  70.231 0.8888890147
47950  16.753  -46.375  70.868 0.8888890147
48050  31.615  -45.827  64.135 0.6666669846
48051  31.196  -46.094  63.733 0.6666669846
46961  22.600  -47.077  66.941 0.8888890147
46948  22.508  -47.612  67.745 0.8888890147
46935  19.114  -46.685  68.636 0.8888890147
47948  18.106  -45.968  69.637 0.8888890147
49186  31.458  -45.482  63.649 0.8888890147
48069  30.685  -46.279  63.273 0.8888890147
46998  29.841  -46.988  63.222 0.8888890147
46972  23.480  -47.317  65.736 0.8888890147
47991  22.083  -46.943  67.280 0.8888890147
47974  21.070  -46.843  68.082 0.7777780294
47975  20.309  -46.450  68.159 0.8888890147
49205  30.999  -45.383  62.878 0.8888890147
49206  30.546  -45.941  62.729 0.8888890147
48089  29.722  -46.285  62.299 0.8888890147
48091  28.256  -46.341  61.913 0.8888890147
47002  26.009  -47.114  63.153 0.7777780294
47003  24.992  -47.278  63.934 0.7777780294
47004  24.506  -46.900  64.122 0.8888890147
47017  27.652  -46.881  62.376 0.8888890147
47921  16.627  -45.793  73.199 0.7777780294
47905  16.431  -45.654  74.355 0.4444440007
47935  17.346  -45.642  71.330 0.7777780294
50255  33.042  -44.402  66.155 0.4444440007
49140  32.860  -45.103  65.779 0.5555559993
48026  32.555  -45.581  65.300 0.5555559993
49160  32.583  -44.848  65.275 0.5555559993
49117  19.437  -45.730  68.605 0.7777780294
49103  19.135  -45.342  69.123 0.7777780294
49104  18.484  -45.667  69.444 0.7777780294
50293  32.095  -44.279  64.307 0.7777780294
49204  31.551  -44.944  63.391 0.8888890147
48032  22.907  -46.412  65.681 0.8888890147
48011  22.220  -46.357  66.633 0.8888890147
49129  21.129  -45.639  67.502 0.7777780294
49116  20.204  -45.462  68.304 0.7777780294
47960  19.047  -45.959  68.666 0.7777780294
50311  31.767  -44.275  63.588 0.8888890147
50330  30.820  -44.444  62.294 0.8888890147
49238  29.858  -45.322  61.683 0.8888890147
49240  28.634  -45.569  61.506 0.7777780294
48092  27.252  -46.051  62.041 0.7777780294
48093  26.522  -46.081  62.611 0.7777780294
49209  25.693  -45.868  63.447 0.7777780294
48074  24.708  -46.682  63.912 0.7777780294
49193  23.551  -45.527  64.642 0.7777780294
49169  22.939  -45.679  65.178 0.7777780294
49170  22.535  -45.683  65.748 0.8888890147
47018  26.794  -46.687  62.611 0.8888890147
47019  26.277  -46.531  62.784 0.7777780294
47920  17.722  -45.174  72.733 0.5555559993
51351  33.664  -43.560  67.043 0.2222220004
50239  33.508  -44.462  66.752 0.3333329856
49074  18.311  -45.095  71.633 0.5555559993
51365  33.181  -43.618  66.462 0.2222220004
51375  32.816  -43.580  65.864 0.5555559993
50272  32.700  -44.289  65.552 0.5555559993
49088  18.442  -45.235  70.258 0.4444440007
50273  32.412  -44.250  64.954 0.6666669846
49102  20.159  -44.634  69.201 0.6666669846
49087  19.657  -44.598  70.229 0.7777780294
51384  32.170  -43.539  64.581 0.7777780294
51390  31.895  -43.484  63.865 0.8888890147
50245  21.768  -45.116  66.883 0.7777780294
49115  20.812  -45.184  67.880 0.6666669846
52443  31.136  -42.580  62.547 0.8888890147
51399  31.057  -43.540  62.325 0.8888890147
52455  29.873  -42.960  61.343 0.8888890147
51412  28.768  -43.926  61.338 0.7777780294
50355  27.623  -44.738  61.728 0.7777780294
49225  26.853  -45.578  62.469 0.7777780294
49208  26.414  -45.555  63.215 0.7777780294
49191  25.303  -45.461  63.963 0.7777780294
49192  24.289  -45.334  64.358 0.7777780294
50298  23.697  -44.929  64.738 0.7777780294
50278  22.693  -45.293  65.528 0.6666669846
47946  25.359  -45.138  70.817 0.3333329856
49068  24.389  -44.874  71.261 0.2222220004
47933  23.568  -44.636  72.159 0.1111110002
47916  22.290  -44.137  73.148 0.1111110002
47917  21.064  -44.170  73.341 0.1111110002
47918  19.948  -44.341  73.306 0.2222220004
46930  26.744  -45.800  69.120 0.1111110002
49098  25.964  -45.247  68.973 0.3333329856
49082  25.256  -44.941  70.231 0.3333329856
49083  24.496  -44.896  70.481 0.2222220004
49084  23.206  -44.660  70.311 0.2222220004
49070  22.754  -44.512  71.473 0.2222220004
49071  21.619  -44.239  71.350 0.1111110002
49056  20.177  -44.228  72.365 0.2222220004
49057  19.177  -44.635  72.404 0.2222220004
49058  18.513  -44.899  72.502 0.3333329856
52392  33.965  -42.552  67.190 0.2222220004
46946  27.182  -45.717  67.734 0.1111110002
47990  26.261  -45.713  67.759 0.2222220004
49099  25.272  -45.022  69.402 0.3333329856
49100  23.833  -44.711  69.153 0.2222220004
49085  22.105  -44.396  70.465 0.2222220004
49072  20.463  -44.233  71.323 0.2222220004
53375  34.136  -41.512  67.207 0.3333329856
52407  33.268  -42.653  66.609 0.4444440007
52419  32.918  -42.975  66.160 0.4444440007
48007  28.190  -46.071  66.329 0.1111110002
47989  26.934  -45.790  67.288 0.2222220004
48009  26.342  -45.760  66.773 0.2222220004
49126  25.493  -45.385  67.359 0.3333329856
49114  23.886  -44.517  67.876 0.2222220004
50218  23.100  -44.393  69.006 0.2222220004
50206  22.491  -44.442  69.750 0.2222220004
49086  20.908  -44.199  70.200 0.2222220004
49073  19.329  -44.628  71.369 0.3333329856
53405  32.986  -42.000  66.355 0.4444440007
52408  32.841  -42.355  66.160 0.5555559993
52429  32.115  -42.808  64.881 0.6666669846
50294  29.215  -44.207  64.108 0.5555559993
49187  29.336  -44.888  64.634 0.4444440007
49165  27.764  -45.664  64.780 0.4444440007
48031  27.221  -45.972  65.443 0.4444440007
49144  25.626  -45.363  66.057 0.4444440007
49145  24.652  -44.781  65.698 0.5555559993
49128  23.852  -44.458  67.249 0.4444440007
50230  23.135  -44.321  68.383 0.4444440007
50231  22.301  -44.300  67.971 0.3333329856
50220  21.552  -44.357  68.638 0.5555559993
53417  32.127  -41.913  65.535 0.6666669846
52436  31.922  -42.872  64.235 0.7777780294
51386  28.954  -43.367  63.691 0.7777780294
49189  27.450  -45.056  63.940 0.6666669846
49167  25.476  -45.295  64.895 0.6666669846
50257  23.846  -44.452  66.355 0.5555559993
50243  23.259  -44.300  67.219 0.5555559993
50244  22.276  -44.520  66.950 0.4444440007
50221  20.749  -44.669  68.481 0.5555559993
52421  31.998  -42.153  65.155 0.7777780294
52430  31.652  -42.033  64.429 0.8888890147
53453  29.938  -42.204  61.603 0.8888890147
52446  28.636  -42.704  62.237 0.7777780294
51401  28.151  -43.619  62.081 0.7777780294
50314  27.502  -44.588  63.101 0.7777780294
49207  26.898  -45.071  63.476 0.6666669846
49190  26.352  -45.373  64.051 0.6666669846
50276  23.824  -44.637  65.317 0.7777780294
53434  31.101  -41.515  63.675 0.8888890147
53444  30.350  -41.751  62.241 0.8888890147
52383  34.498  -42.192  67.561 0.1111110002
53388  33.269  -41.514  66.647 0.4444440007
53389  32.646  -40.985  66.329 0.5555559993
53406  32.409  -41.556  66.036 0.4444440007
53407  31.807  -40.935  65.855 0.5555559993
52432  28.854  -42.301  64.476 0.7777780294
53418  31.614  -41.289  65.272 0.7777780294
53426  31.033  -41.087  64.397 0.8888890147
53446  28.844  -41.972  62.160 0.7777780294
53428  28.334  -41.379  64.091 0.7777780294
54404  31.449  -40.347  65.614 0.8888890147
53435  30.331  -41.089  63.194 0.8888890147
53436  29.586  -41.142  62.747 0.8888890147
53437  28.734  -41.400  62.978 0.7777780294
54373  34.338  -40.905  67.362 0.2222220004
54389  34.224  -40.375  67.315 0.4444440007
52422  29.454  -42.345  65.762 0.3333329856
54390  33.713  -40.618  66.963 0.4444440007
52423  29.000  -41.912  65.459 0.5555559993
54391  32.891  -40.500  66.472 0.5555559993
53419  28.346  -41.359  65.185 0.6666669846
54403  32.105  -40.509  66.147 0.6666669846
54427  27.783  -40.238  64.388 0.6666669846
55441  31.713  -39.776  65.852 0.6666669846
54413  30.721  -40.218  64.829 0.8888890147
54414  30.093  -39.691  64.594 0.8888890147
54424  29.837  -40.189  63.991 0.8888890147
54425  28.738  -39.995  63.826 0.7777780294
55462  28.100  -39.411  64.454 1.0000000000
55450  31.153  -39.445  65.260 0.8888890147
55451  30.367  -39.254  64.769 1.0000000000
55461  28.951  -39.191  64.195 1.0000000000
52393  29.395  -42.410  67.737 0.2222220004
55404  35.365  -40.111  67.773 0.2222220004
53408  29.010  -41.745  66.565 0.3333329856
52394  29.341  -42.157  67.301 0.3333329856
53391  28.731  -41.482  67.355 0.4444440007
51367  29.783  -42.645  65.981 0.3333329856
53392  28.275  -41.000  66.792 0.4444440007
55425  33.793  -39.869  67.003 0.4444440007
54415  27.820  -40.442  64.777 0.6666669846
55439  33.362  -39.423  66.484 0.5555559993
55453  27.722  -39.858  64.688 0.6666669846
56577  28.447  -38.307  64.414 1.0000000000
55440  32.486  -39.573  66.180 0.7777780294
57702  28.489  -37.493  63.970 1.0000000000
55449  31.794  -39.182  65.619 1.0000000000
56557  30.838  -38.812  64.694 1.0000000000
55460  29.677  -39.135  64.430 1.0000000000
53367  29.042  -42.218  69.995 0.1111110002
52375  29.111  -42.525  69.398 0.2222220004
53368  28.802  -41.681  69.724 0.2222220004
52385  29.272  -42.609  68.530 0.2222220004
53376  28.728  -41.636  68.455 0.2222220004
54393  28.209  -40.283  67.321 0.4444440007
54405  28.016  -40.505  66.069 0.6666669846
55442  27.924  -39.321  66.669 0.6666669846
55423  35.640  -39.589  67.449 0.2222220004
56519  35.347  -39.186  66.913 0.3333329856
55452  27.749  -39.444  65.404 0.6666669846
56540  28.006  -38.357  66.117 0.6666669846
55424  34.681  -39.738  67.267 0.2222220004
56558  27.953  -38.324  65.112 0.7777780294
55438  34.020  -39.316  66.738 0.5555559993
57687  28.221  -37.314  64.785 1.0000000000
56538  33.830  -38.937  66.112 0.8888890147
56539  33.072  -38.933  65.999 0.8888890147
56555  32.487  -38.705  65.338 1.0000000000
56576  29.112  -38.233  63.913 1.0000000000
57701  28.841  -37.590  63.618 1.0000000000
56556  31.554  -38.757  64.936 1.0000000000
56574  31.162  -38.472  64.014 1.0000000000
56591  29.555  -37.884  63.358 1.0000000000
54374  28.615  -40.779  69.452 0.1111110002
54375  28.504  -40.213  68.849 0.3333329856
53377  28.530  -41.022  68.208 0.3333329856
56518  36.065  -38.971  66.984 0.2222220004
57674  28.348  -37.400  65.736 0.6666669846
56535  36.556  -38.621  66.268 0.2222220004
56536  35.720  -38.801  66.254 0.3333329856
56552  35.373  -38.635  65.455 0.6666669846
58788  28.421  -36.518  64.827 1.0000000000
56537  34.747  -38.955  66.372 0.7777780294
56553  34.456  -38.692  65.394 0.8888890147
56570  35.083  -38.509  64.573 1.0000000000
58802  28.460  -36.714  64.241 1.0000000000
56554  33.523  -38.663  65.313 1.0000000000
56571  34.158  -38.503  64.493 1.0000000000
56572  33.180  -38.419  64.403 1.0000000000
57716  28.978  -37.186  63.198 1.0000000000
56573  32.157  -38.372  64.244 1.0000000000
56590  30.549  -37.998  62.913 1.0000000000
57715  29.659  -37.490  62.726 1.0000000000
53359  28.989  -41.062  70.522 0.1111110002
54362  28.842  -40.327  70.307 0.2222220004
55387  28.875  -38.974  69.473 0.2222220004
56482  29.291  -38.295  69.054 0.1111110002
54363  28.719  -39.838  69.727 0.3333329856
56502  29.258  -38.093  68.332 0.2222220004
54376  28.452  -39.694  68.200 0.4444440007
55406  28.594  -38.834  68.256 0.2222220004
55427  28.269  -39.130  67.651 0.6666669846
56503  28.685  -38.428  67.849 0.5555559993
56520  29.060  -37.957  67.604 0.5555559993
57661  28.534  -37.683  66.473 0.5555559993
56551  36.250  -38.533  65.469 0.3333329856
58770  28.475  -36.718  65.314 0.7777780294
59746  28.832  -35.700  64.814 1.0000000000
56587  33.856  -38.322  63.561 0.8888890147
56602  32.436  -38.311  62.374 1.0000000000
56588  32.846  -38.327  63.367 1.0000000000
58813  28.829  -36.163  63.708 1.0000000000
59782  29.255  -35.424  63.899 1.0000000000
56589  31.749  -38.240  63.183 1.0000000000
56604  30.779  -38.009  62.322 1.0000000000
57714  30.088  -37.596  62.395 1.0000000000
58825  29.337  -36.333  62.774 1.0000000000
59798  29.386  -35.628  63.336 1.0000000000
57732  29.727  -37.054  62.054 1.0000000000
58824  29.724  -36.098  62.055 1.0000000000
59797  29.931  -35.382  62.738 1.0000000000
57647  29.664  -37.671  67.637 0.3333329856
57660  29.277  -37.416  66.947 0.4444440007
57673  28.888  -37.163  66.291 0.5555559993
58769  28.909  -36.510  65.912 0.7777780294
56568  36.798  -38.295  64.683 0.5555559993
58787  28.724  -36.004  65.223 1.0000000000
59745  29.259  -35.490  65.024 0.8888890147
59763  29.643  -35.199  64.475 0.8888890147
56569  35.948  -38.470  64.653 0.5555559993
56584  36.389  -38.286  64.049 0.5555559993
56585  35.694  -38.326  63.746 0.6666669846
56586  34.761  -38.347  63.731 0.6666669846
56601  33.620  -38.296  62.424 0.8888890147
56603  31.303  -38.160  62.127 1.0000000000
57730  30.981  -37.986  61.608 1.0000000000
57747  30.317  -37.228  61.332 1.0000000000
58834  30.104  -36.438  61.407 1.0000000000
57659  30.263  -37.198  67.273 0.4444440007
58751  29.380  -36.810  66.386 0.4444440007
58750  30.050  -36.710  66.650 0.4444440007
58768  29.742  -36.247  66.144 0.4444440007
58785  30.117  -35.834  65.804 0.6666669846
59744  30.214  -35.367  65.286 0.8888890147
57711  38.206  -37.218  63.301 0.2222220004
57712  37.055  -37.898  63.715 0.3333329856
57713  36.308  -38.131  63.544 0.5555559993
56599  35.187  -38.153  63.106 0.6666669846
57726  37.201  -37.215  62.406 0.3333329856
57727  36.002  -37.865  62.718 0.4444440007
57728  34.919  -37.957  62.430 0.7777780294
57729  34.347  -38.128  62.395 0.7777780294
56615  32.905  -38.356  61.638 1.0000000000
59781  29.858  -35.116  63.705 1.0000000000
58832  37.437  -36.525  61.687 0.3333329856
57741  36.892  -36.842  61.758 0.3333329856
57743  35.175  -37.704  61.560 0.7777780294
56614  33.607  -38.264  61.371 1.0000000000
57745  31.417  -37.997  61.247 1.0000000000
57746  30.811  -37.685  61.223 1.0000000000
57742  36.254  -37.099  61.423 0.4444440007
57758  34.146  -37.934  60.655 0.8888890147
57760  32.197  -38.018  60.698 1.0000000000
57776  31.848  -37.618  60.160 1.0000000000
58845  30.544  -36.834  60.782 1.0000000000
59822  30.581  -35.920  60.882 1.0000000000
59796  30.917  -34.923  62.458 0.8888890147
58842  36.583  -36.330  60.581 0.3333329856
58833  36.773  -36.671  61.383 0.5555559993
57756  35.978  -36.795  60.685 0.5555559993
57757  35.292  -37.143  60.405 1.0000000000
57759  33.110  -38.053  60.393 1.0000000000
57775  32.420  -37.664  59.861 1.0000000000
58844  31.013  -36.504  60.184 1.0000000000
59809  31.147  -35.122  61.446 1.0000000000
58843  35.831  -36.656  60.287 1.0000000000
57772  34.917  -36.944  59.646 0.8888890147
58857  33.592  -37.056  59.029 1.0000000000
59835  31.598  -36.160  59.540 1.0000000000
59821  31.208  -35.436  60.360 1.0000000000
58854  36.277  -35.970  59.777 0.8888890147
58855  35.494  -36.371  59.456 0.8888890147
58858  32.489  -36.909  59.031 1.0000000000
59834  32.102  -35.830  59.021 1.0000000000
59820  31.806  -35.097  59.763 1.0000000000
58767  30.618  -36.093  66.161 0.4444440007
59730  30.510  -35.707  65.745 0.5555559993
59762  30.511  -34.923  64.405 0.7777780294
59805  39.483  -35.473  61.375 0.2222220004
58831  38.562  -35.970  61.563 0.2222220004
58822  38.276  -36.645  62.403 0.2222220004
57725  37.866  -37.022  62.577 0.2222220004
59780  30.720  -34.850  63.454 0.8888890147
59806  38.795  -35.504  61.046 0.3333329856
58823  37.700  -36.862  62.268 0.2222220004
59817  38.816  -34.985  60.389 0.2222220004
59831  37.886  -34.814  59.651 0.3333329856
58840  38.315  -35.549  60.864 0.3333329856
58841  37.628  -35.888  60.941 0.3333329856
59808  32.110  -34.556  61.116 1.0000000000
59795  31.990  -34.686  62.306 0.8888890147
59818  37.780  -35.390  60.363 0.4444440007
59819  37.213  -35.759  60.428 0.4444440007
59846  37.149  -34.828  59.114 0.6666669846
59832  36.924  -35.489  59.768 0.7777780294
59833  36.136  -35.703  59.281 1.0000000000
58874  34.529  -36.236  58.602 1.0000000000
59851  32.837  -35.998  58.593 1.0000000000
59848  35.539  -35.507  58.511 1.0000000000
59849  34.710  -35.728  58.172 1.0000000000
59850  33.582  -35.642  58.088 1.0000000000
60824  32.794  -35.302  58.435 1.0000000000
60810  32.349  -34.977  59.072 1.0000000000
59742  32.152  -35.280  64.851 0.5555559993
59743  31.227  -35.097  65.070 0.7777780294
59816  39.919  -34.903  60.652 0.2222220004
59779  31.757  -34.918  63.270 0.7777780294
59830  38.556  -34.650  59.691 0.3333329856
59807  32.894  -34.252  61.537 0.8888890147
60808  38.432  -34.490  59.198 0.4444440007
59847  36.434  -35.140  58.892 0.8888890147
60809  32.544  -33.951  59.760 1.0000000000
60798  32.356  -34.325  60.231 1.0000000000
60786  32.741  -34.101  61.067 1.0000000000
60820  37.810  -34.428  58.664 0.6666669846
59865  34.979  -35.327  57.968 1.0000000000
60823  32.595  -34.475  58.359 1.0000000000
60822  36.131  -34.908  58.139 1.0000000000
60836  35.282  -34.842  57.503 1.0000000000
59866  34.360  -35.250  57.659 1.0000000000
59867  33.472  -34.910  57.586 1.0000000000
58800  32.958  -35.506  64.669 0.5555559993
59760  32.484  -35.174  64.048 0.7777780294
59815  40.500  -34.749  60.656 0.1111110002
60795  40.341  -34.560  60.168 0.2222220004
59778  32.860  -35.094  63.177 0.7777780294
60807  39.142  -34.481  59.437 0.2222220004
59794  33.260  -34.522  62.297 0.7777780294
60797  32.913  -33.766  60.778 0.7777780294
60785  33.453  -33.903  61.632 0.6666669846
61921  32.608  -33.272  59.488 1.0000000000
60834  37.415  -34.197  57.788 0.5555559993
60821  36.885  -34.614  58.360 0.7777780294
60838  33.088  -34.063  57.336 1.0000000000
60835  36.476  -34.393  57.431 0.8888890147
60850  35.741  -34.244  56.794 0.8888890147
60837  34.092  -34.679  57.059 1.0000000000
59759  33.502  -35.451  64.073 0.5555559993
59777  34.071  -35.019  63.392 0.3333329856
60794  41.018  -34.505  60.537 0.1111110002
60771  34.080  -34.103  62.362 0.3333329856
60806  40.049  -34.372  59.470 0.2222220004
61884  33.909  -33.351  61.545 0.4444440007
60784  34.402  -33.749  62.104 0.3333329856
60819  38.812  -34.193  58.496 0.3333329856
62988  32.996  -32.748  60.100 0.7777780294
61904  33.217  -33.195  60.632 0.5555559993
60833  38.183  -34.087  57.925 0.3333329856
61941  32.534  -33.223  58.313 1.0000000000
60851  34.802  -34.221  56.610 1.0000000000
60852  33.763  -33.957  56.583 1.0000000000
60804  41.435  -34.027  60.185 0.1111110002
60805  40.891  -34.160  59.675 0.1111110002
60755  36.268  -34.562  62.932 0.2222220004
60769  35.579  -34.102  62.736 0.3333329856
59792  35.091  -34.343  63.013 0.3333329856
59793  34.460  -34.449  62.921 0.3333329856
61862  35.834  -33.480  62.315 0.3333329856
61863  35.365  -33.674  62.372 0.3333329856
60783  35.052  -33.760  62.387 0.3333329856
60818  39.720  -34.189  58.718 0.3333329856
62987  33.612  -32.466  60.461 0.5555559993
61903  34.224  -32.791  61.204 0.4444440007
61958  37.969  -33.803  57.214 0.5555559993
61959  37.193  -33.910  57.091 0.7777780294
61976  35.502  -33.803  56.068 0.8888890147
61960  32.786  -33.113  57.253 0.8888890147
63003  32.947  -32.222  59.495 0.7777780294
61995  34.558  -32.867  55.420 0.8888890147
63056  33.891  -32.749  55.670 1.0000000000
63035  32.788  -32.255  56.874 1.0000000000
63018  32.691  -32.185  58.084 0.8888890147
61902  35.244  -32.632  61.319 0.4444440007
63002  33.891  -31.823  60.189 0.5555559993
62986  34.608  -32.239  60.778 0.4444440007
36978  5.762  -56.318  81.548 0.4444440007
35859  7.836  -57.411  81.076 0.3333329856
38120  11.449  -56.073  79.358 0.2222220004
36994  10.516  -56.913  80.303 0.2222220004
35858  8.572  -57.523  81.008 0.2222220004
37015  10.449  -56.554  79.346 0.2222220004
36995  9.207  -57.366  80.320 0.2222220004
35861  3.669  -57.028  81.297 0.2222220004
35877  3.579  -57.155  79.219 0.2222220004
35860  7.529  -57.209  80.732 0.5555559993
38121  10.896  -56.269  79.027 0.2222220004
36996  8.299  -57.194  79.980 0.3333329856
40284  12.863  -54.131  76.842 0.2222220004
38131  10.569  -56.071  78.475 0.3333329856
37018  7.898  -56.631  79.306 0.5555559993
37039  8.454  -56.356  78.744 0.4444440007
40294  13.178  -53.772  76.380 0.2222220004
38130  11.327  -55.882  78.566 0.2222220004
38144  10.972  -55.774  78.112 0.3333329856
40308  12.737  -53.489  75.669 0.4444440007
40309  11.852  -53.584  75.497 0.4444440007
40293  14.080  -53.645  76.466 0.2222220004
39202  3.530  -54.124  80.708 0.4444440007
37059  3.890  -56.070  77.779 0.1111110002
36997  7.447  -56.917  80.215 0.5555559993
39237  10.898  -54.605  76.659 0.3333329856
39210  7.173  -54.819  78.794 0.5555559993
39229  8.583  -54.345  77.206 0.6666669846
39228  9.369  -54.737  77.080 0.6666669846
38147  8.890  -55.050  77.449 0.5555559993
39230  8.100  -54.397  77.638 0.5555559993
39192  3.901  -54.110  81.329 0.5555559993
41407  11.412  -52.980  74.938 0.5555559993
38135  3.523  -55.243  78.414 0.1111110002
41444  14.007  -52.111  73.691 0.6666669846
41424  14.938  -52.466  74.243 0.5555559993
39211  6.766  -54.998  79.407 0.5555559993
38123  6.632  -55.329  79.735 0.5555559993
39201  6.436  -54.591  79.855 0.5555559993
40274  7.486  -54.047  78.195 0.6666669846
40258  7.058  -53.663  78.877 0.6666669846
40240  6.326  -53.848  80.284 0.7777780294
40297  10.421  -53.867  76.041 0.7777780294
40299  8.618  -53.468  76.822 0.7777780294
40286  7.822  -54.236  77.840 0.7777780294
40222  6.107  -53.647  80.847 0.7777780294
40208  5.056  -52.933  81.733 0.4444440007
40312  9.601  -52.821  75.756 0.8888890147
41409  9.827  -52.411  75.455 0.8888890147
42548  14.963  -51.956  73.508 0.6666669846
42569  14.336  -51.621  73.146 0.6666669846
42549  12.035  -52.091  74.170 0.7777780294
41427  11.810  -52.488  74.489 0.6666669846
41408  10.560  -52.606  75.048 0.7777780294
43575  10.334  -51.038  75.007 0.8888890147
41351  8.718  -51.562  78.000 0.8888890147
42571  12.309  -51.573  73.765 0.7777780294
42550  11.426  -51.707  74.256 0.7777780294
42585  13.774  -50.949  72.776 0.7777780294
43604  12.610  -50.604  73.272 0.7777780294
44666  12.150  -50.187  73.546 0.8888890147
43620  16.177  -50.474  72.037 0.7777780294
43622  14.078  -50.153  72.257 0.7777780294
42586  13.345  -50.885  72.967 0.7777780294
43618  17.872  -50.397  72.383 0.7777780294
44650  11.516  -49.746  74.794 0.8888890147
44657  11.773  -49.938  73.950 0.8888890147
44646  11.456  -49.593  75.607 0.8888890147
43569  11.451  -49.287  76.924 0.6666669846
44680  12.876  -49.828  72.986 0.7777780294
44664  12.897  -49.016  73.375 0.8888890147
43635  15.530  -50.020  71.697 0.8888890147
43636  14.830  -49.862  71.862 0.8888890147
44675  18.244  -49.966  71.620 0.7777780294
45754  12.501  -48.969  74.015 0.8888890147
44656  12.194  -49.214  74.433 0.8888890147
45770  13.244  -48.433  73.613 0.8888890147
44696  14.656  -49.272  71.847 0.8888890147
44692  18.717  -49.593  70.903 0.7777780294
44707  20.062  -49.156  70.428 0.7777780294
43594  23.651  -50.852  72.842 0.3333329856
43673  26.450  -50.424  68.376 0.5555559993
44728  25.077  -49.641  68.382 0.6666669846
44688  22.172  -49.592  70.881 0.7777780294
45799  14.791  -48.558  71.853 0.8888890147
44689  21.343  -49.530  70.959 0.6666669846
44706  20.874  -49.099  70.456 0.7777780294
45814  18.842  -48.680  69.753 0.7777780294
43644  24.789  -49.985  70.243 0.5555559993
45751  14.245  -47.195  75.125 0.5555559993
43645  24.208  -49.664  70.062 0.5555559993
44716  24.353  -49.447  69.244 0.5555559993
44686  23.662  -49.554  70.289 0.5555559993
44715  24.783  -49.596  68.837 0.6666669846
44703  23.276  -49.210  69.946 0.5555559993
44764  25.691  -49.534  66.677 0.5555559993
44765  24.978  -49.220  66.862 0.6666669846
45856  24.324  -48.928  67.653 0.6666669846
44729  24.552  -49.328  68.456 0.6666669846
45828  23.030  -48.581  69.078 0.7777780294
44718  22.967  -48.852  69.559 0.7777780294
45810  21.849  -48.804  69.750 0.7777780294
45816  17.208  -47.945  70.122 0.8888890147
45871  24.376  -48.825  67.134 0.6666669846
45845  22.693  -48.183  68.577 0.7777780294
45846  22.067  -48.083  68.841 0.7777780294
45831  20.842  -48.358  69.367 0.7777780294
45830  21.556  -48.333  69.235 0.7777780294
45833  19.335  -48.210  69.275 0.7777780294
45834  18.628  -48.047  69.373 0.7777780294
45883  29.935  -48.258  64.674 0.6666669846
45899  28.368  -48.269  64.134 0.8888890147
44792  29.551  -48.400  64.693 0.6666669846
44778  27.816  -49.419  65.465 0.6666669846
44795  27.133  -48.996  64.888 0.6666669846
45886  23.793  -47.978  66.150 0.7777780294
45872  23.853  -48.280  66.859 0.7777780294
46864  15.838  -45.926  74.473 0.7777780294
46848  14.799  -46.654  75.251 0.5555559993
45858  23.200  -48.152  68.027 0.7777780294
46947  23.353  -48.025  67.426 0.8888890147
46914  20.642  -47.895  68.937 0.7777780294
46915  19.863  -47.723  68.858 0.7777780294
46899  17.530  -47.290  69.806 0.8888890147
47962  17.944  -46.638  69.568 0.8888890147
46997  30.330  -46.806  63.426 0.8888890147
48070  30.175  -46.411  62.788 0.8888890147
46999  29.102  -47.216  63.095 0.8888890147
46971  24.068  -47.903  65.547 0.7777780294
48010  22.915  -46.925  66.349 0.8888890147
46949  21.701  -47.119  67.795 0.8888890147
47016  28.459  -46.930  62.470 0.8888890147
48027  32.070  -45.913  64.711 0.7777780294
47977  19.021  -46.318  68.649 0.7777780294
47961  18.576  -46.366  69.006 0.8888890147
49185  31.860  -45.112  64.080 0.7777780294
48090  29.076  -46.539  62.287 0.8888890147
47992  21.497  -46.465  67.429 0.7777780294
47993  20.897  -46.262  67.812 0.7777780294
47976  19.505  -46.230  68.448 0.7777780294
49220  30.617  -45.027  62.227 0.8888890147
49221  30.166  -45.581  62.056 0.8888890147
49222  29.373  -45.971  61.842 0.8888890147
48109  27.871  -45.780  61.679 0.8888890147
49223  28.854  -46.140  61.831 0.8888890147
48073  25.172  -46.315  63.637 0.7777780294
48072  25.946  -46.214  63.050 0.7777780294
48054  23.486  -46.358  64.840 0.8888890147
48053  24.259  -46.263  64.157 0.7777780294
47904  17.468  -45.147  74.081 0.6666669846
49089  17.840  -45.479  70.841 0.6666669846
49161  32.323  -45.007  64.754 0.6666669846
50312  31.365  -44.354  62.885 0.8888890147
48033  22.430  -46.041  66.046 0.7777780294
49146  22.199  -45.678  66.270 0.7777780294
50260  22.024  -45.351  66.494 0.7777780294
48012  21.618  -46.035  67.049 0.8888890147
49130  20.568  -45.953  67.876 0.7777780294
50233  20.727  -44.985  68.074 0.5555559993
51391  31.558  -43.450  63.070 0.7777780294
51400  30.433  -43.710  61.729 0.8888890147
50331  30.298  -44.628  61.797 0.8888890147
49239  29.524  -45.388  61.569 0.8888890147
50353  29.107  -44.754  61.254 0.8888890147
51411  29.635  -43.983  61.360 0.8888890147
48110  27.513  -45.575  61.773 0.7777780294
48052  24.729  -45.802  63.969 0.7777780294
51376  32.475  -43.520  65.238 0.6666669846
52420  32.494  -42.614  65.620 0.6666669846
52437  31.546  -42.509  63.498 0.8888890147
50259  22.397  -45.068  66.109 0.6666669846
50232  21.333  -44.745  67.736 0.5555559993
52444  30.578  -42.732  61.802 0.8888890147
52456  29.011  -43.017  61.371 0.7777780294
53454  29.405  -42.395  61.536 0.7777780294
51413  28.270  -43.931  61.626 0.7777780294
52457  28.540  -43.420  61.685 0.7777780294
50354  28.261  -44.612  61.466 0.7777780294
50333  27.426  -44.608  62.272 0.7777780294
50332  27.823  -44.205  61.862 0.7777780294
49224  27.203  -45.224  61.946 0.7777780294
49241  27.813  -45.251  61.581 0.7777780294
50315  26.931  -45.044  63.100 0.7777780294
50334  27.026  -45.077  62.665 0.7777780294
50297  24.075  -44.821  64.692 0.7777780294
50277  23.024  -44.921  65.224 0.6666669846
50258  23.046  -44.490  66.131 0.5555559993
47959  25.732  -45.046  70.117 0.3333329856
47945  26.069  -45.393  70.476 0.2222220004
47947  24.790  -45.018  71.271 0.2222220004
49069  23.805  -44.765  71.284 0.2222220004
47932  24.377  -45.020  71.905 0.1111110002
47934  22.862  -44.308  72.404 0.1111110002
49054  22.176  -44.223  72.154 0.1111110002
49055  21.302  -44.102  72.308 0.1111110002
47972  26.834  -45.764  68.166 0.1111110002
47973  26.341  -45.573  68.635 0.3333329856
46929  27.107  -45.781  68.606 0.1111110002
47958  26.213  -45.353  69.542 0.2222220004
49101  23.013  -44.474  69.446 0.2222220004
47988  27.565  -45.752  67.013 0.1111110002
49112  25.686  -45.358  68.393 0.3333329856
49113  24.755  -44.987  68.208 0.3333329856
48030  28.032  -46.097  65.521 0.3333329856
48029  28.972  -46.003  65.730 0.3333329856
48008  27.269  -45.969  66.312 0.2222220004
49143  26.583  -45.817  65.885 0.2222220004
49127  24.497  -44.730  66.965 0.3333329856
50219  22.465  -44.280  68.973 0.2222220004
50207  21.726  -44.297  69.545 0.3333329856
50208  20.959  -44.319  69.199 0.2222220004
51385  29.479  -43.203  64.525 0.4444440007
50295  28.243  -44.372  63.535 0.7777780294
49188  28.494  -45.018  64.272 0.4444440007
49164  28.791  -45.620  64.947 0.3333329856
49166  26.593  -45.644  64.940 0.5555559993
50242  23.842  -44.434  66.938 0.4444440007
52438  28.682  -42.445  63.346 0.7777780294
51392  28.348  -43.654  62.869 0.7777780294
50313  27.988  -44.179  63.104 0.7777780294
50296  27.732  -44.662  63.522 0.7777780294
49168  24.587  -44.970  64.773 0.6666669846
53443  30.989  -41.809  62.947 0.8888890147
53445  29.351  -41.754  62.014 0.8888890147
52445  28.957  -42.284  61.731 0.7777780294
51402  27.847  -44.135  62.492 0.7777780294
51393  27.916  -44.148  62.867 0.7777780294
53427  30.600  -40.860  63.879 0.8888890147
52431  29.373  -42.510  65.096 0.4444440007
54423  30.545  -40.576  64.282 0.8888890147
54433  29.719  -40.737  63.284 0.8888890147
54434  29.173  -40.635  63.348 0.7777780294
54435  28.635  -40.582  63.506 0.7777780294
54426  28.091  -40.402  63.955 0.6666669846
52410  29.457  -42.239  66.556 0.3333329856
55426  33.211  -39.970  66.661 0.5555559993
53409  28.597  -41.449  66.234 0.4444440007
55463  27.805  -39.986  64.380 0.6666669846
53390  29.074  -41.993  67.716 0.3333329856
54392  28.452  -40.582  68.030 0.4444440007
56575  30.159  -38.530  64.035 1.0000000000
57717  28.722  -37.290  63.625 1.0000000000
56521  28.412  -38.253  67.117 0.6666669846
57733  29.357  -37.026  62.644 1.0000000000
55405  28.675  -38.959  68.814 0.3333329856
56600  34.460  -38.163  62.947 0.7777780294
57731  30.534  -37.762  61.970 1.0000000000
58786  29.464  -35.828  65.631 0.6666669846
56616  32.140  -38.224  61.533 1.0000000000
57762  30.667  -37.339  60.915 1.0000000000
59810  30.289  -35.552  61.752 1.0000000000
57744  34.332  -38.099  61.793 0.8888890147
56633  32.989  -38.259  60.996 1.0000000000
56634  32.563  -38.260  61.199 1.0000000000
57761  31.194  -37.474  60.525 1.0000000000
57774  33.365  -37.636  59.664 1.0000000000
58859  31.661  -37.140  59.739 1.0000000000
57773  34.331  -37.325  59.701 1.0000000000
58856  34.448  -36.777  59.129 1.0000000000
58876  33.137  -36.653  58.712 1.0000000000
58875  33.691  -36.450  58.597 1.0000000000
58873  35.083  -35.983  58.668 1.0000000000
59761  31.505  -34.903  64.210 0.7777780294
61885  33.375  -33.535  61.175 0.5555559993
60817  40.526  -34.038  58.865 0.3333329856
61975  36.581  -33.840  56.418 0.8888890147
61883  34.993  -33.283  61.902 0.4444440007
61940  39.513  -33.919  58.048 0.3333329856
61977  34.403  -33.517  55.911 1.0000000000
61978  33.329  -33.139  56.346 1.0000000000
63996  33.540  -31.598  59.646 0.7777780294
61993  36.221  -33.400  55.490 0.8888890147
61882  35.873  -32.667  61.796 0.4444440007
40207  5.497  -53.132  81.594 0.5555559993
40209  4.512  -53.085  81.464 0.2222220004
41319  4.717  -51.973  81.474 0.2222220004
40206  6.168  -52.854  81.281 0.6666669846
40239  6.781  -53.241  79.754 0.6666669846
41318  4.975  -52.290  81.731 0.2222220004
41317  5.806  -52.408  81.810 0.3333329856
40221  6.555  -53.158  80.469 0.6666669846
40238  7.186  -52.505  79.645 0.6666669846
41322  7.067  -52.317  80.438 0.6666669846
40257  7.304  -52.680  79.175 0.7777780294
40196  5.521  -52.263  81.877 0.2222220004
40195  5.554  -52.490  81.823 0.3333329856
41316  6.238  -52.202  81.653 0.3333329856
40205  6.609  -52.767  80.918 0.6666669846
41327  7.122  -52.423  79.903 0.6666669846
41337  7.969  -52.078  78.745 0.6666669846
41321  7.910  -51.231  80.779 0.6666669846
41326  7.747  -51.843  79.774 0.6666669846
42504  9.358  -50.907  78.630 0.4444440007
41336  8.843  -51.187  79.239 0.5555559993
41325  8.853  -50.703  80.272 0.3333329856
42511  10.015  -50.382  77.624 0.5555559993
42508  9.479  -50.857  78.046 0.4444440007
41324  9.243  -50.489  80.103 0.3333329856
42503  9.702  -50.448  79.280 0.2222220004
41335  9.271  -50.616  79.832 0.3333329856
42506  10.347  -49.912  78.803 0.3333329856
43566  10.851  -49.761  77.430 0.4444440007
42507  9.889  -50.432  78.447 0.4444440007
43557  10.883  -49.402  78.986 0.2222220004
43562  10.926  -49.530  78.278 0.2222220004
44638  11.962  -48.778  76.931 0.4444440007
44644  12.662  -48.467  76.516 0.5555559993
43560  12.278  -48.468  78.947 0.1111110002
43561  11.472  -48.955  78.591 0.2222220004
44636  13.389  -47.749  77.745 0.1111110002
44637  12.483  -48.359  77.452 0.1111110002
43565  11.561  -48.996  77.667 0.2222220004
45723  13.019  -48.366  75.897 0.4444440007
44775  30.559  -48.807  65.463 0.2222220004
44776  29.858  -48.881  65.224 0.5555559993
45708  13.741  -47.465  77.098 0.2222220004
45722  13.475  -47.768  76.349 0.3333329856
45721  14.464  -46.994  76.774 0.3333329856
45869  31.742  -48.329  65.813 0.3333329856
45870  30.989  -48.583  65.511 0.2222220004
45881  31.227  -47.974  65.179 0.4444440007
45882  30.539  -48.296  65.011 0.2222220004
46827  14.852  -46.663  76.300 0.3333329856
45794  27.152  -45.580  72.035 0.1111110002
46885  26.414  -45.805  71.577 0.1111110002
45809  26.868  -45.669  71.308 0.1111110002
46898  26.243  -45.742  70.960 0.1111110002
46912  26.570  -45.722  70.071 0.1111110002
46826  15.683  -46.162  76.212 0.3333329856
46847  16.033  -45.831  75.224 0.5555559993
46811  16.413  -45.993  77.009 0.2222220004
46812  15.344  -46.487  76.940 0.2222220004
47888  16.715  -45.464  75.112 0.3333329856
51344  29.628  -43.457  68.912 0.1111110002
50241  30.102  -44.086  67.420 0.2222220004
49141  30.121  -44.934  66.836 0.1111110002
49162  30.380  -44.813  66.098 0.2222220004
51352  29.863  -43.617  68.008 0.2222220004
51353  30.005  -43.194  67.503 0.2222220004
50256  30.397  -44.065  66.625 0.2222220004
51366  30.166  -43.110  66.265 0.2222220004
51377  30.198  -43.551  65.510 0.2222220004
52409  29.777  -42.589  67.076 0.2222220004
49142  30.081  -45.370  66.191 0.2222220004
49163  29.842  -45.207  65.406 0.3333329856
50274  30.377  -44.136  65.712 0.2222220004
50275  29.977  -44.044  64.873 0.2222220004
64930  33.527  -30.863  55.809 0.7777780294
64033  33.080  -31.456  56.387 0.7777780294
58749  31.016  -36.651  66.811 0.3333329856
59729  31.038  -35.579  65.697 0.4444440007
65805  34.111  -29.408  57.812 0.7777780294
64910  33.536  -30.367  58.078 0.6666669846
64021  32.961  -31.278  57.545 0.6666669846
67855  35.176  -27.500  57.619 0.6666669846
66797  34.526  -28.586  57.610 0.6666669846
64922  33.321  -30.467  56.839 0.7777780294
69892  35.524  -26.042  55.734 0.7777780294
66826  34.083  -28.831  56.006 0.7777780294
64921  33.634  -30.119  56.013 0.7777780294
69908  36.073  -25.513  55.172 0.7777780294
58766  31.774  -35.973  66.225 0.3333329856
58784  31.814  -35.484  65.501 0.4444440007
66778  36.470  -28.003  59.039 0.3333329856
66779  35.812  -28.159  58.645 0.4444440007
65785  35.405  -28.919  58.638 0.4444440007
64897  34.280  -30.025  58.743 0.7777780294
64012  33.355  -31.210  58.926 0.5555559993
69867  36.654  -25.590  58.482 0.4444440007
68830  36.295  -26.301  58.382 0.5555559993
66796  34.968  -28.357  58.014 0.5555559993
69879  36.437  -25.377  57.538 0.5555559993
68849  35.363  -26.533  56.711 0.6666669846
70922  37.375  -24.611  54.822 0.7777780294
69891  35.914  -25.615  56.472 0.7777780294
70936  38.125  -24.959  53.126 0.7777780294
58783  32.765  -35.747  65.470 0.4444440007
66741  38.656  -27.866  60.555 0.1111110002
63995  34.141  -31.319  59.763 0.4444440007
66757  37.909  -27.651  59.933 0.2222220004
65783  37.137  -28.729  59.371 0.3333329856
64894  36.935  -29.648  59.489 0.2222220004
64009  35.938  -30.285  59.441 0.3333329856
63994  35.002  -31.077  59.862 0.3333329856
71813  39.481  -23.862  61.242 0.1111110002
70892  38.738  -24.044  60.246 0.1111110002
70882  38.478  -24.774  60.588 0.3333329856
69849  37.629  -25.274  59.779 0.5555559993
67829  37.167  -26.975  59.682 0.3333329856
64896  35.226  -29.754  59.093 0.5555559993
64898  33.796  -30.547  58.837 0.5555559993
71821  39.317  -23.539  60.384 0.1111110002
70893  38.253  -24.315  59.581 0.2222220004
70894  37.686  -24.588  59.028 0.4444440007
71837  39.245  -23.435  59.200 0.1111110002
70901  38.529  -23.932  57.242 0.3333329856
70902  37.317  -24.404  57.104 0.6666669846
70911  38.378  -24.179  56.191 0.7777780294
70912  37.443  -24.501  55.895 0.7777780294
70903  36.668  -24.848  56.531 0.7777780294
70927  38.185  -24.410  54.029 0.7777780294
70921  38.307  -24.274  55.117 0.7777780294
59758  34.738  -35.709  64.354 0.2222220004
65764  37.685  -28.384  59.663 0.1111110002
63001  34.877  -31.673  60.340 0.4444440007
64893  37.397  -29.265  59.590 0.2222220004
64008  36.455  -30.067  59.505 0.2222220004
64010  35.073  -30.419  59.482 0.3333329856
64878  37.707  -29.619  59.976 0.1111110002
63000  35.797  -31.549  60.256 0.2222220004
65782  37.676  -28.955  59.703 0.1111110002
63992  36.903  -30.636  59.886 0.2222220004
62999  36.404  -31.312  60.051 0.2222220004
62985  35.759  -32.129  61.154 0.3333329856
63991  37.448  -30.195  60.062 0.1111110002
62970  36.649  -32.108  61.600 0.2222220004
62984  36.821  -31.625  60.727 0.2222220004
62971  36.212  -32.253  61.720 0.2222220004
51378  29.849  -43.020  65.393 0.2222220004
40224  4.033  -52.927  81.030 0.4444440007
45734  14.121  -47.268  75.710 0.2222220004
42510  10.385  -49.986  78.133 0.4444440007
65804  34.737  -28.937  58.142 0.6666669846
65786  34.738  -29.407  58.523 0.5555559993
65820  33.629  -29.909  57.454 0.7777780294
65806  33.793  -29.913  57.864 0.6666669846
67856  34.748  -28.091  57.620 0.6666669846
68839  35.495  -26.848  57.364 0.5555559993
66809  34.181  -28.728  56.915 0.6666669846
65819  33.728  -29.523  56.659 0.7777780294
69926  35.968  -26.382  54.337 0.7777780294
58765  32.941  -36.176  66.369 0.3333329856
67846  35.897  -27.273  58.295 0.4444440007
67845  36.554  -27.100  59.094 0.4444440007
66758  37.186  -27.822  59.451 0.3333329856
67847  35.549  -27.765  58.235 0.4444440007
65784  36.317  -28.866  59.060 0.4444440007
64895  36.051  -29.614  59.207 0.4444440007
64011  34.241  -30.724  59.354 0.3333329856
68829  36.712  -26.188  59.190 0.4444440007
68848  35.659  -26.134  56.894 0.5555559993
70923  36.713  -25.122  54.561 0.7777780294
70929  36.811  -25.314  54.127 0.7777780294
70913  36.636  -24.932  55.573 0.7777780294
70935  39.188  -24.196  53.155 0.7777780294
67812  38.149  -27.063  60.577 0.2222220004
70881  39.111  -24.650  61.169 0.1111110002
69848  38.110  -25.399  60.471 0.5555559993
69866  37.125  -25.249  59.001 0.5555559993
68814  37.832  -26.184  60.328 0.5555559993
68815  37.281  -26.111  59.779 0.5555559993
70896  38.221  -23.994  58.394 0.2222220004
71838  38.769  -23.652  58.574 0.2222220004
70897  37.556  -24.411  58.171 0.5555559993
69878  36.966  -24.960  58.089 0.5555559993
70920  39.221  -23.978  55.419 0.7777780294
70926  39.186  -23.899  54.284 0.7777780294
64879  37.236  -30.022  59.879 0.2222220004
63993  35.858  -30.940  59.752 0.3333329856
35873  3.436  -57.160  80.278 0.1111110002
35847  4.921  -57.811  82.535 0.3333329856
40259  3.432  -53.232  79.397 0.1111110002
39221  3.320  -54.255  78.884 0.1111110002
40241  3.558  -53.134  80.297 0.2222220004
38095  12.417  -56.080  82.720 0.1111110002
38102  12.930  -55.699  82.335 0.1111110002
39187  14.901  -54.783  81.812 0.1111110002
39188  13.703  -55.313  82.232 0.1111110002
39198  13.876  -54.956  80.937 0.1111110002
39199  13.015  -55.437  81.296 0.1111110002
39208  13.823  -54.850  79.653 0.1111110002
41315  7.125  -51.764  81.325 0.4444440007
39197  15.066  -54.535  80.402 0.1111110002
41314  8.240  -50.507  81.594 0.2222220004
41307  8.103  -50.469  81.860 0.2222220004
41308  7.743  -50.742  81.760 0.3333329856
39207  14.601  -54.467  79.217 0.1111110002
39216  13.831  -54.557  78.395 0.1111110002
40219  16.956  -54.370  81.126 0.1111110002
39196  15.914  -54.402  80.644 0.1111110002
40220  16.421  -54.347  80.708 0.1111110002
40235  17.062  -54.131  80.329 0.1111110002
40236  16.017  -54.250  79.987 0.1111110002
41313  8.648  -50.262  81.531 0.1111110002
40254  16.603  -53.930  79.336 0.1111110002
40255  15.761  -53.985  79.061 0.1111110002
39215  14.525  -54.324  78.616 0.1111110002
40270  15.441  -53.877  78.269 0.1111110002
40271  14.614  -54.083  78.078 0.1111110002
41334  19.147  -53.343  78.887 0.1111110002
40252  18.507  -53.619  79.401 0.1111110002
41348  18.346  -53.258  78.302 0.1111110002
40267  17.740  -53.571  78.812 0.1111110002
41365  17.601  -52.997  77.334 0.1111110002
41350  16.772  -53.569  78.205 0.1111110002
40269  16.272  -53.746  78.413 0.1111110002
41366  16.472  -53.415  77.522 0.1111110002
40281  15.183  -53.751  77.443 0.1111110002
40282  14.361  -53.898  77.274 0.1111110002
41384  16.746  -52.901  76.375 0.1111110002
41385  15.500  -53.393  76.574 0.1111110002
41386  14.710  -53.504  76.328 0.1111110002
41403  15.832  -52.861  75.366 0.1111110002
41347  19.387  -53.006  78.199 0.1111110002
41364  18.746  -52.777  77.346 0.1111110002
42648  28.862  -51.643  68.103 0.2222220004
41382  19.310  -52.330  76.581 0.1111110002
43671  27.887  -51.129  67.960 0.3333329856
41383  18.051  -52.414  76.207 0.1111110002
43653  26.684  -50.683  68.855 0.4444440007
41422  16.744  -52.112  74.559 0.2222220004
41402  17.048  -52.349  75.221 0.2222220004
42531  17.142  -51.913  74.539 0.3333329856
41423  16.168  -52.335  74.478 0.4444440007
42524  23.953  -52.394  75.216 0.2222220004
41378  23.049  -52.716  76.494 0.1111110002
41379  22.185  -52.675  76.712 0.1111110002
42539  23.572  -51.901  74.431 0.2222220004
42525  22.808  -52.337  75.470 0.2222220004
42514  22.474  -52.538  76.179 0.1111110002
41380  21.316  -52.560  76.711 0.1111110002
42563  23.087  -51.330  73.612 0.2222220004
42540  22.386  -51.764  74.429 0.2222220004
42516  20.966  -52.128  75.990 0.1111110002
41381  20.358  -52.418  76.677 0.1111110002
41362  20.812  -52.755  77.442 0.1111110002
42636  30.249  -52.029  68.326 0.1111110002
42647  29.535  -51.593  67.844 0.2222220004
42526  21.656  -51.934  75.253 0.1111110002
41363  19.822  -52.701  77.413 0.1111110002
42564  22.011  -51.270  73.678 0.2222220004
42541  21.266  -51.442  74.286 0.1111110002
42527  20.609  -51.728  75.192 0.1111110002
42518  18.973  -51.938  75.766 0.1111110002
43672  27.238  -50.889  68.385 0.3333329856
42519  18.260  -51.975  75.485 0.1111110002
42545  17.485  -51.453  74.007 0.2222220004
43690  26.137  -50.040  67.832 0.4444440007
42546  16.609  -51.801  73.996 0.5555559993
42635  31.453  -51.744  68.097 0.1111110002
43670  32.224  -51.266  68.041 0.1111110002
42646  30.516  -51.386  67.616 0.1111110002
42565  21.457  -51.174  73.734 0.2222220004
42529  18.713  -51.670  75.019 0.2222220004
43687  28.624  -51.111  67.527 0.3333329856
43580  21.192  -51.114  73.765 0.3333329856
43582  19.763  -50.918  73.844 0.3333329856
43583  18.860  -50.919  73.811 0.4444440007
42544  18.373  -51.370  74.320 0.2222220004
43688  27.642  -50.722  67.491 0.4444440007
43689  26.771  -50.319  67.520 0.4444440007
43601  16.596  -50.949  72.792 0.6666669846
42567  16.167  -51.476  73.214 0.5555559993
42645  31.199  -51.115  67.556 0.1111110002
43686  29.797  -50.912  67.189 0.2222220004
43702  28.116  -50.409  66.785 0.4444440007
43703  27.322  -50.242  66.904 0.4444440007
42633  33.253  -51.279  68.476 0.1111110002
43685  30.854  -50.522  67.100 0.1111110002
43701  29.119  -50.472  66.608 0.4444440007
44762  27.533  -49.860  66.234 0.4444440007
44761  28.488  -49.912  66.028 0.4444440007
44779  26.859  -49.397  65.654 0.5555559993
43668  33.818  -50.702  68.476 0.1111110002
43669  32.855  -50.769  67.974 0.1111110002
43684  31.980  -50.714  67.513 0.1111110002
43699  30.700  -50.032  66.628 0.1111110002
43700  30.152  -50.238  66.552 0.1111110002
44777  28.806  -49.267  65.341 0.4444440007
43650  35.481  -50.481  69.942 0.1111110002
43651  34.715  -50.552  69.156 0.1111110002
46825  16.792  -45.688  76.307 0.2222220004
44725  34.699  -49.526  68.727 0.1111110002
43667  34.294  -50.101  68.593 0.1111110002
44727  33.413  -50.215  67.916 0.1111110002
44741  32.987  -49.719  67.253 0.1111110002
44742  31.618  -49.912  66.866 0.1111110002
47902  19.698  -44.454  74.147 0.1111110002
44743  30.984  -49.947  66.715 0.1111110002
44760  29.553  -49.768  65.918 0.3333329856
47942  36.191  -46.499  70.022 0.1111110002
45821  35.728  -48.654  69.956 0.1111110002
44713  35.831  -49.657  70.336 0.1111110002
46810  17.538  -45.631  77.058 0.2222220004
46905  35.675  -47.524  69.295 0.1111110002
44714  35.295  -49.589  69.502 0.1111110002
46824  17.895  -45.331  76.429 0.2222220004
47956  35.882  -46.309  69.097 0.1111110002
46922  35.570  -46.878  68.740 0.1111110002
45822  35.223  -48.661  69.035 0.1111110002
47886  18.343  -44.742  75.033 0.1111110002
46845  18.155  -45.012  75.816 0.2222220004
46846  17.160  -45.407  75.695 0.2222220004
49095  35.692  -45.201  68.781 0.1111110002
47967  35.421  -46.237  68.414 0.1111110002
46923  35.149  -47.391  68.225 0.1111110002
45853  34.617  -47.970  67.764 0.1111110002
45839  34.655  -48.609  68.161 0.1111110002
44726  34.002  -49.655  68.012 0.1111110002
47885  19.478  -44.580  74.993 0.1111110002
47903  18.570  -44.677  74.057 0.1111110002
50227  35.246  -44.335  68.315 0.1111110002
49109  35.092  -45.308  68.065 0.1111110002
47968  34.869  -46.323  67.763 0.1111110002
45840  34.114  -48.997  67.764 0.1111110002
51343  34.880  -43.515  67.939 0.1111110002
50228  34.668  -44.419  67.773 0.1111110002
49110  34.462  -45.365  67.522 0.1111110002
45854  34.000  -48.476  67.312 0.1111110002
45855  33.301  -48.778  66.726 0.1111110002
44758  32.105  -49.108  66.523 0.1111110002
47919  18.903  -44.610  73.205 0.1111110002
51350  34.273  -43.563  67.514 0.1111110002
50238  34.045  -44.461  67.317 0.1111110002
49122  33.847  -45.373  66.998 0.1111110002
44759  30.842  -49.405  66.099 0.1111110002
52391  34.534  -42.868  67.654 0.1111110002
46941  34.529  -47.312  67.465 0.1111110002
47982  34.221  -46.324  67.203 0.1111110002
46942  33.917  -47.291  66.872 0.1111110002
45867  33.494  -48.034  66.657 0.1111110002
49123  33.317  -45.304  66.376 0.2222220004
47983  33.620  -46.289  66.603 0.1111110002
46957  33.233  -47.245  66.325 0.1111110002
45868  32.787  -48.311  66.252 0.1111110002
48002  32.932  -46.177  65.931 0.2222220004
48003  32.447  -46.386  65.309 0.1111110002
46969  31.965  -46.849  65.025 0.3333329856
58812  38.838  -36.667  63.026 0.1111110002
58821  39.294  -36.193  62.409 0.1111110002
61992  37.269  -33.294  55.675 0.6666669846
63090  37.236  -31.979  54.590 0.6666669846
63077  36.846  -32.716  55.011 0.7777780294
61994  35.234  -33.230  55.405 0.7777780294
64048  37.510  -31.206  54.476 0.6666669846
63091  36.256  -32.130  54.492 0.6666669846
63092  35.362  -32.175  54.606 0.6666669846
63079  34.986  -32.618  54.998 0.6666669846
63081  33.740  -32.248  55.582 0.6666669846
64937  37.011  -30.409  54.290 0.6666669846
64938  36.007  -30.482  54.304 0.6666669846
64051  34.828  -31.648  54.708 0.6666669846
64042  34.177  -31.232  55.155 0.6666669846
65850  34.609  -29.651  54.969 0.6666669846
64929  34.107  -30.336  55.325 0.6666669846
65847  37.475  -29.496  54.209 0.6666669846
65849  35.458  -29.591  54.437 0.6666669846
66844  34.392  -29.019  55.320 0.6666669846
67868  42.404  -27.376  55.435 0.5555559993
66822  41.147  -28.571  55.668 0.5555559993
66824  39.652  -29.088  54.877 0.6666669846
68860  35.095  -26.809  55.505 0.6666669846
67880  41.623  -27.303  54.505 0.5555559993
66838  39.980  -28.302  54.393 0.6666669846
66839  39.276  -28.667  54.395 0.6666669846
66862  36.609  -28.197  53.829 0.6666669846
67885  35.081  -27.717  54.769 0.6666669846
67872  34.376  -28.106  56.271 0.5555559993
67881  40.657  -27.833  54.375 0.5555559993
67882  39.714  -27.892  53.863 0.6666669846
66860  37.614  -27.827  53.632 0.6666669846
66861  37.141  -28.035  53.706 0.6666669846
67828  37.624  -26.829  60.141 0.1111110002
68872  42.966  -26.786  54.429 0.5555559993
67879  42.289  -26.936  54.373 0.5555559993
67894  41.224  -27.069  53.706 0.5555559993
67899  36.499  -27.575  53.809 0.6666669846
68874  35.546  -26.847  54.539 0.6666669846
69925  36.532  -25.802  54.009 0.6666669846
67895  40.327  -27.212  53.241 0.6666669846
67897  38.096  -27.431  53.410 0.6666669846
69942  37.004  -26.207  53.490 0.6666669846
68888  38.405  -26.413  52.927 0.6666669846
68889  37.477  -26.650  53.340 0.6666669846
68882  44.356  -26.183  53.645 0.4444440007
68898  43.969  -26.179  53.145 0.4444440007
68883  43.536  -26.472  53.647 0.5555559993
68884  42.668  -26.681  53.522 0.5555559993
68885  41.878  -26.778  53.130 0.6666669846
69924  37.055  -25.506  53.700 0.6666669846
68886  41.140  -26.804  52.924 0.6666669846
67896  39.174  -27.169  53.145 0.6666669846
69940  38.200  -25.603  52.854 0.6666669846
68887  39.054  -26.618  52.837 0.6666669846
69941  37.448  -25.694  53.312 0.6666669846
68881  45.060  -25.987  53.923 0.3333329856
68900  42.564  -26.407  52.577 0.5555559993
68901  41.696  -26.399  52.378 0.6666669846
68902  40.566  -26.317  52.342 0.6666669846
68903  39.358  -26.176  52.547 0.6666669846
68904  38.722  -25.751  52.641 0.6666669846
67906  39.738  -26.753  52.757 0.6666669846
69937  46.820  -25.494  53.480 0.3333329856
69938  45.849  -25.697  53.517 0.3333329856
69939  45.090  -25.858  53.232 0.3333329856
70945  38.866  -24.830  52.718 0.6666669846
70946  38.492  -24.986  52.807 0.6666669846
69954  47.479  -25.259  52.615 0.3333329856
69955  46.580  -25.399  52.613 0.3333329856
69956  45.657  -25.584  52.544 0.3333329856
69957  44.543  -25.848  52.548 0.4444440007
68915  43.160  -26.040  52.053 0.6666669846
68918  40.832  -25.466  51.816 0.6666669846
69959  40.012  -25.432  52.069 0.6666669846
69960  39.186  -25.304  52.426 0.6666669846
69977  42.355  -25.163  51.412 0.6666669846
68917  41.558  -25.736  51.828 0.6666669846
70910  39.360  -23.974  56.334 0.5555559993
70925  39.872  -23.763  54.837 0.6666669846
71900  41.090  -23.330  53.173 0.5555559993
71891  39.618  -23.838  53.470 0.6666669846
70963  43.212  -23.916  50.677 0.6666669846
70951  41.341  -24.180  51.450 0.6666669846
71901  40.039  -23.793  52.881 0.5555559993
69970  48.998  -25.247  51.631 0.2222220004
69972  47.271  -25.155  51.777 0.4444440007
69991  46.258  -24.945  50.923 0.5555559993
69993  44.390  -24.770  50.797 0.6666669846
70950  42.267  -24.258  51.083 0.6666669846
71913  41.069  -23.788  51.789 0.6666669846
70934  39.635  -24.102  52.735 0.6666669846
69975  44.503  -25.396  51.494 0.6666669846
70949  42.967  -24.674  51.013 0.6666669846
69978  41.484  -24.946  51.490 0.6666669846
70944  39.779  -24.434  52.290 0.6666669846
69979  40.629  -24.768  51.700 0.6666669846
71907  41.899  -23.005  52.420 0.4444440007
71899  42.165  -22.995  53.386 0.4444440007
69967  51.749  -26.076  51.419 0.2222220004
69968  50.812  -25.733  51.428 0.2222220004
69969  49.886  -25.457  51.535 0.2222220004
71922  42.981  -23.058  50.823 0.6666669846
72926  42.542  -22.895  51.495 0.5555559993
72916  42.507  -22.757  51.843 0.5555559993
68914  52.641  -26.499  51.484 0.1111110002
69971  48.129  -25.143  51.721 0.4444440007
70961  45.248  -24.175  50.181 0.6666669846
70962  44.221  -24.038  50.397 0.6666669846
72940  43.266  -22.706  50.925 0.6666669846
69986  50.468  -25.533  50.508 0.2222220004
69987  49.598  -25.220  50.718 0.3333329856
70957  48.282  -24.840  50.425 0.4444440007
70959  47.018  -24.630  50.250 0.5555559993
72905  42.560  -22.665  52.545 0.5555559993
68929  54.364  -26.987  50.749 0.1111110002
68930  53.378  -26.700  50.580 0.1111110002
72915  43.107  -22.362  52.065 0.5555559993
68945  55.433  -26.402  49.103 0.1111110002
68938  53.175  -26.287  49.696 0.1111110002
69985  51.521  -25.902  50.286 0.1111110002
71920  44.931  -23.420  50.097 0.5555559993
72939  43.909  -22.475  50.773 0.5555559993
70010  56.563  -25.863  48.713 0.2222220004
70003  51.004  -25.338  49.372 0.2222220004
70004  50.101  -25.096  49.854 0.4444440007
70972  48.668  -24.534  49.702 0.5555559993
70974  46.971  -24.056  49.649 0.5555559993
70975  46.176  -23.785  49.784 0.5555559993
71932  45.489  -22.945  49.909 0.5555559993
70009  57.488  -25.215  48.688 0.2222220004
70019  57.076  -24.998  47.968 0.2222220004
68946  54.644  -26.056  48.820 0.1111110002
70000  53.781  -25.947  48.891 0.2222220004
70002  51.970  -25.636  49.213 0.2222220004
70970  50.415  -24.810  49.121 0.4444440007
70986  49.435  -24.117  49.019 0.5555559993
71929  47.802  -23.542  49.246 0.5555559993
71930  46.930  -23.277  49.443 0.5555559993
72952  46.680  -22.536  49.524 0.5555559993
71938  48.743  -23.520  48.904 0.5555559993
72914  43.887  -22.019  52.303 0.4444440007
73910  44.341  -21.987  51.010 0.5555559993
72937  45.503  -22.337  50.119 0.5555559993
70980  58.258  -23.902  48.675 0.1111110002
70021  54.995  -25.096  47.600 0.2222220004
70013  53.379  -25.249  48.138 0.2222220004
70015  51.713  -25.107  48.693 0.3333329856
70985  50.186  -24.256  48.745 0.5555559993
73932  46.294  -22.045  49.864 0.4444440007
73924  59.318  -21.714  49.008 0.1111110002
71942  58.314  -23.092  47.918 0.1111110002
70990  57.783  -24.028  47.709 0.1111110002
70992  55.563  -24.525  46.985 0.2222220004
70994  53.398  -24.293  47.241 0.3333329856
70983  52.063  -24.620  48.180 0.4444440007
71937  49.846  -23.540  48.520 0.5555559993
72951  47.751  -22.590  49.094 0.4444440007
72957  58.611  -22.353  48.275 0.1111110002
71000  57.090  -23.656  46.744 0.2222220004
70993  54.527  -24.448  47.006 0.2222220004
70995  52.462  -24.135  47.634 0.4444440007
74874  58.640  -20.692  48.169 0.1111110002
73897  46.127  -21.363  51.939 0.3333329856
73898  45.236  -21.532  51.791 0.3333329856
73889  44.615  -21.721  52.353 0.3333329856
73907  46.872  -21.302  51.117 0.4444440007
73908  45.907  -21.490  51.048 0.4444440007
73917  47.586  -21.388  50.238 0.4444440007
73918  46.576  -21.610  50.317 0.4444440007
73909  45.025  -21.691  51.014 0.4444440007
73930  48.306  -21.831  49.260 0.5555559993
73931  47.189  -21.912  49.618 0.4444440007
71945  52.086  -23.461  47.654 0.5555559993
71946  51.305  -23.517  47.998 0.5555559993
72963  49.441  -22.701  48.513 0.5555559993
72964  48.481  -22.493  48.829 0.5555559993
76928  59.047  -18.831  48.470 0.1111110002
75859  59.372  -20.316  48.640 0.1111110002
72969  57.741  -22.191  46.932 0.2222220004
71001  56.090  -23.756  46.514 0.2222220004
71003  54.151  -23.712  46.717 0.3333329856
71944  52.781  -23.511  47.317 0.5555559993
76927  59.757  -19.121  48.123 0.1111110002
73896  47.109  -21.312  52.057 0.3333329856
73888  45.308  -21.616  52.756 0.3333329856
73916  48.654  -21.298  50.274 0.4444440007
73938  50.861  -22.001  48.778 0.4444440007
73939  49.985  -21.964  48.718 0.5555559993
73929  49.373  -21.557  49.453 0.5555559993
72973  51.615  -22.908  47.917 0.5555559993
72962  50.720  -22.810  48.235 0.5555559993
75864  58.761  -19.770  48.475 0.1111110002
73944  58.057  -21.584  47.257 0.2222220004
71950  56.567  -22.874  46.351 0.2222220004
71951  55.531  -22.840  46.300 0.2222220004
71953  53.459  -23.055  46.895 0.4444440007
72972  52.654  -22.622  47.673 0.5555559993
76948  59.383  -18.590  46.733 0.1111110002
75870  58.250  -20.016  47.975 0.2222220004
74878  58.023  -20.688  47.432 0.2222220004
73945  57.451  -21.336  46.890 0.2222220004
72978  56.092  -21.939  46.438 0.3333329856
71952  54.493  -22.879  46.523 0.4444440007
76949  58.714  -18.120  46.445 0.2222220004
78051  58.769  -17.830  47.061 0.2222220004
78027  58.553  -17.884  48.116 0.2222220004
75865  58.073  -19.429  48.104 0.2222220004
75871  57.538  -19.759  47.729 0.2222220004
74879  56.964  -20.488  47.150 0.2222220004
72977  57.030  -22.048  46.490 0.2222220004
79097  57.517  -16.903  47.017 0.4444440007
79088  57.825  -17.032  47.359 0.3333329856
78042  58.408  -17.430  47.521 0.3333329856
79080  57.826  -17.136  47.837 0.4444440007
73927  51.300  -21.825  49.274 0.4444440007
72971  53.527  -21.992  47.957 0.4444440007
72979  55.049  -21.890  46.855 0.4444440007
72980  54.044  -22.214  47.154 0.4444440007
72981  53.415  -22.460  47.351 0.4444440007
73950  56.627  -21.239  46.729 0.3333329856
78028  57.487  -17.755  48.089 0.4444440007
76929  58.093  -18.719  48.191 0.3333329856
76939  57.151  -19.262  47.891 0.3333329856
75872  56.520  -19.612  47.727 0.4444440007
74884  56.302  -20.757  46.995 0.4444440007
73951  55.780  -21.052  47.039 0.3333329856
79089  57.226  -16.782  47.476 0.4444440007
79081  56.926  -17.083  47.785 0.4444440007
72970  54.537  -21.554  48.149 0.4444440007
74881  55.553  -20.288  48.041 0.4444440007
73952  55.197  -21.353  47.473 0.4444440007
78029  56.364  -17.747  48.027 0.4444440007
76930  56.897  -18.668  48.023 0.4444440007
74880  56.001  -20.480  47.407 0.4444440007
79090  56.438  -16.774  47.502 0.4444440007
80065  55.159  -17.040  47.405 0.4444440007
80069  55.840  -16.911  47.523 0.4444440007
73913  54.059  -20.987  51.295 0.1111110002
74866  54.338  -20.528  51.050 0.2222220004
73926  54.520  -21.168  50.326 0.3333329856
74871  54.786  -20.551  49.962 0.2222220004
73937  54.977  -21.185  49.194 0.4444440007
72958  54.271  -21.480  49.620 0.4444440007
74875  55.204  -20.435  48.838 0.4444440007
73947  55.351  -20.893  47.927 0.4444440007
75866  56.124  -19.056  48.049 0.4444440007
75873  55.873  -19.970  47.829 0.4444440007
79085  53.857  -17.409  47.877 0.3333329856
78032  53.526  -17.789  48.334 0.4444440007
80064  55.362  -17.100  47.601 0.4444440007
78030  55.196  -17.821  48.304 0.4444440007
76931  55.649  -18.600  48.386 0.4444440007
74863  54.024  -20.346  52.146 0.1111110002
75855  53.996  -19.521  51.186 0.1111110002
75854  54.448  -19.830  50.787 0.2222220004
76916  53.971  -19.276  50.624 0.2222220004
76915  54.585  -19.501  50.132 0.2222220004
75860  54.895  -19.849  49.584 0.3333329856
76922  54.115  -18.798  49.696 0.2222220004
76921  54.848  -19.123  49.454 0.2222220004
75867  55.518  -19.595  48.412 0.4444440007
78016  54.229  -18.304  48.930 0.2222220004
78015  54.820  -18.488  48.965 0.3333329856
78043  53.241  -17.657  47.758 0.3333329856
75850  54.155  -19.874  51.993 0.1111110002
75851  53.997  -19.610  51.593 0.1111110002
76910  53.611  -19.275  51.824 0.1111110002
76924  52.970  -18.510  49.726 0.2222220004
76923  53.486  -18.619  49.715 0.2222220004
78017  53.518  -18.259  48.979 0.2222220004
75847  53.985  -19.605  53.015 0.1111110002
76904  53.832  -19.245  53.047 0.1111110002
76905  53.561  -18.903  53.034 0.1111110002
76909  53.799  -19.424  52.289 0.1111110002
77992  52.474  -18.379  52.835 0.1111110002
76907  52.894  -18.715  52.369 0.1111110002
76911  53.219  -18.954  51.577 0.1111110002
77999  52.271  -18.443  52.076 0.1111110002
78000  51.821  -18.271  51.719 0.1111110002
76912  52.755  -18.710  51.631 0.1111110002
76917  53.385  -18.832  50.628 0.2222220004
78008  51.770  -18.391  50.526 0.1111110002
78018  52.609  -18.346  49.327 0.2222220004
77991  52.931  -18.458  53.215 0.1111110002
75886  59.553  -19.552  45.758 0.1111110002
74895  59.908  -20.131  45.529 0.1111110002
75898  59.374  -20.082  44.807 0.1111110002
78052  58.122  -17.329  46.863 0.3333329856
40272  13.978  -54.191  77.712 0.1111110002
42547  15.691  -51.946  73.717 0.5555559993
42566  16.864  -51.312  73.437 0.5555559993
43584  18.111  -51.034  73.704 0.5555559993
43599  18.400  -50.666  73.122 0.5555559993
47887  17.343  -45.164  75.054 0.2222220004
58830  39.234  -35.881  61.820 0.1111110002
63057  33.251  -32.302  55.962 0.6666669846
63078  35.816  -32.792  54.901 0.7777780294
46959  31.784  -47.575  65.282 0.2222220004
63080  34.286  -32.185  55.168 0.6666669846
67863  34.480  -27.984  57.136 0.5555559993
67862  34.722  -27.335  56.507 0.5555559993
69909  35.726  -26.180  54.852 0.6666669846
65835  34.008  -29.557  55.659 0.6666669846
70928  37.259  -25.111  53.854 0.6666669846
68873  36.129  -26.778  54.004 0.6666669846
71902  39.589  -23.907  53.149 0.6666669846
41309  6.983  -51.261  81.784 0.2222220004
40237  15.296  -54.285  79.487 0.1111110002
40268  17.036  -53.696  78.729 0.1111110002
40256  15.024  -54.130  78.798 0.1111110002
41349  17.323  -53.420  78.152 0.1111110002
40280  15.823  -53.677  77.794 0.1111110002
41367  15.745  -53.563  77.333 0.1111110002
40292  14.775  -53.672  76.806 0.1111110002
41401  17.787  -52.133  75.461 0.1111110002
42515  21.894  -52.359  76.057 0.1111110002
42528  19.615  -51.646  75.150 0.1111110002
42517  19.968  -51.984  75.921 0.1111110002
42530  17.822  -51.822  74.882 0.2222220004
42542  20.198  -51.321  74.476 0.3333329856
43581  20.682  -51.009  73.813 0.3333329856
42543  19.252  -51.300  74.450 0.4444440007
43683  32.601  -50.412  67.566 0.1111110002
46906  35.194  -48.057  68.668 0.1111110002
44740  33.809  -49.234  67.549 0.1111110002
44757  32.825  -49.061  66.576 0.1111110002
46958  32.492  -47.316  65.646 0.1111110002
64049  36.616  -31.282  54.370 0.6666669846
64050  35.645  -31.406  54.415 0.6666669846
64936  37.968  -30.402  54.499 0.6666669846
65848  36.457  -29.534  54.137 0.6666669846
64939  34.938  -30.624  54.665 0.6666669846
66843  34.945  -28.785  54.761 0.6666669846
66841  36.927  -28.712  53.895 0.6666669846
66842  35.914  -28.453  54.104 0.6666669846
66825  34.529  -28.324  55.427 0.6666669846
67861  42.615  -27.747  56.240 0.5555559993
67869  41.365  -27.866  55.158 0.5555559993
67870  40.843  -28.240  55.064 0.6666669846
66823  40.235  -28.698  54.992 0.6666669846
67871  34.651  -27.607  55.663 0.5555559993
67883  38.850  -27.945  53.729 0.6666669846
65846  38.497  -29.489  54.473 0.6666669846
67884  35.798  -27.466  54.188 0.6666669846
66840  37.990  -28.455  53.911 0.6666669846
67898  37.256  -27.379  53.558 0.6666669846
67893  41.922  -26.912  53.854 0.5555559993
68890  36.779  -26.728  53.636 0.6666669846
68899  43.472  -26.243  52.764 0.5555559993
69958  43.835  -25.859  51.993 0.5555559993
69974  45.457  -25.347  51.660 0.4444440007
69976  43.414  -25.338  51.384 0.6666669846
68916  42.457  -25.919  51.862 0.6666669846
71890  40.234  -23.682  53.944 0.5555559993
71921  44.007  -23.227  50.348 0.6666669846
69994  43.636  -24.565  50.813 0.6666669846
71908  41.102  -23.459  52.260 0.5555559993
71912  42.205  -23.315  51.441 0.6666669846
71909  40.508  -23.860  52.089 0.6666669846
69953  48.369  -25.231  52.578 0.2222220004
69989  47.896  -24.968  50.993 0.4444440007
69990  47.115  -24.937  50.996 0.5555559993
69973  46.394  -25.224  51.748 0.4444440007
69992  45.340  -24.902  50.826 0.5555559993
70952  40.633  -24.128  51.793 0.6666669846
68931  52.444  -26.338  50.511 0.1111110002
71923  42.571  -23.284  51.023 0.6666669846
72925  42.969  -22.694  51.294 0.5555559993
69988  48.718  -24.988  50.749 0.4444440007
70960  46.168  -24.473  50.201 0.6666669846
70005  49.366  -24.922  50.072 0.5555559993
70973  47.763  -24.277  49.720 0.5555559993
70958  47.800  -24.735  50.322 0.5555559993
70976  45.596  -23.492  49.892 0.5555559993
68936  55.498  -27.082  50.086 0.1111110002
68937  54.296  -26.618  49.632 0.1111110002
72924  43.750  -22.147  51.482 0.5555559993
68939  52.392  -26.006  49.733 0.1111110002
72938  45.048  -22.608  50.196 0.5555559993
73920  44.715  -22.124  50.647 0.5555559993
70011  55.345  -25.736  48.319 0.2222220004
70020  56.051  -25.191  47.718 0.2222220004
70001  52.852  -25.766  48.998 0.2222220004
70971  49.704  -24.646  49.397 0.5555559993
71931  46.111  -23.080  49.661 0.5555559993
72953  45.796  -22.460  49.909 0.5555559993
70012  54.370  -25.555  48.182 0.2222220004
71928  48.255  -23.995  49.349 0.5555559993
71939  48.165  -22.973  48.867 0.5555559993
73899  44.458  -21.767  51.648 0.4444440007
73919  45.632  -21.997  50.294 0.4444440007
70989  58.247  -23.555  48.256 0.1111110002
70991  56.667  -24.478  47.137 0.2222220004
70022  54.122  -24.971  47.575 0.2222220004
70014  52.449  -25.223  48.481 0.3333329856
70982  52.755  -24.706  47.918 0.3333329856
70984  51.108  -24.505  48.431 0.4444440007
71936  50.618  -23.743  48.286 0.5555559993
72965  48.142  -22.673  48.891 0.5555559993
72944  58.842  -22.524  49.089 0.1111110002
73925  58.853  -21.576  48.560 0.1111110002
74869  59.608  -21.044  48.700 0.1111110002
72968  58.259  -22.292  47.538 0.1111110002
70999  57.604  -23.431  47.019 0.1111110002
70996  51.801  -24.068  47.928 0.5555559993
72950  48.172  -22.247  48.988 0.5555559993
73936  58.517  -21.508  47.827 0.1111110002
71002  55.043  -23.739  46.540 0.2222220004
74870  59.094  -20.818  48.672 0.1111110002
73940  49.034  -22.038  48.864 0.5555559993
72974  51.211  -23.074  47.974 0.5555559993
78026  59.277  -18.420  48.032 0.1111110002
75863  59.509  -19.702  48.504 0.1111110002
71949  57.397  -22.889  46.666 0.2222220004
71943  57.927  -23.011  47.232 0.1111110002
73928  50.479  -21.632  49.573 0.4444440007
72961  51.723  -22.173  48.511 0.5555559993
76937  59.626  -18.670  47.537 0.1111110002
78041  59.046  -18.058  47.542 0.1111110002
76966  58.535  -18.661  45.791 0.1111110002
76938  57.566  -19.133  48.048 0.3333329856
72960  52.815  -21.923  48.755 0.4444440007
73946  55.670  -20.780  47.439 0.4444440007
72959  53.719  -21.733  49.116 0.4444440007
79082  55.921  -17.133  47.771 0.4444440007
79084  54.557  -17.298  47.794 0.4444440007
79083  55.156  -17.266  47.898 0.4444440007
78031  54.355  -17.672  48.392 0.4444440007
76918  52.815  -18.650  50.582 0.1111110002
76906  53.227  -18.838  52.579 0.1111110002
76913  52.394  -18.550  51.377 0.1111110002
76919  52.257  -18.511  50.876 0.1111110002
76965  59.086  -18.821  46.020 0.1111110002
35848  4.264  -57.396  81.951 0.1111110002
46797  19.452  -45.408  77.637 0.1111110002
46798  18.265  -45.628  77.655 0.1111110002
46799  17.109  -45.932  77.795 0.1111110002
46809  18.661  -45.337  77.035 0.1111110002
46823  18.986  -45.045  76.447 0.1111110002
42621  26.431  -50.743  69.590 0.3333329856
42479  8.470  -50.212  82.119 0.1111110002
45676  17.955  -46.273  79.509 0.1111110002
45688  18.565  -45.967  78.781 0.1111110002
46789  18.837  -45.670  78.175 0.1111110002
46790  17.953  -45.897  78.235 0.1111110002
45705  16.308  -46.313  78.098 0.1111110002
46801  15.451  -46.531  77.410 0.1111110002
45677  16.895  -46.313  79.443 0.1111110002
45690  16.551  -46.329  78.714 0.1111110002
45706  15.397  -46.645  77.811 0.1111110002
45707  14.427  -47.156  77.598 0.1111110002
44643  13.084  -47.890  77.017 0.1111110002
61954  41.319  -32.946  58.068 0.3333329856
61955  40.702  -33.119  57.646 0.3333329856
61971  40.253  -32.994  57.036 0.3333329856
61972  39.531  -33.168  56.767 0.4444440007
61973  38.546  -33.394  56.485 0.5555559993
61974  37.608  -33.622  56.444 0.5555559993
63033  41.553  -32.311  57.363 0.3333329856
63034  40.742  -32.725  57.061 0.3333329856
63052  41.204  -31.818  56.623 0.2222220004
63074  39.957  -31.779  55.760 0.4444440007
63075  39.421  -32.056  55.589 0.5555559993
63054  39.127  -32.786  55.981 0.5555559993
61991  38.050  -33.241  55.864 0.5555559993
63089  37.840  -31.764  54.675 0.5555559993
64031  41.732  -31.180  56.811 0.2222220004
65816  42.150  -29.412  56.752 0.2222220004
64919  41.879  -30.228  56.671 0.3333329856
64926  40.706  -30.528  55.882 0.3333329856
64039  40.296  -31.316  55.782 0.4444440007
64041  39.015  -31.446  55.144 0.5555559993
65818  41.020  -30.011  56.041 0.4444440007
64935  38.994  -30.456  54.894 0.5555559993
64047  38.292  -31.315  54.728 0.5555559993
66795  42.466  -28.885  56.882 0.2222220004
66806  42.724  -27.939  56.604 0.3333329856
66807  42.026  -28.408  56.383 0.4444440007
66808  41.390  -28.866  56.129 0.4444440007
65845  39.293  -29.525  54.831 0.5555559993
66821  41.675  -27.988  55.730 0.4444440007
67860  43.429  -27.404  56.400 0.2222220004
67867  43.228  -27.098  55.594 0.4444440007
68858  43.900  -26.806  55.391 0.4444440007
68859  43.230  -26.879  55.083 0.4444440007
68870  44.569  -26.353  54.581 0.3333329856
69923  46.283  -25.707  54.191 0.1111110002
69935  48.607  -25.328  53.460 0.1111110002
69936  47.708  -25.338  53.497 0.2222220004
69934  49.487  -25.479  53.417 0.1111110002
69952  49.256  -25.378  52.512 0.1111110002
69949  52.020  -26.076  52.422 0.1111110002
70919  40.193  -23.860  55.626 0.4444440007
71882  41.263  -23.740  55.274 0.4444440007
71883  40.573  -23.705  54.783 0.4444440007
71889  41.279  -23.530  54.158 0.4444440007
72888  43.657  -22.659  53.748 0.2222220004
72904  43.227  -22.487  53.026 0.2222220004
73906  47.893  -21.209  51.193 0.3333329856
34761  4.180  -58.165  81.509 0.1111110002
41310  6.106  -51.792  81.922 0.1111110002
41320  8.615  -50.395  81.129 0.3333329856
46813  14.881  -46.695  76.710 0.1111110002
46800  16.006  -46.285  77.531 0.1111110002
63076  38.208  -32.444  55.195 0.5555559993
65834  39.845  -29.531  55.189 0.5555559993
68871  43.764  -26.605  54.456 0.4444440007
69951  50.157  -25.568  52.448 0.1111110002
72903  44.295  -22.128  53.153 0.3333329856
42480  7.790  -50.467  82.164 0.1111110002
65833  40.649  -29.537  55.714 0.5555559993
65832  41.130  -29.101  55.979 0.5555559993
42481  7.075  -50.728  82.102 0.1111110002
46791  17.398  -46.017  78.274 0.1111110002
45689  17.496  -46.154  78.734 0.1111110002
45704  16.987  -46.121  78.319 0.1111110002
45720  15.018  -46.740  77.316 0.1111110002
63053  40.368  -32.307  56.325 0.3333329856
63055  38.507  -33.016  55.837 0.5555559993
61957  38.917  -33.737  57.483 0.4444440007
64032  40.997  -31.311  56.196 0.2222220004
65817  41.412  -29.494  56.291 0.3333329856
64918  42.417  -30.113  57.066 0.2222220004
65803  42.715  -29.359  57.181 0.1111110002
64920  41.308  -30.472  56.290 0.3333329856
64927  39.874  -30.457  55.418 0.5555559993
64928  39.395  -30.937  55.217 0.5555559993
64934  39.494  -29.988  55.099 0.5555559993
66794  43.002  -28.403  57.153 0.2222220004
68847  44.287  -26.881  56.089 0.2222220004
68857  44.848  -26.529  55.460 0.2222220004
68868  46.255  -25.869  54.876 0.1111110002
37049  23.997  -55.976  78.201 0.1111110002
41522  29.303  -52.330  69.314 0.1111110002
42603  28.976  -52.280  70.810 0.1111110002
42592  28.341  -51.982  71.784 0.1111110002
40242  27.452  -54.918  78.480 0.1111110002
42637  29.223  -52.013  68.668 0.1111110002
42618  28.681  -52.020  69.634 0.1111110002
42604  27.979  -51.785  70.625 0.2222220004
42580  27.555  -51.898  72.694 0.2222220004
42535  27.552  -52.491  74.425 0.1111110002
41419  27.312  -52.656  74.905 0.1111110002
41373  27.470  -53.166  76.282 0.1111110002
40279  27.401  -53.804  77.654 0.1111110002
42638  28.161  -51.546  68.565 0.2222220004
42619  27.675  -51.514  69.589 0.2222220004
42605  26.997  -51.296  70.423 0.2222220004
42581  26.423  -51.474  72.495 0.2222220004
42560  26.752  -51.950  73.511 0.1111110002
41420  26.515  -52.563  74.933 0.1111110002
42620  26.875  -50.946  69.399 0.2222220004
36965  25.738  -55.609  80.884 0.1111110002
37002  26.162  -56.000  79.371 0.1111110002
36980  26.443  -55.652  79.592 0.1111110002
39205  27.121  -55.061  78.857 0.1111110002
41375  25.685  -52.882  76.337 0.1111110002
41340  26.540  -53.640  77.806 0.1111110002
42561  25.629  -51.635  73.453 0.1111110002
41421  25.727  -52.469  74.976 0.1111110002
41398  25.151  -52.612  75.556 0.1111110002
42538  24.879  -52.076  74.592 0.1111110002
40210  25.278  -54.424  81.147 0.1111110002
39182  25.667  -54.909  81.301 0.1111110002
38100  25.685  -55.383  81.104 0.1111110002
39181  26.081  -55.160  80.867 0.1111110002
38108  26.412  -55.415  79.981 0.1111110002
40244  26.496  -54.473  79.586 0.1111110002
39206  26.852  -54.923  79.480 0.1111110002
40263  26.082  -53.815  78.718 0.1111110002
41341  25.425  -53.397  77.800 0.1111110002
40226  25.906  -54.369  80.600 0.1111110002
40264  24.995  -53.569  78.821 0.1111110002
41342  24.312  -53.304  78.044 0.1111110002
41358  24.585  -53.044  77.175 0.1111110002
41399  24.345  -52.654  75.792 0.1111110002
42498  9.565  -50.129  80.248 0.1111110002
48028  29.578  -45.719  66.086 0.2222220004
52384  29.418  -42.970  68.966 0.1111110002
51345  29.704  -43.211  68.333 0.1111110002
61938  40.936  -33.479  58.404 0.2222220004
61939  40.233  -33.774  58.156 0.2222220004
61956  39.880  -33.523  57.478 0.2222220004
64019  42.441  -30.896  57.425 0.1111110002
64020  42.037  -31.546  57.305 0.1111110002
57646  30.284  -37.542  68.025 0.1111110002
57658  31.138  -37.099  67.586 0.2222220004
58748  32.094  -36.623  67.107 0.2222220004
58799  33.691  -35.928  64.834 0.2222220004
68869  45.500  -26.008  54.605 0.1111110002
71849  38.944  -23.661  57.757 0.1111110002
70900  39.490  -23.849  56.929 0.3333329856
42523  24.572  -52.460  75.275 0.1111110002
42639  27.476  -51.247  68.973 0.2222220004
42593  27.222  -51.577  71.551 0.2222220004
37048  24.859  -56.105  78.142 0.1111110002
42579  28.707  -52.365  72.993 0.1111110002
38117  27.417  -55.426  78.322 0.1111110002
40243  27.134  -54.767  78.786 0.1111110002
42559  27.836  -52.319  73.812 0.1111110002
42536  26.998  -52.360  74.302 0.1111110002
41396  26.963  -52.867  75.600 0.1111110002
41374  26.599  -52.997  76.374 0.1111110002
41355  27.168  -53.481  77.152 0.1111110002
41339  27.124  -53.764  77.735 0.1111110002
40261  27.796  -54.671  77.999 0.1111110002
40262  27.147  -54.084  78.266 0.1111110002
42537  26.079  -52.151  74.301 0.1111110002
38109  26.083  -55.442  80.634 0.1111110002
36981  25.895  -55.853  80.402 0.1111110002
37003  25.310  -56.097  79.740 0.1111110002
37024  25.570  -56.187  78.803 0.1111110002
37001  26.884  -55.700  78.740 0.1111110002
38118  26.776  -55.334  79.181 0.1111110002
39193  26.752  -55.109  79.605 0.1111110002
41397  26.097  -52.727  75.626 0.1111110002
41356  26.129  -53.222  77.083 0.1111110002
39195  26.162  -54.853  80.736 0.1111110002
39194  26.458  -55.029  80.226 0.1111110002
40225  26.324  -54.690  80.351 0.1111110002
40245  25.578  -53.869  79.731 0.1111110002
41357  25.328  -53.043  76.965 0.1111110002
41376  24.839  -52.847  76.384 0.1111110002
40246  24.509  -53.718  79.666 0.1111110002
41377  24.002  -52.832  76.502 0.1111110002
56517  36.870  -38.752  67.049 0.1111110002
56534  37.367  -38.503  66.289 0.1111110002
56550  37.051  -38.385  65.530 0.1111110002
57700  37.354  -38.102  64.478 0.2222220004
69829  38.698  -25.575  61.117 0.1111110002
71898  42.928  -22.882  53.856 0.2222220004
71888  42.245  -23.366  54.440 0.2222220004
72902  44.995  -21.970  53.592 0.1111110002
73886  47.251  -21.464  53.022 0.1111110002
73905  48.929  -21.264  51.316 0.2222220004
73904  49.956  -21.336  51.460 0.2222220004
73915  49.707  -21.373  50.432 0.2222220004
73903  50.932  -21.461  51.568 0.2222220004
72949  51.243  -21.688  49.957 0.2222220004
72948  52.051  -21.806  49.683 0.2222220004
72923  51.793  -21.600  51.594 0.1111110002
72935  52.390  -21.714  50.750 0.1111110002
72936  51.556  -21.672  50.697 0.2222220004
72947  53.024  -21.752  49.917 0.2222220004
76967  57.721  -18.517  45.562 0.2222220004
78053  57.272  -17.413  46.147 0.2222220004
72911  52.737  -21.342  52.807 0.1111110002
72934  53.062  -21.646  50.932 0.1111110002
78063  57.099  -18.147  45.582 0.2222220004
76968  56.865  -18.905  45.171 0.2222220004
78064  56.463  -17.999  45.643 0.3333329856
76969  55.845  -18.691  45.189 0.3333329856
78065  55.557  -17.904  45.811 0.3333329856
78066  55.011  -17.874  46.062 0.3333329856
72933  53.437  -21.429  51.199 0.1111110002
72946  53.660  -21.613  50.248 0.2222220004
79098  56.543  -16.655  46.934 0.3333329856
78054  56.139  -17.210  46.196 0.3333329856
80077  55.442  -16.678  46.978 0.3333329856
78055  55.309  -17.347  46.341 0.3333329856
76970  54.688  -18.379  45.532 0.2222220004
72945  53.961  -21.385  50.687 0.3333329856
79091  54.786  -17.065  47.337 0.3333329856
76951  54.337  -18.174  46.062 0.3333329856
79101  54.392  -17.251  47.052 0.3333329856
78056  54.521  -17.735  46.413 0.3333329856
79092  54.091  -17.320  47.517 0.3333329856
76952  53.879  -18.233  46.203 0.2222220004
78057  53.657  -17.722  47.001 0.2222220004
76940  52.214  -18.330  47.184 0.1111110002
78058  52.985  -17.995  47.320 0.1111110002
78044  52.254  -18.162  47.649 0.1111110002
78033  52.471  -18.114  48.492 0.1111110002
76941  51.744  -18.398  47.202 0.1111110002
76954  51.491  -18.389  46.378 0.1111110002
76942  50.655  -18.419  47.418 0.1111110002
76974  50.605  -17.626  45.596 0.1111110002
76955  50.402  -18.149  46.275 0.1111110002
78035  50.414  -18.358  48.345 0.1111110002
78045  51.224  -18.357  47.867 0.1111110002
78019  51.609  -18.319  49.471 0.1111110002
76934  49.134  -18.243  47.727 0.1111110002
78046  50.778  -18.406  47.898 0.1111110002
76943  49.693  -18.292  47.101 0.1111110002
76932  50.327  -18.421  47.880 0.1111110002
73895  48.105  -21.325  52.200 0.2222220004
80075  56.043  -16.693  47.292 0.3333329856
73914  50.678  -21.517  50.609 0.3333329856
73894  49.126  -21.347  52.355 0.2222220004
72921  52.914  -21.442  51.844 0.1111110002
76987  55.463  -19.039  44.256 0.2222220004
78034  51.441  -18.252  48.556 0.1111110002
35810  6.902  -58.498  84.916 0.1111110002
34750  6.704  -58.873  84.663 0.1111110002
35821  7.219  -57.697  84.404 0.1111110002
35834  6.393  -57.756  83.720 0.1111110002
35833  6.841  -57.632  83.744 0.1111110002
36948  6.671  -57.502  83.039 0.1111110002
35823  5.986  -58.479  83.975 0.1111110002
34754  5.702  -58.780  83.677 0.1111110002
35835  5.647  -58.064  83.438 0.1111110002
34760  4.608  -58.450  82.290 0.1111110002
55386  29.253  -38.914  70.192 0.1111110002
56567  37.442  -38.239  64.947 0.1111110002
59757  36.158  -35.540  64.215 0.1111110002
59739  36.927  -36.134  65.328 0.1111110002
59776  35.416  -34.904  63.333 0.1111110002
61881  36.692  -32.482  61.861 0.1111110002
60768  36.486  -34.008  62.521 0.1111110002
71859  40.426  -23.727  57.191 0.1111110002
70908  40.756  -23.925  56.421 0.1111110002
70909  40.219  -23.903  56.536 0.2222220004
71873  41.310  -23.811  56.377 0.1111110002
71881  42.375  -23.583  55.448 0.1111110002
75915  57.974  -19.731  43.267 0.1111110002
75889  57.639  -19.379  44.942 0.1111110002
77016  58.556  -18.337  42.223 0.1111110002
75916  57.008  -19.580  43.135 0.1111110002
55372  29.243  -39.478  70.887 0.1111110002
56481  29.684  -38.088  69.502 0.1111110002
61861  36.681  -33.217  62.148 0.1111110002
70918  40.761  -23.900  56.060 0.2222220004
75901  57.147  -19.689  44.198 0.1111110002
76986  56.290  -19.283  44.544 0.1111110002
35822  6.461  -58.268  84.432 0.1111110002
34753  6.193  -58.840  84.182 0.1111110002
34757  5.160  -58.620  83.057 0.1111110002
59756  37.501  -35.325  63.920 0.1111110002
59775  36.642  -35.047  63.345 0.1111110002
75930  57.839  -19.051  42.554 0.1111110002
77017  57.715  -18.107  42.332 0.1111110002
42475  5.696  -50.285  82.072 0.1111110002
42484  5.285  -50.847  81.841 0.1111110002
43540  5.004  -50.391  81.609 0.1111110002
42490  4.711  -51.140  81.317 0.1111110002
41312  5.231  -51.591  81.834 0.1111110002
57657  31.866  -37.055  67.881 0.1111110002
58733  32.521  -36.710  67.770 0.1111110002
57645  31.030  -37.244  68.473 0.1111110002
61920  41.153  -33.732  59.029 0.1111110002
58747  33.139  -36.357  67.223 0.1111110002
61936  42.143  -32.979  59.354 0.1111110002
62998  42.733  -32.746  59.724 0.1111110002
63017  41.791  -32.692  58.180 0.1111110002
41323  4.387  -51.899  81.027 0.1111110002
41328  4.047  -52.164  80.562 0.1111110002
63032  42.339  -31.692  57.723 0.1111110002
83060  55.239  -12.130  39.512 0.1111110002
84003  55.729  -11.805  39.752 0.1111110002
84004  54.590  -11.094  39.763 0.1111110002
77019  55.949  -17.743  42.566 0.1111110002
81075  56.659  -14.208  42.272 0.1111110002
79146  55.734  -16.280  42.916 0.1111110002
77003  54.317  -17.970  43.582 0.1111110002
82041  56.430  -13.159  41.973 0.1111110002
83034  56.591  -12.256  40.771 0.1111110002
83994  56.163  -11.849  40.160 0.1111110002
82093  54.593  -12.614  39.661 0.1111110002
82071  53.636  -12.999  40.097 0.1111110002
81076  55.844  -14.074  42.812 0.1111110002
82052  56.687  -12.689  41.344 0.1111110002
83035  55.901  -12.065  41.073 0.1111110002
83982  55.346  -11.537  40.788 0.1111110002
83995  55.418  -11.470  40.227 0.1111110002
75917  56.065  -19.220  43.164 0.1111110002
77002  55.247  -18.484  43.258 0.1111110002
76988  54.417  -18.463  44.390 0.1111110002
80108  55.992  -15.200  42.846 0.1111110002
80109  55.537  -15.799  43.099 0.1111110002
78097  54.437  -17.050  43.438 0.1111110002
76989  53.385  -18.112  44.353 0.1111110002
76971  53.525  -18.406  45.390 0.1111110002
82072  52.444  -13.165  40.317 0.1111110002
77004  53.810  -17.482  43.787 0.1111110002
83061  54.160  -11.827  39.581 0.1111110002
83022  55.743  -12.466  41.754 0.1111110002
83036  55.318  -11.894  41.347 0.1111110002
83983  54.618  -11.279  41.222 0.1111110002
81077  55.365  -13.847  42.961 0.1111110002
82043  54.370  -12.904  42.794 0.1111110002
81063  55.578  -14.810  43.085 0.1111110002
79123  54.444  -16.182  43.545 0.1111110002
76953  52.667  -18.314  46.638 0.1111110002
81064  55.045  -14.371  43.283 0.1111110002
80093  54.301  -15.287  43.686 0.1111110002
79124  53.659  -16.172  43.873 0.1111110002
78096  55.206  -17.297  43.013 0.1111110002
78119  56.021  -16.906  42.689 0.1111110002
82040  56.947  -13.646  41.778 0.1111110002
83021  56.321  -12.487  41.381 0.1111110002
83062  53.358  -12.068  39.616 0.1111110002
82042  55.339  -13.225  42.621 0.1111110002
75932  56.128  -18.553  42.629 0.1111110002
80092  55.233  -15.381  43.277 0.1111110002
78098  53.890  -16.826  43.706 0.1111110002
35870  8.534  -57.397  80.452 0.3333329856
35872  7.728  -57.264  80.617 0.3333329856
36975  7.567  -57.373  81.569 0.1111110002
38139  23.847  -55.804  77.614 0.1111110002
39189  13.017  -55.580  81.902 0.1111110002
39235  12.487  -54.326  76.851 0.2222220004
41311  5.554  -51.845  81.911 0.2222220004
43603  13.107  -50.821  73.056 0.7777780294
43624  12.743  -50.094  73.076 0.7777780294
44747  24.302  -49.026  68.023 0.6666669846
45917  25.191  -47.862  64.278 0.8888890147
46849  14.314  -47.172  74.845 0.6666669846
47906  15.796  -45.995  74.124 0.7777780294
48071  29.607  -46.704  62.731 0.8888890147
49147  21.806  -45.674  66.787 0.8888890147
50352  29.810  -44.959  61.527 0.8888890147
52411  29.125  -41.906  66.113 0.3333329856
54416  27.702  -40.120  64.548 0.6666669846
56592  29.089  -37.733  63.496 1.0000000000
56632  33.483  -38.181  60.830 1.0000000000
58801  28.608  -36.045  64.530 1.0000000000
58814  28.622  -36.946  63.715 1.0000000000
59764  28.978  -35.557  64.401 1.0000000000
59791  39.571  -35.820  61.964 0.1111110002
60770  34.792  -34.024  62.660 0.3333329856
60796  39.649  -34.633  60.036 0.2222220004
60853  33.200  -33.598  56.847 1.0000000000
61901  35.655  -32.472  61.441 0.3333329856
63093  34.824  -32.187  54.804 0.6666669846
64030  42.124  -30.618  56.985 0.2222220004
64040  39.666  -31.345  55.472 0.5555559993
64043  33.599  -31.720  55.600 0.6666669846
64909  33.912  -29.927  58.138 0.6666669846
66780  35.363  -28.138  58.265 0.4444440007
67854  35.633  -27.018  57.664 0.5555559993
67907  39.323  -26.687  52.804 0.6666669846
68838  35.796  -26.361  57.446 0.5555559993
69961  38.569  -25.228  52.708 0.6666669846
70937  37.576  -25.229  53.399 0.6666669846
70964  42.592  -23.544  50.913 0.6666669846
71874  40.688  -23.902  56.661 0.1111110002
71911  42.690  -22.983  51.143 0.6666669846
71914  40.717  -23.900  51.854 0.6666669846
72954  45.463  -22.665  50.006 0.5555559993
73921  44.329  -22.181  50.791 0.5555559993
73933  45.905  -22.130  49.979 0.5555559993
73941  48.613  -22.080  48.926 0.5555559993
74885  56.035  -20.738  47.104 0.4444440007
75885  59.954  -19.801  46.065 0.1111110002
76947  59.864  -19.042  47.002 0.1111110002
78007  52.470  -18.533  50.185 0.2222220004
79096  57.818  -17.045  47.118 0.3333329856
79099  55.710  -16.819  46.751 0.3333329856
79100  55.058  -17.016  46.897 0.3333329856
79122  55.099  -16.341  43.219 0.1111110002
80063  55.609  -17.152  47.911 0.4444440007
80070  55.601  -16.848  47.298 0.4444440007
80071  55.258  -16.820  47.031 0.3333329856
80076  55.833  -16.644  46.941 0.3333329856
80091  55.624  -15.112  43.078 0.1111110002
82027  55.122  -13.765  43.032 0.1111110002
83981  55.901  -11.821  40.577 0.1111110002
