#!ascii label  , from subject sub-MOT05 vox2ras=TkReg
836
47917  21.064  -44.170  73.341 0.0000000000
47865  30.763  -44.042  76.210 0.0000000000
70897  37.556  -24.411  58.171 0.0000000000
59761  31.505  -34.903  64.210 0.0000000000
55361  30.124  -39.505  72.278 0.0000000000
72921  52.914  -21.442  51.844 0.0000000000
66741  38.656  -27.866  60.555 0.0000000000
63994  35.002  -31.077  59.862 0.0000000000
47921  16.627  -45.793  73.199 0.0000000000
45782  26.486  -45.941  73.237 0.0000000000
45843  27.433  -45.673  69.431 0.0000000000
50218  23.100  -44.393  69.006 0.0000000000
72872  44.830  -22.731  54.797 0.0000000000
45730  24.704  -46.111  76.388 0.0000000000
46796  20.341  -45.340  77.358 0.0000000000
71846  41.691  -22.822  58.402 0.0000000000
46801  15.451  -46.531  77.410 0.0000000000
43569  11.451  -49.287  76.924 0.0000000000
60755  36.268  -34.562  62.932 0.0000000000
57645  31.030  -37.244  68.473 0.0000000000
53391  28.731  -41.482  67.355 0.0000000000
49141  30.121  -44.934  66.836 0.0000000000
64869  39.539  -29.465  61.213 0.0000000000
64894  36.935  -29.648  59.489 0.0000000000
62983  37.876  -31.342  60.902 0.0000000000
67779  40.917  -27.493  62.697 0.0000000000
49087  19.657  -44.598  70.229 0.0000000000
47949  17.488  -46.155  70.231 0.0000000000
47919  18.903  -44.610  73.205 0.0000000000
47897  24.345  -45.283  73.193 0.0000000000
47947  24.790  -45.018  71.271 0.0000000000
49070  22.754  -44.512  71.473 0.0000000000
50221  20.749  -44.669  68.481 0.0000000000
70911  38.378  -24.179  56.191 0.0000000000
70892  38.738  -24.044  60.246 0.0000000000
71848  39.551  -23.466  57.998 0.0000000000
70918  40.761  -23.900  56.060 0.0000000000
45675  19.133  -46.138  79.516 0.0000000000
46798  18.265  -45.628  77.655 0.0000000000
45677  16.895  -46.313  79.443 0.0000000000
43548  11.599  -48.733  81.348 0.0000000000
43560  12.278  -48.468  78.947 0.0000000000
42506  10.347  -49.912  78.803 0.0000000000
41336  8.843  -51.187  79.239 0.0000000000
41321  7.910  -51.231  80.779 0.0000000000
57632  32.506  -35.859  69.897 0.0000000000
56480  30.330  -37.595  70.112 0.0000000000
55405  28.675  -38.959  68.814 0.0000000000
54374  28.615  -40.779  69.452 0.0000000000
47989  26.934  -45.790  67.288 0.0000000000
47970  28.652  -45.118  67.993 0.0000000000
48030  28.032  -46.097  65.521 0.0000000000
49187  29.336  -44.888  64.634 0.0000000000
59777  34.071  -35.019  63.392 0.0000000000
60785  33.453  -33.903  61.632 0.0000000000
59808  32.110  -34.556  61.116 0.0000000000
74866  54.338  -20.528  51.050 0.0000000000
72945  53.961  -21.385  50.687 0.0000000000
68815  37.281  -26.111  59.779 0.0000000000
66779  35.812  -28.159  58.645 0.0000000000
69827  39.895  -26.109  62.065 0.0000000000
45743  28.134  -45.743  74.532 0.0000000000
45762  28.873  -45.475  73.010 0.0000000000
45809  26.868  -45.669  71.308 0.0000000000
49098  25.964  -45.247  68.973 0.0000000000
50242  23.842  -44.434  66.938 0.0000000000
71854  45.632  -22.791  57.544 0.0000000000
72884  47.155  -21.879  55.002 0.0000000000
73884  49.246  -21.429  53.397 0.0000000000
73903  50.932  -21.461  51.568 0.0000000000
46840  23.456  -45.398  75.535 0.0000000000
46842  21.558  -44.823  75.407 0.0000000000
45718  22.267  -45.639  76.942 0.0000000000
45747  25.914  -45.916  75.277 0.0000000000
71871  43.599  -23.267  56.536 0.0000000000
46845  18.155  -45.012  75.816 0.0000000000
46847  16.033  -45.831  75.224 0.0000000000
45752  13.849  -47.720  74.656 0.0000000000
44614  14.684  -47.092  79.791 0.0000000000
44643  13.084  -47.890  77.017 0.0000000000
41310  6.106  -51.792  81.922 0.0000000000
61860  37.919  -33.018  62.082 0.0000000000
58782  33.772  -36.144  65.643 0.0000000000
58746  34.057  -36.184  67.443 0.0000000000
58766  31.774  -35.973  66.225 0.0000000000
57660  29.277  -37.416  66.947 0.0000000000
55442  27.924  -39.321  66.669 0.0000000000
53428  28.334  -41.379  64.091 0.0000000000
47944  29.541  -44.820  71.351 0.0000000000
50217  29.850  -43.853  70.428 0.0000000000
52374  29.340  -42.731  69.897 0.0000000000
52409  29.777  -42.589  67.076 0.0000000000
51386  28.954  -43.367  63.691 0.0000000000
61902  35.244  -32.632  61.319 0.0000000000
62988  32.996  -32.748  60.100 0.0000000000
63970  39.758  -30.369  62.071 0.0000000000
63980  39.023  -30.413  61.254 0.0000000000
62968  38.790  -31.402  61.492 0.0000000000
64859  40.751  -29.592  62.621 0.0000000000
49056  20.177  -44.228  72.365 0.0000000000
49057  19.177  -44.635  72.404 0.0000000000
47918  19.948  -44.341  73.306 0.0000000000
47915  23.349  -44.533  73.033 0.0000000000
47933  23.568  -44.636  72.159 0.0000000000
49054  22.176  -44.223  72.154 0.0000000000
49072  20.463  -44.233  71.323 0.0000000000
70894  37.686  -24.588  59.028 0.0000000000
71837  39.245  -23.435  59.200 0.0000000000
70896  38.221  -23.994  58.394 0.0000000000
70900  39.490  -23.849  56.929 0.0000000000
42492  10.634  -49.158  81.375 0.0000000000
42501  10.867  -49.105  80.262 0.0000000000
42497  10.361  -49.400  80.626 0.0000000000
42503  9.702  -50.448  79.280 0.0000000000
41324  9.243  -50.489  80.103 0.0000000000
41325  8.853  -50.703  80.272 0.0000000000
56462  31.486  -37.028  71.499 0.0000000000
55371  29.674  -39.271  71.584 0.0000000000
55372  29.243  -39.478  70.887 0.0000000000
54350  29.184  -40.414  71.065 0.0000000000
47872  30.617  -44.004  75.367 0.0000000000
49144  25.626  -45.363  66.057 0.0000000000
48008  27.269  -45.969  66.312 0.0000000000
49166  26.593  -45.644  64.940 0.0000000000
49165  27.764  -45.664  64.780 0.0000000000
59760  32.484  -35.174  64.048 0.0000000000
59778  32.860  -35.094  63.177 0.0000000000
72912  52.345  -21.474  52.548 0.0000000000
72911  52.737  -21.342  52.807 0.0000000000
72920  53.186  -21.247  52.158 0.0000000000
72932  53.609  -21.158  51.615 0.0000000000
72933  53.437  -21.429  51.199 0.0000000000
67812  38.149  -27.063  60.577 0.0000000000
67845  36.554  -27.100  59.094 0.0000000000
65764  37.685  -28.384  59.663 0.0000000000
64009  35.938  -30.285  59.441 0.0000000000
64896  35.226  -29.754  59.093 0.0000000000
64897  34.280  -30.025  58.743 0.0000000000
66739  39.636  -27.799  61.819 0.0000000000
67810  39.330  -27.257  61.657 0.0000000000
68803  38.372  -26.340  60.919 0.0000000000
47936  16.461  -46.105  71.888 0.0000000000
46876  15.220  -46.981  72.885 0.0000000000
45765  27.288  -45.888  73.761 0.0000000000
45780  27.471  -45.698  72.784 0.0000000000
45795  26.700  -45.780  72.280 0.0000000000
49083  24.496  -44.896  70.481 0.0000000000
47959  25.732  -45.046  70.117 0.0000000000
49099  25.272  -45.022  69.402 0.0000000000
49113  24.755  -44.987  68.208 0.0000000000
49114  23.886  -44.517  67.876 0.0000000000
50231  22.301  -44.300  67.971 0.0000000000
58770  28.475  -36.718  65.314 0.0000000000
71878  45.524  -22.931  55.937 0.0000000000
71877  46.366  -22.863  56.171 0.0000000000
72885  46.327  -21.984  54.673 0.0000000000
73895  48.105  -21.325  52.200 0.0000000000
73905  48.929  -21.264  51.316 0.0000000000
73893  50.166  -21.384  52.488 0.0000000000
45749  24.251  -45.732  75.806 0.0000000000
45732  23.049  -45.622  76.382 0.0000000000
45716  24.149  -46.345  77.202 0.0000000000
45729  25.502  -46.209  76.215 0.0000000000
46839  24.424  -45.487  74.919 0.0000000000
71844  44.013  -23.016  58.177 0.0000000000
71857  42.685  -23.232  57.415 0.0000000000
71888  42.245  -23.366  54.440 0.0000000000
46807  20.855  -45.291  76.874 0.0000000000
46844  19.259  -44.766  75.803 0.0000000000
46808  19.757  -45.173  76.950 0.0000000000
46799  17.109  -45.932  77.795 0.0000000000
46825  16.792  -45.688  76.307 0.0000000000
46826  15.683  -46.162  76.212 0.0000000000
46848  14.799  -46.654  75.251 0.0000000000
46813  14.881  -46.695  76.710 0.0000000000
44602  13.851  -47.591  80.613 0.0000000000
43565  11.561  -48.996  77.667 0.0000000000
44627  12.719  -48.223  78.187 0.0000000000
44638  11.962  -48.778  76.931 0.0000000000
44648  12.543  -48.796  75.755 0.0000000000
59741  34.900  -36.067  65.037 0.0000000000
57644  32.070  -36.810  68.575 0.0000000000
57643  32.762  -36.137  68.933 0.0000000000
58733  32.521  -36.710  67.770 0.0000000000
58748  32.094  -36.623  67.107 0.0000000000
57658  31.138  -37.099  67.586 0.0000000000
58750  30.050  -36.710  66.650 0.0000000000
57646  30.284  -37.542  68.025 0.0000000000
54392  28.452  -40.582  68.030 0.0000000000
55427  28.269  -39.130  67.651 0.0000000000
54393  28.209  -40.283  67.321 0.0000000000
54415  27.820  -40.442  64.777 0.0000000000
53419  28.346  -41.359  65.185 0.0000000000
45791  28.494  -45.568  71.371 0.0000000000
46884  29.337  -45.194  71.818 0.0000000000
45804  28.830  -45.439  70.683 0.0000000000
47985  29.404  -45.003  67.261 0.0000000000
47969  29.117  -44.768  68.771 0.0000000000
49124  29.484  -44.192  68.431 0.0000000000
51336  29.634  -43.329  70.088 0.0000000000
51344  29.628  -43.457  68.912 0.0000000000
51345  29.704  -43.211  68.333 0.0000000000
50256  30.397  -44.065  66.625 0.0000000000
50295  28.243  -44.372  63.535 0.0000000000
50294  29.215  -44.207  64.108 0.0000000000
60767  37.345  -33.882  62.493 0.0000000000
61881  36.692  -32.482  61.861 0.0000000000
61862  35.834  -33.480  62.315 0.0000000000
60797  32.913  -33.766  60.778 0.0000000000
61904  33.217  -33.195  60.632 0.0000000000
75851  53.997  -19.610  51.593 0.0000000000
65754  39.097  -28.670  60.736 0.0000000000
65782  37.676  -28.955  59.703 0.0000000000
64870  38.643  -29.576  60.574 0.0000000000
63992  36.903  -30.636  59.886 0.0000000000
62999  36.404  -31.312  60.051 0.0000000000
66713  41.603  -27.964  63.016 0.0000000000
65745  40.051  -28.578  61.673 0.0000000000
49088  18.442  -45.235  70.258 0.0000000000
49074  18.311  -45.095  71.633 0.0000000000
47920  17.722  -45.174  72.733 0.0000000000
46875  25.113  -45.849  73.122 0.0000000000
46886  25.781  -45.911  71.866 0.0000000000
47932  24.377  -45.020  71.905 0.0000000000
49069  23.805  -44.765  71.284 0.0000000000
50206  22.491  -44.442  69.750 0.0000000000
50220  21.552  -44.357  68.638 0.0000000000
49086  20.908  -44.199  70.200 0.0000000000
49102  20.159  -44.634  69.201 0.0000000000
72903  44.295  -22.128  53.153 0.0000000000
45699  24.391  -46.713  77.824 0.0000000000
71821  39.317  -23.539  60.384 0.0000000000
71836  40.328  -22.786  59.471 0.0000000000
71847  40.444  -23.237  58.234 0.0000000000
71858  41.527  -23.482  57.376 0.0000000000
71859  40.426  -23.727  57.191 0.0000000000
70919  40.193  -23.860  55.626 0.0000000000
45687  19.940  -45.658  78.528 0.0000000000
46797  19.452  -45.408  77.637 0.0000000000
45688  18.565  -45.967  78.781 0.0000000000
45689  17.496  -46.154  78.734 0.0000000000
45690  16.551  -46.329  78.714 0.0000000000
43554  12.963  -48.062  80.344 0.0000000000
43551  12.277  -48.451  80.909 0.0000000000
43556  11.312  -48.920  79.558 0.0000000000
43562  10.926  -49.530  78.278 0.0000000000
42507  9.889  -50.432  78.447 0.0000000000
56479  31.038  -36.999  70.685 0.0000000000
56500  30.469  -37.536  69.205 0.0000000000
56501  30.073  -37.819  68.778 0.0000000000
56481  29.684  -38.088  69.502 0.0000000000
54363  28.719  -39.838  69.727 0.0000000000
53376  28.728  -41.636  68.455 0.0000000000
46929  27.107  -45.781  68.606 0.0000000000
46927  28.090  -45.329  68.435 0.0000000000
47988  27.565  -45.752  67.013 0.0000000000
48006  28.984  -45.925  66.521 0.0000000000
48028  29.578  -45.719  66.086 0.0000000000
49163  29.842  -45.207  65.406 0.0000000000
49164  28.791  -45.620  64.947 0.0000000000
49189  27.450  -45.056  63.940 0.0000000000
59792  35.091  -34.343  63.013 0.0000000000
60783  35.052  -33.760  62.387 0.0000000000
60771  34.080  -34.103  62.362 0.0000000000
59807  32.894  -34.252  61.537 0.0000000000
74863  54.024  -20.346  52.146 0.0000000000
73913  54.059  -20.987  51.295 0.0000000000
69866  37.125  -25.249  59.001 0.0000000000
69879  36.437  -25.377  57.538 0.0000000000
68830  36.295  -26.301  58.382 0.0000000000
65784  36.317  -28.866  59.060 0.0000000000
65785  35.405  -28.919  58.638 0.0000000000
68765  41.447  -26.315  63.064 0.0000000000
69811  40.931  -25.865  62.528 0.0000000000
70870  40.413  -24.557  62.180 0.0000000000
69829  38.698  -25.575  61.117 0.0000000000
69848  38.110  -25.399  60.471 0.0000000000
46836  29.315  -45.132  74.607 0.0000000000
46835  29.739  -44.747  74.260 0.0000000000
45742  28.798  -45.441  74.020 0.0000000000
45792  28.033  -45.622  71.572 0.0000000000
45826  27.308  -45.827  70.094 0.0000000000
46898  26.243  -45.742  70.960 0.0000000000
46912  26.570  -45.722  70.071 0.0000000000
46930  26.744  -45.800  69.120 0.0000000000
47990  26.261  -45.713  67.759 0.0000000000
49126  25.493  -45.385  67.359 0.0000000000
49145  24.652  -44.781  65.698 0.0000000000
72868  47.965  -21.803  55.807 0.0000000000
73873  47.272  -21.631  54.019 0.0000000000
73872  48.206  -21.554  54.347 0.0000000000
73871  49.234  -21.427  54.381 0.0000000000
73883  50.379  -21.432  53.535 0.0000000000
73892  51.165  -21.460  52.572 0.0000000000
72923  51.793  -21.600  51.594 0.0000000000
72935  52.390  -21.714  50.750 0.0000000000
47900  21.914  -44.432  74.430 0.0000000000
47883  21.207  -44.536  74.769 0.0000000000
46841  22.556  -45.142  75.551 0.0000000000
46820  22.236  -45.333  76.220 0.0000000000
45719  21.525  -45.498  77.010 0.0000000000
45700  23.504  -46.517  78.104 0.0000000000
45686  21.423  -45.994  78.754 0.0000000000
45674  20.419  -46.042  79.593 0.0000000000
47866  30.394  -44.587  76.354 0.0000000000
46818  29.061  -45.625  75.851 0.0000000000
45744  27.526  -45.897  74.426 0.0000000000
45745  27.049  -46.035  74.773 0.0000000000
45746  26.487  -45.995  75.049 0.0000000000
45767  26.141  -45.921  74.217 0.0000000000
46838  24.966  -45.640  74.477 0.0000000000
46861  23.786  -45.079  74.492 0.0000000000
71843  44.876  -22.790  58.210 0.0000000000
71870  44.625  -23.049  56.637 0.0000000000
71886  44.123  -22.986  54.942 0.0000000000
71872  42.508  -23.540  56.472 0.0000000000
71887  43.326  -23.085  54.589 0.0000000000
72888  43.657  -22.659  53.748 0.0000000000
47884  20.533  -44.554  74.909 0.0000000000
47903  18.570  -44.677  74.057 0.0000000000
47904  17.468  -45.147  74.081 0.0000000000
46824  17.895  -45.331  76.429 0.0000000000
46846  17.160  -45.407  75.695 0.0000000000
47905  16.431  -45.654  74.355 0.0000000000
46865  15.257  -46.431  74.150 0.0000000000
45769  14.019  -47.779  73.580 0.0000000000
45678  15.806  -46.578  79.361 0.0000000000
45692  14.828  -47.021  78.299 0.0000000000
44635  14.059  -47.449  78.226 0.0000000000
45707  14.427  -47.156  77.598 0.0000000000
45722  13.475  -47.768  76.349 0.0000000000
41309  6.983  -51.261  81.784 0.0000000000
62955  39.196  -31.822  62.337 0.0000000000
59775  36.642  -35.047  63.345 0.0000000000
59758  34.738  -35.709  64.354 0.0000000000
59759  33.502  -35.451  64.073 0.0000000000
58800  32.958  -35.506  64.669 0.0000000000
58764  33.963  -36.210  66.509 0.0000000000
58765  32.941  -36.176  66.369 0.0000000000
58784  31.814  -35.484  65.501 0.0000000000
59730  30.510  -35.707  65.745 0.0000000000
58751  29.380  -36.810  66.386 0.0000000000
57661  28.534  -37.683  66.473 0.0000000000
56502  29.258  -38.093  68.332 0.0000000000
56521  28.412  -38.253  67.117 0.0000000000
56540  28.006  -38.357  66.117 0.0000000000
55453  27.722  -39.858  64.688 0.0000000000
54426  28.091  -40.402  63.955 0.0000000000
54340  30.129  -40.534  72.338 0.0000000000
47896  30.221  -44.327  73.967 0.0000000000
49053  30.500  -43.969  73.511 0.0000000000
50196  30.422  -43.654  72.790 0.0000000000
46907  29.029  -45.084  69.606 0.0000000000
49097  29.747  -44.366  70.785 0.0000000000
51319  30.358  -42.957  72.577 0.0000000000
52357  30.218  -42.232  72.383 0.0000000000
52358  29.933  -42.043  71.843 0.0000000000
53358  29.253  -41.617  70.766 0.0000000000
53367  29.042  -42.218  69.995 0.0000000000
52393  29.395  -42.410  67.737 0.0000000000
52394  29.341  -42.157  67.301 0.0000000000
51377  30.198  -43.551  65.510 0.0000000000
51378  29.849  -43.020  65.393 0.0000000000
52423  29.000  -41.912  65.459 0.0000000000
52432  28.854  -42.301  64.476 0.0000000000
62969  37.627  -31.998  61.523 0.0000000000
62970  36.649  -32.108  61.600 0.0000000000
63001  34.877  -31.673  60.340 0.0000000000
61903  34.224  -32.791  61.204 0.0000000000
62987  33.612  -32.466  60.461 0.0000000000
63996  33.540  -31.598  59.646 0.0000000000
72947  53.024  -21.752  49.917 0.0000000000
63962  39.780  -30.859  62.697 0.0000000000
63971  39.272  -30.833  61.784 0.0000000000
62967  39.474  -31.143  62.241 0.0000000000
63969  40.276  -30.010  62.419 0.0000000000
47916  22.290  -44.137  73.148 0.0000000000
49055  21.302  -44.102  72.308 0.0000000000
70902  37.317  -24.404  57.104 0.0000000000
70901  38.529  -23.932  57.242 0.0000000000
42493  9.916  -49.591  81.250 0.0000000000
42498  9.565  -50.129  80.248 0.0000000000
42499  9.207  -50.312  80.451 0.0000000000
56443  30.248  -38.721  72.036 0.0000000000
54349  29.628  -40.507  71.711 0.0000000000
49013  31.197  -43.506  76.452 0.0000000000
49143  26.583  -45.817  65.885 0.0000000000
49167  25.476  -45.295  64.895 0.0000000000
59779  31.757  -34.918  63.270 0.0000000000
66757  37.909  -27.651  59.933 0.0000000000
64010  35.073  -30.419  59.482 0.0000000000
64011  34.241  -30.724  59.354 0.0000000000
64898  33.796  -30.547  58.837 0.0000000000
66740  39.302  -27.952  61.230 0.0000000000
67811  38.816  -27.192  61.070 0.0000000000
47937  15.894  -46.383  72.645 0.0000000000
45781  27.010  -45.800  73.027 0.0000000000
49101  23.013  -44.474  69.446 0.0000000000
49100  23.833  -44.711  69.153 0.0000000000
50230  23.135  -44.321  68.383 0.0000000000
57687  28.221  -37.314  64.785 0.0000000000
72871  45.537  -22.665  55.085 0.0000000000
72886  45.438  -22.146  54.255 0.0000000000
45731  23.868  -45.939  76.514 0.0000000000
72827  42.860  -22.578  58.749 0.0000000000
71845  43.000  -22.840  58.184 0.0000000000
46822  20.102  -44.965  76.370 0.0000000000
46800  16.006  -46.285  77.531 0.0000000000
46811  16.413  -45.993  77.009 0.0000000000
46812  15.344  -46.487  76.940 0.0000000000
46827  14.852  -46.663  76.300 0.0000000000
44587  14.041  -47.610  81.572 0.0000000000
44645  11.888  -49.126  76.213 0.0000000000
57634  31.066  -37.052  69.177 0.0000000000
57657  31.866  -37.055  67.881 0.0000000000
53392  28.275  -41.000  66.792 0.0000000000
53409  28.597  -41.449  66.234 0.0000000000
45806  28.124  -45.633  70.654 0.0000000000
45805  28.574  -45.509  70.477 0.0000000000
45824  28.211  -45.505  69.718 0.0000000000
48004  29.816  -45.211  66.860 0.0000000000
47984  29.315  -44.505  67.748 0.0000000000
49125  29.753  -44.416  67.478 0.0000000000
50240  29.740  -43.929  68.148 0.0000000000
50241  30.102  -44.086  67.420 0.0000000000
51352  29.863  -43.617  68.008 0.0000000000
60768  36.486  -34.008  62.521 0.0000000000
62982  38.420  -30.920  61.022 0.0000000000
63981  37.962  -30.498  60.482 0.0000000000
63982  37.437  -31.122  60.416 0.0000000000
62984  36.821  -31.625  60.727 0.0000000000
64860  40.141  -29.453  61.847 0.0000000000
65744  40.548  -28.623  62.198 0.0000000000
64861  39.958  -29.009  61.383 0.0000000000
65753  39.687  -28.597  61.243 0.0000000000
49058  18.513  -44.899  72.502 0.0000000000
47913  24.700  -45.500  72.699 0.0000000000
49084  23.206  -44.660  70.311 0.0000000000
49085  22.105  -44.396  70.465 0.0000000000
70881  39.111  -24.650  61.169 0.0000000000
71838  38.769  -23.652  58.574 0.0000000000
70899  39.953  -23.825  56.984 0.0000000000
70910  39.360  -23.974  56.334 0.0000000000
70920  39.221  -23.978  55.419 0.0000000000
45676  17.955  -46.273  79.509 0.0000000000
45704  16.987  -46.121  78.319 0.0000000000
43547  12.355  -48.435  81.773 0.0000000000
42502  10.419  -49.628  79.676 0.0000000000
43557  10.883  -49.402  78.986 0.0000000000
42510  10.385  -49.986  78.133 0.0000000000
42504  9.358  -50.907  78.630 0.0000000000
41320  8.615  -50.395  81.129 0.0000000000
54362  28.842  -40.327  70.307 0.0000000000
54375  28.504  -40.213  68.849 0.0000000000
46946  27.182  -45.717  67.734 0.0000000000
46945  27.538  -45.595  67.694 0.0000000000
48031  27.221  -45.972  65.443 0.0000000000
48007  28.190  -46.071  66.329 0.0000000000
48029  28.972  -46.003  65.730 0.0000000000
59793  34.460  -34.449  62.921 0.0000000000
59795  31.990  -34.686  62.306 0.0000000000
59794  33.260  -34.522  62.297 0.0000000000
73926  54.520  -21.168  50.326 0.0000000000
72958  54.271  -21.480  49.620 0.0000000000
68829  36.712  -26.188  59.190 0.0000000000
66778  36.470  -28.003  59.039 0.0000000000
67846  35.897  -27.273  58.295 0.0000000000
67847  35.549  -27.765  58.235 0.0000000000
64893  37.397  -29.265  59.590 0.0000000000
65786  34.738  -29.407  58.523 0.0000000000
65804  34.737  -28.937  58.142 0.0000000000
66797  34.526  -28.586  57.610 0.0000000000
67778  41.339  -27.221  63.035 0.0000000000
67777  41.768  -26.796  63.371 0.0000000000
67797  40.962  -26.860  62.813 0.0000000000
68801  39.595  -26.576  61.952 0.0000000000
68789  40.208  -26.516  62.312 0.0000000000
69812  40.340  -25.561  62.187 0.0000000000
69828  39.470  -25.747  61.672 0.0000000000
69813  39.661  -25.163  61.716 0.0000000000
68814  37.832  -26.184  60.328 0.0000000000
69849  37.629  -25.274  59.779 0.0000000000
46837  28.848  -45.508  75.062 0.0000000000
45794  27.152  -45.580  72.035 0.0000000000
45779  27.932  -45.675  72.541 0.0000000000
45793  27.588  -45.567  71.788 0.0000000000
45807  27.668  -45.631  70.830 0.0000000000
45808  27.262  -45.624  71.048 0.0000000000
47931  25.146  -45.469  71.742 0.0000000000
47930  25.741  -45.560  71.177 0.0000000000
47945  26.069  -45.393  70.476 0.0000000000
47958  26.213  -45.353  69.542 0.0000000000
46911  26.956  -45.976  69.742 0.0000000000
47973  26.341  -45.573  68.635 0.0000000000
49127  24.497  -44.730  66.965 0.0000000000
71842  45.730  -22.556  58.260 0.0000000000
72869  47.121  -22.323  55.810 0.0000000000
71876  46.906  -22.670  56.386 0.0000000000
72883  47.760  -21.764  55.260 0.0000000000
73887  46.318  -21.473  52.843 0.0000000000
73874  46.385  -21.674  53.740 0.0000000000
73885  48.221  -21.494  53.225 0.0000000000
73861  48.441  -21.543  55.047 0.0000000000
46862  22.859  -44.918  74.892 0.0000000000
46863  22.243  -44.846  75.111 0.0000000000
45733  22.549  -45.541  76.519 0.0000000000
46806  21.646  -45.376  76.653 0.0000000000
44634  24.076  -46.801  78.271 0.0000000000
45685  22.590  -46.533  78.937 0.0000000000
46803  29.987  -44.976  75.967 0.0000000000
45768  25.709  -45.815  74.671 0.0000000000
46859  25.440  -45.838  73.947 0.0000000000
47899  23.063  -44.606  73.975 0.0000000000
71856  43.778  -23.129  57.426 0.0000000000
71855  44.746  -22.971  57.484 0.0000000000
71879  44.527  -22.984  55.646 0.0000000000
71880  43.429  -23.309  55.597 0.0000000000
71873  41.310  -23.811  56.377 0.0000000000
71898  42.928  -22.882  53.856 0.0000000000
47885  19.478  -44.580  74.993 0.0000000000
47886  18.343  -44.742  75.033 0.0000000000
47887  17.343  -45.164  75.054 0.0000000000
46809  18.661  -45.337  77.035 0.0000000000
46810  17.538  -45.631  77.058 0.0000000000
47888  16.715  -45.464  75.112 0.0000000000
46864  15.838  -45.926  74.473 0.0000000000
45751  14.245  -47.195  75.125 0.0000000000
46866  14.463  -47.158  74.328 0.0000000000
44613  15.494  -46.718  80.224 0.0000000000
45679  15.050  -46.898  78.942 0.0000000000
43559  12.874  -48.139  79.520 0.0000000000
44636  13.389  -47.749  77.745 0.0000000000
44626  13.318  -47.877  78.718 0.0000000000
45708  13.741  -47.465  77.098 0.0000000000
41308  7.743  -50.742  81.760 0.0000000000
42480  7.790  -50.467  82.164 0.0000000000
42482  6.427  -50.945  82.120 0.0000000000
60766  38.026  -33.866  62.697 0.0000000000
59757  36.158  -35.540  64.215 0.0000000000
59776  35.416  -34.904  63.333 0.0000000000
58798  34.404  -36.121  65.081 0.0000000000
58799  33.691  -35.928  64.834 0.0000000000
58732  33.134  -36.393  68.079 0.0000000000
59729  31.038  -35.579  65.697 0.0000000000
58767  30.618  -36.093  66.161 0.0000000000
57659  30.263  -37.198  67.273 0.0000000000
57673  28.888  -37.163  66.291 0.0000000000
56482  29.291  -38.295  69.054 0.0000000000
55406  28.594  -38.834  68.256 0.0000000000
55452  27.749  -39.444  65.404 0.0000000000
53437  28.734  -41.400  62.978 0.0000000000
46857  29.325  -45.181  73.661 0.0000000000
46856  29.758  -44.874  73.366 0.0000000000
46883  29.578  -44.980  72.122 0.0000000000
47912  30.086  -44.578  73.045 0.0000000000
47928  29.779  -44.692  72.200 0.0000000000
49067  30.206  -44.273  72.713 0.0000000000
49080  29.991  -44.230  72.045 0.0000000000
46943  28.645  -45.484  67.990 0.0000000000
46926  28.439  -45.252  68.787 0.0000000000
46925  28.810  -45.100  69.040 0.0000000000
49111  29.554  -44.326  69.626 0.0000000000
50216  29.994  -43.967  71.106 0.0000000000
50204  30.095  -43.682  71.853 0.0000000000
50205  29.974  -43.588  71.230 0.0000000000
51326  30.047  -43.067  71.790 0.0000000000
52365  29.585  -42.472  71.035 0.0000000000
53352  29.792  -41.455  71.704 0.0000000000
51353  30.005  -43.194  67.503 0.0000000000
52385  29.272  -42.609  68.530 0.0000000000
50274  30.377  -44.136  65.712 0.0000000000
50275  29.977  -44.044  64.873 0.0000000000
51385  29.479  -43.203  64.525 0.0000000000
52422  29.454  -42.345  65.762 0.0000000000
52431  29.373  -42.510  65.096 0.0000000000
61859  39.175  -32.626  62.493 0.0000000000
62956  38.598  -32.206  61.869 0.0000000000
61880  37.135  -32.309  61.822 0.0000000000
61882  35.873  -32.667  61.796 0.0000000000
62971  36.212  -32.253  61.720 0.0000000000
62985  35.759  -32.129  61.154 0.0000000000
60784  34.402  -33.749  62.104 0.0000000000
61884  33.909  -33.351  61.545 0.0000000000
63002  33.891  -31.823  60.189 0.0000000000
63003  32.947  -32.222  59.495 0.0000000000
76910  53.611  -19.275  51.824 0.0000000000
76911  53.219  -18.954  51.577 0.0000000000
64868  39.761  -29.858  61.656 0.0000000000
49073  19.329  -44.628  71.369 0.0000000000
47898  23.936  -44.950  73.559 0.0000000000
47914  24.073  -44.997  72.766 0.0000000000
47934  22.862  -44.308  72.404 0.0000000000
49071  21.619  -44.239  71.350 0.0000000000
70893  38.253  -24.315  59.581 0.0000000000
71849  38.944  -23.661  57.757 0.0000000000
71860  39.598  -23.693  57.317 0.0000000000
45664  19.479  -46.356  80.409 0.0000000000
45665  18.326  -46.399  80.308 0.0000000000
41335  9.271  -50.616  79.832 0.0000000000
56463  30.447  -37.995  71.393 0.0000000000
55385  29.697  -38.560  70.903 0.0000000000
53359  28.989  -41.062  70.522 0.0000000000
48009  26.342  -45.760  66.773 0.0000000000
49190  26.352  -45.373  64.051 0.0000000000
72900  51.548  -21.482  53.245 0.0000000000
72881  51.435  -21.347  54.229 0.0000000000
72899  52.159  -21.383  53.505 0.0000000000
72946  53.660  -21.613  50.248 0.0000000000
67828  37.624  -26.829  60.141 0.0000000000
67829  37.167  -26.975  59.682 0.0000000000
66758  37.186  -27.822  59.451 0.0000000000
64008  36.455  -30.067  59.505 0.0000000000
64895  36.051  -29.614  59.207 0.0000000000
66730  40.151  -27.918  62.182 0.0000000000
67798  40.627  -27.178  62.576 0.0000000000
68802  39.025  -26.469  61.433 0.0000000000
47935  17.346  -45.642  71.330 0.0000000000
45764  27.779  -45.786  73.548 0.0000000000
47946  25.359  -45.138  70.817 0.0000000000
49082  25.256  -44.941  70.231 0.0000000000
49128  23.852  -44.458  67.249 0.0000000000
50243  23.259  -44.300  67.219 0.0000000000
50244  22.276  -44.520  66.950 0.0000000000
58787  28.724  -36.004  65.223 0.0000000000
71869  45.567  -22.935  56.771 0.0000000000
71868  46.375  -22.790  56.876 0.0000000000
72870  46.369  -22.543  55.434 0.0000000000
73886  47.251  -21.464  53.022 0.0000000000
73894  49.126  -21.347  52.355 0.0000000000
73904  49.956  -21.336  51.460 0.0000000000
73914  50.678  -21.517  50.609 0.0000000000
45750  23.679  -45.686  76.076 0.0000000000
45717  23.244  -46.005  77.191 0.0000000000
45748  25.172  -45.786  75.243 0.0000000000
71834  43.493  -22.737  58.621 0.0000000000
71882  41.263  -23.740  55.274 0.0000000000
46821  21.165  -45.081  76.226 0.0000000000
46843  20.382  -44.753  75.676 0.0000000000
46823  18.986  -45.045  76.447 0.0000000000
45734  14.121  -47.268  75.710 0.0000000000
44601  14.800  -47.053  80.875 0.0000000000
43564  12.086  -48.581  78.156 0.0000000000
44637  12.483  -48.359  77.452 0.0000000000
44644  12.662  -48.467  76.516 0.0000000000
59740  35.572  -36.053  65.072 0.0000000000
58781  34.786  -36.202  65.698 0.0000000000
57633  31.587  -36.579  69.673 0.0000000000
58747  33.139  -36.357  67.223 0.0000000000
58749  31.016  -36.651  66.811 0.0000000000
57647  29.664  -37.671  67.637 0.0000000000
54376  28.452  -39.694  68.200 0.0000000000
54405  28.016  -40.505  66.069 0.0000000000
45777  28.928  -45.508  72.066 0.0000000000
46872  29.352  -45.254  72.741 0.0000000000
45790  28.882  -45.448  71.176 0.0000000000
46895  29.079  -45.250  70.633 0.0000000000
47986  28.830  -45.450  67.292 0.0000000000
51327  29.811  -43.191  71.033 0.0000000000
50229  29.701  -43.894  69.257 0.0000000000
52384  29.418  -42.970  68.966 0.0000000000
51392  28.348  -43.654  62.869 0.0000000000
61861  36.681  -33.217  62.148 0.0000000000
61885  33.375  -33.535  61.175 0.0000000000
75850  54.155  -19.874  51.993 0.0000000000
65763  38.263  -28.686  60.094 0.0000000000
64878  37.707  -29.619  59.976 0.0000000000
63991  37.448  -30.195  60.062 0.0000000000
64879  37.236  -30.022  59.879 0.0000000000
63993  35.858  -30.940  59.752 0.0000000000
67762  41.821  -27.639  63.302 0.0000000000
66714  41.081  -27.849  62.679 0.0000000000
65743  41.041  -28.873  62.579 0.0000000000
66715  40.671  -28.007  62.396 0.0000000000
66731  39.747  -28.180  61.629 0.0000000000
49089  17.840  -45.479  70.841 0.0000000000
46858  25.975  -45.986  73.345 0.0000000000
46873  26.170  -45.978  72.518 0.0000000000
46874  25.614  -46.005  72.858 0.0000000000
46887  25.252  -45.853  72.441 0.0000000000
49068  24.389  -44.874  71.261 0.0000000000
50219  22.465  -44.280  68.973 0.0000000000
50207  21.726  -44.297  69.545 0.0000000000
50208  20.959  -44.319  69.199 0.0000000000
72902  44.995  -21.970  53.592 0.0000000000
45698  24.847  -46.937  77.849 0.0000000000
71820  39.821  -23.045  60.818 0.0000000000
71835  41.261  -22.547  59.138 0.0000000000
71874  40.688  -23.902  56.661 0.0000000000
70908  40.756  -23.925  56.421 0.0000000000
70909  40.219  -23.903  56.536 0.0000000000
45703  20.268  -45.449  77.788 0.0000000000
46789  18.837  -45.670  78.175 0.0000000000
46790  17.953  -45.897  78.235 0.0000000000
46791  17.398  -46.017  78.274 0.0000000000
45705  16.308  -46.313  78.098 0.0000000000
43550  13.101  -48.039  81.274 0.0000000000
43555  12.163  -48.441  79.975 0.0000000000
43561  11.472  -48.955  78.591 0.0000000000
43566  10.851  -49.761  77.430 0.0000000000
42511  10.015  -50.382  77.624 0.0000000000
57617  31.739  -36.380  70.584 0.0000000000
55387  28.875  -38.974  69.473 0.0000000000
55386  29.253  -38.914  70.192 0.0000000000
53377  28.530  -41.022  68.208 0.0000000000
46928  27.498  -45.543  68.582 0.0000000000
45842  27.795  -45.512  69.198 0.0000000000
46944  28.204  -45.418  67.738 0.0000000000
47987  28.250  -45.677  66.998 0.0000000000
48005  29.647  -45.476  66.714 0.0000000000
49142  30.081  -45.370  66.191 0.0000000000
49162  30.380  -44.813  66.098 0.0000000000
49188  28.494  -45.018  64.272 0.0000000000
50296  27.732  -44.662  63.522 0.0000000000
60769  35.579  -34.102  62.736 0.0000000000
60786  32.741  -34.101  61.067 0.0000000000
73902  53.736  -20.760  52.158 0.0000000000
69878  36.966  -24.960  58.089 0.0000000000
69867  36.654  -25.590  58.482 0.0000000000
65783  37.137  -28.729  59.371 0.0000000000
66796  34.968  -28.357  58.014 0.0000000000
68788  40.872  -26.369  62.624 0.0000000000
68766  41.152  -26.010  62.699 0.0000000000
70871  39.791  -24.592  61.750 0.0000000000
70882  38.478  -24.774  60.588 0.0000000000
46816  29.792  -44.779  75.154 0.0000000000
47873  30.310  -44.474  75.653 0.0000000000
45763  28.321  -45.639  73.313 0.0000000000
45778  28.427  -45.594  72.303 0.0000000000
46885  26.414  -45.805  71.577 0.0000000000
46897  26.701  -45.805  70.651 0.0000000000
45827  27.018  -45.817  70.515 0.0000000000
46910  27.158  -45.802  69.284 0.0000000000
47972  26.834  -45.764  68.166 0.0000000000
49112  25.686  -45.358  68.393 0.0000000000
50232  21.333  -44.745  67.736 0.0000000000
59743  31.227  -35.097  65.070 0.0000000000
72867  48.561  -21.626  56.012 0.0000000000
73860  49.008  -21.449  55.315 0.0000000000
73870  49.991  -21.377  54.607 0.0000000000
72901  51.012  -21.480  53.519 0.0000000000
73882  51.071  -21.474  53.230 0.0000000000
72913  51.924  -21.548  52.322 0.0000000000
72922  52.466  -21.567  51.651 0.0000000000
72934  53.062  -21.646  50.932 0.0000000000
46819  22.848  -45.398  75.941 0.0000000000
45702  21.182  -45.579  77.649 0.0000000000
45684  23.272  -46.682  78.732 0.0000000000
45701  22.401  -46.068  77.919 0.0000000000
45663  20.654  -46.320  80.348 0.0000000000
47861  30.982  -43.800  76.775 0.0000000000
46817  29.443  -45.248  75.493 0.0000000000
45766  26.777  -45.996  74.012 0.0000000000
46860  24.620  -45.479  73.791 0.0000000000
70903  36.668  -24.848  56.531 0.0000000000
71881  42.375  -23.583  55.448 0.0000000000
72887  44.404  -22.584  54.139 0.0000000000
47901  20.741  -44.387  74.186 0.0000000000
47902  19.698  -44.454  74.147 0.0000000000
47922  15.829  -46.174  73.539 0.0000000000
46877  14.652  -47.238  73.493 0.0000000000
45667  16.269  -46.457  80.076 0.0000000000
45691  15.667  -46.592  78.504 0.0000000000
45706  15.397  -46.645  77.811 0.0000000000
44615  13.638  -47.670  79.644 0.0000000000
44625  14.283  -47.372  78.911 0.0000000000
45720  15.018  -46.740  77.316 0.0000000000
45721  14.464  -46.994  76.774 0.0000000000
45735  13.388  -48.059  75.433 0.0000000000
45723  13.019  -48.366  75.897 0.0000000000
41314  8.240  -50.507  81.594 0.0000000000
41315  7.125  -51.764  81.325 0.0000000000
60754  37.003  -34.550  62.861 0.0000000000
59742  32.152  -35.280  64.851 0.0000000000
58783  32.765  -35.747  65.470 0.0000000000
59744  30.214  -35.367  65.286 0.0000000000
58768  29.742  -36.247  66.144 0.0000000000
58786  29.464  -35.828  65.631 0.0000000000
58769  28.909  -36.510  65.912 0.0000000000
57674  28.348  -37.400  65.736 0.0000000000
56520  29.060  -37.957  67.604 0.0000000000
56503  28.685  -38.428  67.849 0.0000000000
56558  27.953  -38.324  65.112 0.0000000000
55462  28.100  -39.411  64.454 0.0000000000
55463  27.805  -39.986  64.380 0.0000000000
47882  30.174  -44.362  74.842 0.0000000000
47881  30.501  -43.990  74.613 0.0000000000
47895  30.475  -44.008  74.195 0.0000000000
49043  30.689  -43.678  74.254 0.0000000000
51310  30.713  -42.865  73.295 0.0000000000
46909  28.451  -45.383  69.600 0.0000000000
46908  28.713  -45.354  69.833 0.0000000000
46924  28.996  -44.991  69.161 0.0000000000
47957  29.357  -44.800  70.133 0.0000000000
49081  29.800  -44.449  71.480 0.0000000000
52347  30.614  -42.120  73.252 0.0000000000
53351  30.210  -41.371  72.384 0.0000000000
53368  28.802  -41.681  69.724 0.0000000000
52375  29.111  -42.525  69.398 0.0000000000
53390  29.074  -41.993  67.716 0.0000000000
53408  29.010  -41.745  66.565 0.0000000000
51366  30.166  -43.110  66.265 0.0000000000
51367  29.783  -42.645  65.981 0.0000000000
52410  29.457  -42.239  66.556 0.0000000000
52438  28.682  -42.445  63.346 0.0000000000
63000  35.797  -31.549  60.256 0.0000000000
61863  35.365  -33.674  62.372 0.0000000000
61883  34.993  -33.283  61.902 0.0000000000
62986  34.608  -32.239  60.778 0.0000000000
63995  34.141  -31.319  59.763 0.0000000000
72959  53.719  -21.733  49.116 0.0000000000
42485  10.912  -48.961  81.787 0.0000000000
42494  9.206  -50.146  80.848 0.0000000000
45823  28.492  -45.478  69.926 0.0000000000
45825  27.750  -45.695  69.983 0.0000000000
45841  28.097  -45.397  69.022 0.0000000000
46849  14.314  -47.172  74.845 0.0000000000
46871  29.674  -44.957  72.547 0.0000000000
46896  28.803  -45.425  70.418 0.0000000000
47906  15.796  -45.995  74.124 0.0000000000
47929  29.444  -45.183  71.959 0.0000000000
47943  29.761  -44.576  71.785 0.0000000000
47971  28.675  -45.455  67.754 0.0000000000
49044  30.483  -44.010  73.946 0.0000000000
49096  30.000  -43.948  71.352 0.0000000000
50233  20.727  -44.985  68.074 0.0000000000
52364  29.907  -42.618  71.626 0.0000000000
52411  29.125  -41.906  66.113 0.0000000000
60770  34.792  -34.024  62.660 0.0000000000
61901  35.655  -32.472  61.441 0.0000000000
63979  39.537  -30.050  61.545 0.0000000000
65733  40.941  -28.325  62.507 0.0000000000
66729  40.669  -27.660  62.525 0.0000000000
66780  35.363  -28.138  58.265 0.0000000000
68787  41.138  -26.690  62.915 0.0000000000
71861  39.151  -23.763  57.275 0.0000000000
72828  42.399  -22.642  58.615 0.0000000000
