#!ascii label  , from subject sub-MOT05 vox2ras=TkReg
711
39223  28.852  -55.086  76.797 0.0000000000
60735  45.846  -34.704  64.546 0.0000000000
66689  51.378  -28.636  64.110 0.0000000000
54315  44.741  -40.268  73.211 0.0000000000
40336  34.814  -53.671  72.154 0.0000000000
35909  32.434  -55.715  72.843 0.0000000000
63938  49.524  -30.931  65.403 0.0000000000
60692  50.020  -34.474  68.379 0.0000000000
52305  39.629  -42.597  74.473 0.0000000000
42556  38.295  -51.415  73.138 0.0000000000
65824  55.542  -29.554  55.313 0.0000000000
70858  51.678  -25.103  61.868 0.0000000000
55380  40.681  -39.474  70.053 0.0000000000
58690  45.836  -35.988  70.784 0.0000000000
40303  31.401  -54.088  73.864 0.0000000000
37061  30.396  -55.688  75.017 0.0000000000
61824  47.534  -33.045  64.388 0.0000000000
62901  49.975  -32.244  66.994 0.0000000000
61777  48.304  -34.011  67.436 0.0000000000
46869  41.420  -46.977  72.167 0.0000000000
38193  36.464  -55.010  73.089 0.0000000000
41450  36.894  -53.114  72.588 0.0000000000
39275  38.023  -54.120  72.602 0.0000000000
68841  55.622  -27.575  57.055 0.0000000000
65811  53.766  -29.196  56.504 0.0000000000
69839  54.658  -26.738  59.029 0.0000000000
67758  49.414  -27.126  63.830 0.0000000000
68762  49.368  -26.048  62.071 0.0000000000
68761  50.618  -26.799  62.593 0.0000000000
67806  50.579  -27.357  60.670 0.0000000000
66725  49.599  -28.757  61.731 0.0000000000
54299  42.214  -40.716  74.162 0.0000000000
55348  40.412  -40.538  72.920 0.0000000000
56403  42.346  -38.838  73.292 0.0000000000
56458  43.458  -37.581  70.814 0.0000000000
57563  45.559  -37.722  72.875 0.0000000000
58671  48.021  -37.415  71.230 0.0000000000
54343  46.839  -39.720  70.924 0.0000000000
39252  33.990  -54.557  72.987 0.0000000000
65712  47.533  -29.678  63.373 0.0000000000
66657  50.414  -28.543  65.477 0.0000000000
64769  51.789  -31.030  66.314 0.0000000000
61791  51.828  -33.286  66.123 0.0000000000
46833  38.156  -47.415  74.184 0.0000000000
49029  39.953  -45.312  74.367 0.0000000000
51302  42.025  -43.998  73.521 0.0000000000
52344  43.485  -42.810  72.487 0.0000000000
53354  45.206  -40.947  70.223 0.0000000000
45776  37.000  -48.731  73.203 0.0000000000
43589  39.119  -50.421  73.278 0.0000000000
65887  53.708  -29.295  51.681 0.0000000000
70890  52.472  -24.954  60.203 0.0000000000
68795  53.471  -26.849  60.525 0.0000000000
66773  50.200  -28.570  58.067 0.0000000000
59713  46.145  -35.961  67.834 0.0000000000
60681  48.260  -35.057  69.362 0.0000000000
57637  49.790  -36.552  68.467 0.0000000000
37043  29.052  -55.968  76.612 0.0000000000
38136  29.705  -55.577  75.821 0.0000000000
37062  29.909  -56.004  75.447 0.0000000000
61825  47.134  -33.817  64.588 0.0000000000
61809  47.974  -33.495  65.583 0.0000000000
60722  47.708  -34.188  66.403 0.0000000000
38192  37.094  -54.923  72.734 0.0000000000
69882  55.096  -26.251  57.174 0.0000000000
69869  55.073  -26.742  58.204 0.0000000000
69859  54.415  -25.916  58.847 0.0000000000
67741  50.567  -27.548  64.153 0.0000000000
68727  50.062  -26.871  63.961 0.0000000000
67757  50.698  -27.763  63.420 0.0000000000
67773  50.437  -27.715  62.340 0.0000000000
54316  43.439  -40.458  73.705 0.0000000000
55331  42.476  -39.401  73.689 0.0000000000
55330  43.323  -39.406  73.684 0.0000000000
56417  43.902  -37.905  73.161 0.0000000000
56415  45.554  -38.565  73.097 0.0000000000
56437  47.065  -38.623  72.114 0.0000000000
54326  46.224  -39.745  72.291 0.0000000000
40301  33.044  -54.261  73.123 0.0000000000
37076  33.508  -55.095  73.046 0.0000000000
37089  34.068  -55.308  72.629 0.0000000000
64816  48.054  -30.926  64.067 0.0000000000
64834  47.517  -30.623  63.561 0.0000000000
64833  48.142  -30.311  64.084 0.0000000000
66675  49.105  -28.712  64.495 0.0000000000
65674  50.072  -29.431  65.794 0.0000000000
65655  51.147  -30.044  66.208 0.0000000000
64771  50.758  -30.630  66.412 0.0000000000
62879  50.229  -32.670  67.318 0.0000000000
63885  51.097  -32.411  66.844 0.0000000000
61773  51.016  -33.484  67.037 0.0000000000
59733  51.814  -35.064  65.958 0.0000000000
59709  51.105  -35.038  67.138 0.0000000000
45738  39.424  -48.222  73.713 0.0000000000
47879  38.478  -46.169  74.344 0.0000000000
46831  39.814  -47.113  73.870 0.0000000000
49038  42.087  -45.068  73.192 0.0000000000
51300  42.780  -43.494  73.132 0.0000000000
41449  37.414  -52.202  72.345 0.0000000000
42577  37.522  -51.345  72.396 0.0000000000
43592  37.389  -50.020  73.004 0.0000000000
44662  37.744  -49.465  73.724 0.0000000000
42555  39.025  -51.405  73.208 0.0000000000
67866  56.580  -28.519  55.657 0.0000000000
65859  55.007  -29.624  53.509 0.0000000000
65797  53.237  -28.950  57.089 0.0000000000
69795  50.052  -25.757  62.185 0.0000000000
69810  49.225  -25.801  61.052 0.0000000000
69808  50.836  -24.979  61.006 0.0000000000
69824  51.250  -24.922  60.186 0.0000000000
70868  52.180  -24.918  61.367 0.0000000000
70877  53.131  -25.448  61.021 0.0000000000
68758  52.698  -26.036  61.486 0.0000000000
66752  49.442  -28.130  59.759 0.0000000000
67823  50.565  -27.557  59.894 0.0000000000
51285  38.436  -43.631  74.263 0.0000000000
52334  38.698  -42.371  73.543 0.0000000000
55359  40.406  -40.202  72.064 0.0000000000
54346  38.898  -40.667  70.993 0.0000000000
57610  44.626  -36.822  70.951 0.0000000000
57640  43.818  -37.724  68.804 0.0000000000
58707  45.243  -36.468  69.544 0.0000000000
58738  45.649  -36.328  68.260 0.0000000000
58722  46.128  -35.712  69.557 0.0000000000
59701  47.579  -35.101  68.626 0.0000000000
59675  47.060  -35.494  70.313 0.0000000000
56474  48.389  -38.158  69.725 0.0000000000
58686  48.753  -36.859  70.089 0.0000000000
56508  48.988  -37.892  68.369 0.0000000000
57652  49.653  -37.385  67.751 0.0000000000
39232  30.905  -54.756  74.530 0.0000000000
37078  31.677  -55.313  73.577 0.0000000000
35910  31.672  -55.937  73.172 0.0000000000
35898  30.362  -56.245  74.303 0.0000000000
62929  48.907  -32.171  65.430 0.0000000000
63906  50.290  -31.422  66.524 0.0000000000
62918  49.170  -32.370  66.062 0.0000000000
62880  49.666  -32.882  67.393 0.0000000000
61757  49.257  -33.947  68.150 0.0000000000
40325  35.382  -54.096  72.761 0.0000000000
40347  35.627  -53.347  71.836 0.0000000000
40324  36.612  -53.786  72.891 0.0000000000
40323  37.453  -53.500  72.951 0.0000000000
40322  38.234  -53.237  72.975 0.0000000000
41431  39.055  -52.326  73.034 0.0000000000
39293  38.730  -53.704  72.232 0.0000000000
66799  56.111  -28.821  56.301 0.0000000000
65809  55.229  -29.397  56.091 0.0000000000
66785  55.248  -28.681  57.411 0.0000000000
66746  54.785  -28.258  58.468 0.0000000000
66748  53.720  -28.425  58.782 0.0000000000
66710  47.938  -28.316  63.083 0.0000000000
68740  49.535  -26.622  63.177 0.0000000000
69769  50.309  -25.966  62.745 0.0000000000
68738  50.972  -26.226  62.544 0.0000000000
68782  51.592  -26.507  61.546 0.0000000000
68783  50.853  -26.827  61.877 0.0000000000
67794  49.882  -27.935  61.601 0.0000000000
54288  41.134  -41.360  74.326 0.0000000000
54302  40.101  -41.369  73.867 0.0000000000
55316  41.225  -40.500  73.871 0.0000000000
55347  41.055  -39.904  72.885 0.0000000000
55357  41.766  -38.975  72.271 0.0000000000
56460  42.101  -38.724  70.694 0.0000000000
56439  42.949  -37.771  71.766 0.0000000000
57565  43.864  -37.292  72.493 0.0000000000
58674  45.749  -36.420  71.540 0.0000000000
58688  47.257  -36.057  71.042 0.0000000000
57587  46.556  -37.616  72.355 0.0000000000
56436  47.628  -38.734  71.244 0.0000000000
55377  47.432  -39.346  69.864 0.0000000000
41413  31.885  -53.789  73.272 0.0000000000
41412  32.878  -53.866  72.972 0.0000000000
40326  34.532  -53.959  72.677 0.0000000000
39251  34.857  -54.514  72.831 0.0000000000
37105  35.242  -55.308  72.545 0.0000000000
67743  48.946  -28.146  64.101 0.0000000000
67727  50.120  -28.075  65.089 0.0000000000
66672  51.400  -28.700  64.747 0.0000000000
65691  51.612  -29.473  65.054 0.0000000000
64813  52.194  -30.907  65.500 0.0000000000
63936  52.494  -32.100  65.100 0.0000000000
63905  50.851  -31.412  66.686 0.0000000000
62899  51.888  -32.515  66.172 0.0000000000
47911  36.893  -46.942  72.883 0.0000000000
49032  37.779  -46.183  73.737 0.0000000000
49021  38.492  -45.161  74.575 0.0000000000
51283  39.768  -43.551  74.702 0.0000000000
47893  41.239  -46.280  73.188 0.0000000000
50165  41.300  -44.604  73.795 0.0000000000
51292  40.622  -43.248  74.450 0.0000000000
52318  41.994  -42.746  73.932 0.0000000000
53332  43.072  -41.537  73.646 0.0000000000
53341  44.442  -41.511  72.396 0.0000000000
53340  45.205  -40.912  72.010 0.0000000000
52361  44.006  -42.135  71.274 0.0000000000
45741  37.513  -48.180  73.838 0.0000000000
44653  38.525  -49.321  73.798 0.0000000000
44660  39.344  -49.416  73.408 0.0000000000
42575  39.515  -51.239  72.683 0.0000000000
42588  39.829  -51.003  71.958 0.0000000000
65901  54.760  -29.541  50.937 0.0000000000
69861  52.920  -25.519  58.716 0.0000000000
69842  53.783  -25.709  59.627 0.0000000000
68794  54.019  -26.858  60.187 0.0000000000
66749  52.801  -28.327  58.867 0.0000000000
68797  51.922  -26.836  60.928 0.0000000000
67822  51.504  -27.631  59.633 0.0000000000
66772  51.075  -28.493  58.089 0.0000000000
54330  39.223  -41.405  72.620 0.0000000000
59724  44.829  -36.251  66.214 0.0000000000
60716  46.580  -35.015  66.225 0.0000000000
60706  47.611  -34.744  67.465 0.0000000000
60695  48.194  -34.709  68.738 0.0000000000
60693  49.371  -34.377  68.591 0.0000000000
59674  47.960  -35.572  70.216 0.0000000000
59687  49.243  -35.338  69.432 0.0000000000
59700  50.451  -35.198  68.194 0.0000000000
58755  50.931  -36.241  67.070 0.0000000000
54344  46.039  -40.439  70.591 0.0000000000
54366  46.407  -39.893  69.195 0.0000000000
38137  29.362  -55.431  76.238 0.0000000000
38138  28.660  -55.539  77.037 0.0000000000
37042  29.523  -55.824  75.983 0.0000000000
60734  46.670  -34.390  64.952 0.0000000000
61810  47.236  -34.077  65.210 0.0000000000
60723  47.069  -34.408  65.797 0.0000000000
69871  54.517  -25.818  57.970 0.0000000000
69872  53.735  -25.680  57.830 0.0000000000
67740  51.114  -28.099  64.193 0.0000000000
67756  51.143  -28.198  63.867 0.0000000000
66708  50.715  -28.483  63.006 0.0000000000
66690  51.112  -28.526  63.612 0.0000000000
55329  44.272  -39.505  73.466 0.0000000000
56400  44.769  -38.845  73.262 0.0000000000
55328  45.220  -39.493  73.135 0.0000000000
55345  45.949  -39.244  72.911 0.0000000000
54327  45.720  -40.051  72.587 0.0000000000
37091  32.462  -55.466  73.033 0.0000000000
37077  32.621  -55.146  73.226 0.0000000000
37090  33.061  -55.316  72.999 0.0000000000
35908  33.007  -55.580  72.710 0.0000000000
64815  48.723  -30.592  64.547 0.0000000000
64814  49.322  -30.587  65.116 0.0000000000
65692  49.333  -29.667  65.036 0.0000000000
64795  49.725  -30.361  65.597 0.0000000000
65656  50.608  -29.922  66.122 0.0000000000
64772  50.231  -30.461  66.104 0.0000000000
61774  50.259  -33.565  67.636 0.0000000000
60703  50.685  -34.441  67.623 0.0000000000
60702  51.036  -34.268  67.096 0.0000000000
45759  39.960  -48.656  73.209 0.0000000000
46854  40.254  -47.782  73.361 0.0000000000
41433  37.783  -52.599  72.865 0.0000000000
42557  37.823  -51.435  72.830 0.0000000000
43609  37.552  -50.671  72.779 0.0000000000
43591  37.829  -50.330  73.333 0.0000000000
66812  56.538  -29.077  55.700 0.0000000000
66811  57.075  -29.094  55.111 0.0000000000
65823  56.451  -29.427  55.085 0.0000000000
65839  55.773  -29.675  54.355 0.0000000000
69794  50.869  -25.490  61.921 0.0000000000
69809  49.875  -25.513  61.312 0.0000000000
70869  51.509  -24.907  61.340 0.0000000000
70867  52.686  -25.204  61.332 0.0000000000
69792  52.298  -25.693  61.680 0.0000000000
66753  48.548  -28.895  59.632 0.0000000000
52306  39.055  -42.570  74.268 0.0000000000
52321  38.752  -42.568  73.947 0.0000000000
53306  39.118  -42.201  74.037 0.0000000000
55368  40.890  -39.657  71.213 0.0000000000
55381  39.749  -39.723  69.794 0.0000000000
58691  45.257  -36.401  70.440 0.0000000000
57627  44.622  -36.873  69.999 0.0000000000
58723  45.854  -36.111  69.086 0.0000000000
58706  45.861  -35.853  70.003 0.0000000000
59690  46.392  -35.570  69.909 0.0000000000
59676  46.300  -35.670  70.495 0.0000000000
56492  48.425  -38.366  68.918 0.0000000000
56491  48.778  -37.803  69.148 0.0000000000
56525  49.016  -37.966  67.582 0.0000000000
38150  30.231  -55.251  75.309 0.0000000000
38149  30.948  -55.026  74.557 0.0000000000
37060  30.956  -55.288  74.429 0.0000000000
37079  30.958  -55.659  74.162 0.0000000000
35888  30.419  -56.022  74.726 0.0000000000
61839  47.292  -32.776  63.837 0.0000000000
62939  47.750  -32.300  64.093 0.0000000000
62930  48.332  -32.408  64.904 0.0000000000
62919  48.579  -32.663  65.590 0.0000000000
61794  48.274  -33.796  66.808 0.0000000000
61793  48.753  -33.138  66.516 0.0000000000
61776  48.916  -33.595  67.616 0.0000000000
61775  49.676  -33.358  67.777 0.0000000000
39263  35.894  -54.429  73.002 0.0000000000
40334  36.183  -53.705  72.680 0.0000000000
39276  37.470  -54.595  72.718 0.0000000000
39262  37.126  -54.295  73.011 0.0000000000
39261  37.714  -53.788  72.925 0.0000000000
40333  38.445  -53.519  72.776 0.0000000000
39274  38.562  -53.630  72.595 0.0000000000
69897  55.532  -26.731  56.539 0.0000000000
68852  55.903  -27.512  56.295 0.0000000000
67858  55.905  -28.204  56.605 0.0000000000
66784  55.564  -28.602  56.985 0.0000000000
67849  55.511  -27.987  57.369 0.0000000000
68824  55.035  -27.141  58.419 0.0000000000
67839  55.191  -27.745  58.059 0.0000000000
67817  54.863  -27.494  58.673 0.0000000000
66747  54.445  -28.353  58.595 0.0000000000
67818  54.645  -27.858  58.966 0.0000000000
67759  48.799  -27.622  63.508 0.0000000000
68741  48.742  -27.104  62.888 0.0000000000
68739  50.518  -26.675  63.202 0.0000000000
69768  50.926  -25.933  62.623 0.0000000000
68760  51.228  -26.270  62.076 0.0000000000
67774  50.039  -28.249  62.040 0.0000000000
66734  49.311  -28.315  60.934 0.0000000000
66726  49.018  -29.062  61.096 0.0000000000
54300  41.375  -41.073  74.291 0.0000000000
54301  40.759  -41.069  74.048 0.0000000000
55315  41.894  -40.164  73.998 0.0000000000
55332  41.674  -39.639  73.446 0.0000000000
56404  41.911  -39.044  73.172 0.0000000000
55346  41.601  -39.236  72.868 0.0000000000
56419  42.116  -38.706  72.762 0.0000000000
56440  42.305  -38.431  71.819 0.0000000000
56418  42.951  -38.029  72.699 0.0000000000
57564  44.749  -37.300  72.863 0.0000000000
57589  44.795  -36.822  71.921 0.0000000000
57588  45.649  -36.973  72.320 0.0000000000
58673  46.504  -36.549  71.742 0.0000000000
55356  47.055  -39.303  71.535 0.0000000000
55355  47.390  -39.189  71.100 0.0000000000
55364  47.759  -38.883  70.352 0.0000000000
54353  47.150  -39.521  70.418 0.0000000000
41390  31.388  -53.817  73.692 0.0000000000
40318  31.738  -53.999  73.513 0.0000000000
39242  33.350  -54.477  73.110 0.0000000000
40316  33.753  -54.223  72.921 0.0000000000
41411  33.672  -53.880  72.763 0.0000000000
40315  34.827  -54.261  72.727 0.0000000000
66692  47.563  -29.002  63.112 0.0000000000
66691  48.322  -28.858  63.719 0.0000000000
66674  49.771  -28.590  65.145 0.0000000000
67726  50.538  -27.940  64.973 0.0000000000
66656  51.105  -28.622  65.338 0.0000000000
66655  51.427  -29.060  65.216 0.0000000000
65654  51.655  -30.404  66.146 0.0000000000
65671  51.893  -30.456  65.823 0.0000000000
64794  52.125  -31.029  66.006 0.0000000000
63937  52.444  -31.663  65.024 0.0000000000
63925  52.292  -31.619  65.666 0.0000000000
62917  49.752  -32.008  66.530 0.0000000000
63887  50.445  -31.997  66.857 0.0000000000
62900  51.464  -32.649  66.576 0.0000000000
62916  52.243  -32.433  65.713 0.0000000000
61807  52.326  -33.289  65.434 0.0000000000
47894  37.424  -46.829  73.653 0.0000000000
47880  37.853  -46.609  74.030 0.0000000000
47878  39.331  -46.200  74.304 0.0000000000
47871  38.635  -45.556  74.619 0.0000000000
49020  38.926  -45.150  74.871 0.0000000000
50159  38.870  -44.330  74.866 0.0000000000
49019  39.476  -45.014  74.791 0.0000000000
46853  40.925  -47.301  73.000 0.0000000000
46852  41.357  -46.733  72.699 0.0000000000
50173  42.225  -44.401  73.204 0.0000000000
49039  41.711  -45.321  73.252 0.0000000000
50174  41.761  -44.522  73.517 0.0000000000
50166  40.657  -44.366  74.258 0.0000000000
51291  41.598  -43.618  73.909 0.0000000000
52319  41.293  -42.410  74.315 0.0000000000
51290  42.012  -43.242  73.789 0.0000000000
52332  43.239  -42.527  73.187 0.0000000000
52331  43.689  -42.018  73.045 0.0000000000
52343  43.833  -42.096  72.748 0.0000000000
52353  44.012  -42.180  72.055 0.0000000000
40346  36.221  -53.368  72.268 0.0000000000
41462  36.497  -52.437  71.536 0.0000000000
44670  37.003  -49.466  72.796 0.0000000000
45788  36.671  -48.721  72.430 0.0000000000
46870  36.783  -48.012  72.855 0.0000000000
43578  38.219  -49.734  73.799 0.0000000000
44654  37.987  -49.352  73.938 0.0000000000
44661  38.851  -49.899  73.492 0.0000000000
43588  39.579  -50.305  72.934 0.0000000000
42576  39.287  -51.846  72.921 0.0000000000
43608  39.983  -50.211  72.369 0.0000000000
65871  55.214  -29.644  52.580 0.0000000000
65886  54.552  -29.499  51.737 0.0000000000
66897  53.225  -29.250  50.788 0.0000000000
65810  54.514  -29.344  56.347 0.0000000000
68763  48.718  -26.764  62.258 0.0000000000
67795  48.146  -27.078  61.665 0.0000000000
68785  48.583  -26.323  61.139 0.0000000000
69823  51.794  -24.835  60.298 0.0000000000
69845  51.125  -25.341  59.361 0.0000000000
69844  52.087  -25.065  59.629 0.0000000000
69862  51.954  -25.558  58.552 0.0000000000
69843  53.074  -25.317  59.711 0.0000000000
68779  53.692  -26.352  60.662 0.0000000000
69806  53.836  -26.050  60.716 0.0000000000
67802  53.811  -27.461  60.029 0.0000000000
67803  53.059  -27.395  60.188 0.0000000000
67792  51.158  -27.018  61.185 0.0000000000
67805  51.336  -27.246  60.433 0.0000000000
66751  50.577  -28.109  58.935 0.0000000000
66750  51.776  -28.175  58.875 0.0000000000
55334  40.398  -40.879  73.409 0.0000000000
54318  39.444  -41.518  73.311 0.0000000000
54329  39.918  -40.951  72.908 0.0000000000
56459  42.885  -38.066  70.876 0.0000000000
58756  45.486  -36.316  67.459 0.0000000000
59723  45.769  -35.735  66.457 0.0000000000
59722  46.654  -35.227  66.720 0.0000000000
59712  46.972  -35.322  67.567 0.0000000000
60682  47.743  -35.180  69.353 0.0000000000
60694  48.786  -34.451  68.634 0.0000000000
60680  48.983  -34.793  69.200 0.0000000000
58672  47.376  -36.951  71.565 0.0000000000
58687  48.197  -36.543  70.826 0.0000000000
57638  49.466  -37.096  68.703 0.0000000000
58704  49.423  -36.255  69.270 0.0000000000
59686  49.860  -35.389  68.909 0.0000000000
58720  49.953  -36.002  68.488 0.0000000000
58737  50.737  -35.839  67.533 0.0000000000
57651  50.051  -36.627  67.999 0.0000000000
57666  49.468  -37.592  66.722 0.0000000000
53347  45.369  -41.051  71.118 0.0000000000
38151  29.750  -55.001  75.814 0.0000000000
37041  29.909  -55.694  75.573 0.0000000000
37104  36.259  -55.346  72.654 0.0000000000
37122  36.941  -55.233  72.314 0.0000000000
37121  37.385  -55.013  72.148 0.0000000000
68832  55.338  -27.324  57.744 0.0000000000
69870  54.934  -26.106  57.768 0.0000000000
69858  54.682  -26.368  58.820 0.0000000000
54298  42.723  -40.549  73.981 0.0000000000
55314  42.650  -40.080  73.916 0.0000000000
56402  43.148  -38.624  73.448 0.0000000000
56401  44.019  -38.683  73.414 0.0000000000
56416  44.764  -38.111  73.203 0.0000000000
57562  46.040  -38.091  72.871 0.0000000000
56414  46.340  -38.587  72.726 0.0000000000
55344  46.446  -39.366  72.335 0.0000000000
54334  46.413  -39.775  71.884 0.0000000000
40302  32.483  -54.244  73.325 0.0000000000
39243  32.519  -54.423  73.309 0.0000000000
38164  32.978  -54.807  73.279 0.0000000000
38163  33.659  -54.773  73.113 0.0000000000
38179  34.313  -54.931  72.950 0.0000000000
63948  47.652  -31.553  63.782 0.0000000000
65711  47.981  -29.807  63.842 0.0000000000
65693  48.599  -29.644  64.295 0.0000000000
65673  50.817  -29.293  65.834 0.0000000000
64770  51.312  -30.822  66.472 0.0000000000
63886  50.785  -32.157  66.897 0.0000000000
62878  50.747  -32.826  67.123 0.0000000000
61792  51.430  -33.365  66.590 0.0000000000
60712  51.702  -33.996  66.086 0.0000000000
60713  51.422  -34.127  66.573 0.0000000000
59721  51.571  -35.054  66.424 0.0000000000
58754  51.227  -35.814  66.814 0.0000000000
45739  38.621  -48.280  73.992 0.0000000000
46832  38.944  -47.263  74.165 0.0000000000
47877  40.230  -46.164  73.886 0.0000000000
47910  41.666  -46.223  72.493 0.0000000000
50172  42.514  -43.857  73.182 0.0000000000
50180  42.623  -44.034  72.944 0.0000000000
51316  43.079  -43.528  72.218 0.0000000000
43629  36.996  -50.528  71.823 0.0000000000
43610  37.181  -50.169  72.477 0.0000000000
44663  37.392  -49.463  73.358 0.0000000000
43590  38.477  -50.313  73.504 0.0000000000
65858  55.935  -29.740  53.394 0.0000000000
65872  54.309  -29.394  52.602 0.0000000000
65796  53.667  -29.064  57.068 0.0000000000
68784  49.247  -25.891  61.419 0.0000000000
69826  49.326  -25.689  60.244 0.0000000000
69825  50.385  -25.253  60.221 0.0000000000
70880  51.481  -24.805  60.731 0.0000000000
70879  52.072  -24.808  60.720 0.0000000000
70878  52.906  -25.089  60.680 0.0000000000
69807  53.345  -25.879  61.133 0.0000000000
68780  53.104  -26.359  61.018 0.0000000000
67807  49.862  -27.640  60.791 0.0000000000
67824  50.083  -27.591  60.258 0.0000000000
50168  38.033  -44.155  73.983 0.0000000000
54336  39.760  -40.834  72.399 0.0000000000
54345  39.594  -40.619  71.666 0.0000000000
55370  39.151  -40.101  70.264 0.0000000000
57611  43.973  -37.241  70.462 0.0000000000
56475  43.429  -37.815  69.912 0.0000000000
57628  44.096  -37.356  69.621 0.0000000000
57639  44.626  -37.042  68.969 0.0000000000
58739  44.943  -36.791  67.975 0.0000000000
58724  45.261  -36.556  68.758 0.0000000000
59702  46.582  -35.675  68.874 0.0000000000
60671  47.423  -35.371  69.802 0.0000000000
60670  47.670  -35.353  69.812 0.0000000000
57609  48.404  -37.691  70.416 0.0000000000
57608  48.652  -37.337  70.059 0.0000000000
57626  48.524  -37.776  69.932 0.0000000000
39245  30.834  -54.399  74.444 0.0000000000
39244  31.600  -54.392  73.803 0.0000000000
38165  31.713  -54.835  73.753 0.0000000000
35896  31.654  -55.654  73.357 0.0000000000
35897  30.964  -55.945  73.863 0.0000000000
63940  48.284  -31.548  64.386 0.0000000000
63939  49.085  -31.458  65.092 0.0000000000
63926  49.712  -31.356  65.871 0.0000000000
63927  49.259  -31.854  65.604 0.0000000000
61808  48.601  -32.901  65.951 0.0000000000
62902  49.409  -32.688  66.917 0.0000000000
61756  49.695  -33.912  68.112 0.0000000000
45758  40.567  -48.327  72.710 0.0000000000
40335  35.503  -53.763  72.484 0.0000000000
41434  37.218  -53.287  72.866 0.0000000000
41432  38.568  -52.324  73.097 0.0000000000
40321  38.745  -52.784  73.067 0.0000000000
40332  38.932  -53.125  72.765 0.0000000000
40345  39.397  -52.997  71.954 0.0000000000
65808  55.935  -29.257  56.089 0.0000000000
65793  55.762  -28.966  56.623 0.0000000000
65794  55.182  -28.977  56.990 0.0000000000
67850  55.253  -28.338  57.691 0.0000000000
65776  54.786  -28.869  57.512 0.0000000000
66769  54.148  -28.774  57.885 0.0000000000
66787  53.481  -28.898  57.451 0.0000000000
66770  53.168  -28.668  58.059 0.0000000000
67775  48.062  -27.660  62.398 0.0000000000
69770  49.803  -26.003  62.626 0.0000000000
69793  51.515  -25.732  62.009 0.0000000000
67793  50.451  -27.355  61.438 0.0000000000
66735  48.737  -28.873  60.386 0.0000000000
53304  40.284  -41.880  74.379 0.0000000000
53305  39.621  -41.896  74.154 0.0000000000
54290  40.321  -41.472  74.125 0.0000000000
55317  40.670  -40.900  73.734 0.0000000000
55333  40.952  -40.399  73.413 0.0000000000
55358  41.224  -39.513  72.182 0.0000000000
55367  41.624  -39.099  71.479 0.0000000000
55379  41.400  -39.201  70.602 0.0000000000
56438  43.254  -37.590  71.328 0.0000000000
57566  43.334  -37.475  72.076 0.0000000000
57590  43.782  -37.196  71.494 0.0000000000
58675  45.277  -36.478  71.178 0.0000000000
58689  46.439  -35.958  71.028 0.0000000000
57586  47.577  -37.899  71.742 0.0000000000
57585  48.030  -38.073  71.133 0.0000000000
56456  47.972  -38.592  70.385 0.0000000000
55395  47.935  -38.817  69.408 0.0000000000
41435  33.995  -53.591  72.430 0.0000000000
40317  32.316  -54.084  73.266 0.0000000000
41436  33.202  -53.517  72.650 0.0000000000
39264  35.287  -54.345  72.813 0.0000000000
39250  35.461  -54.682  73.023 0.0000000000
37088  34.874  -54.927  72.977 0.0000000000
38178  35.194  -54.987  72.902 0.0000000000
38194  35.808  -55.225  72.961 0.0000000000
67742  49.707  -27.669  64.394 0.0000000000
66673  51.012  -28.102  64.727 0.0000000000
65710  51.379  -29.241  63.763 0.0000000000
65709  51.575  -29.459  64.409 0.0000000000
65708  51.745  -30.060  64.841 0.0000000000
65672  51.479  -29.642  65.658 0.0000000000
65690  51.819  -30.205  65.329 0.0000000000
63904  51.343  -31.720  66.587 0.0000000000
63903  51.925  -31.817  66.184 0.0000000000
49051  36.999  -45.800  72.409 0.0000000000
49041  37.915  -44.919  73.655 0.0000000000
49031  38.050  -45.404  74.016 0.0000000000
50160  38.391  -44.335  74.429 0.0000000000
51284  38.881  -43.392  74.569 0.0000000000
46830  40.601  -46.823  73.497 0.0000000000
47876  40.849  -46.065  73.520 0.0000000000
47892  41.509  -45.917  73.078 0.0000000000
49040  41.256  -45.641  73.438 0.0000000000
49028  40.831  -45.338  73.809 0.0000000000
51282  40.240  -43.104  74.590 0.0000000000
52304  40.392  -42.590  74.512 0.0000000000
52303  40.867  -42.290  74.466 0.0000000000
53320  41.413  -41.677  74.348 0.0000000000
53319  42.026  -41.659  74.197 0.0000000000
51301  42.359  -43.369  73.523 0.0000000000
52333  42.546  -42.231  73.753 0.0000000000
53333  42.573  -41.597  73.922 0.0000000000
53331  43.946  -41.415  73.126 0.0000000000
54328  44.827  -40.822  72.685 0.0000000000
53348  44.620  -41.556  71.598 0.0000000000
53355  44.588  -41.538  70.705 0.0000000000
52367  43.855  -41.979  70.533 0.0000000000
46855  37.185  -47.875  73.529 0.0000000000
46834  37.602  -47.582  73.947 0.0000000000
45761  37.479  -48.754  73.697 0.0000000000
45740  37.886  -48.510  74.009 0.0000000000
44659  40.070  -49.379  72.812 0.0000000000
42554  39.337  -50.890  73.053 0.0000000000
65917  54.274  -29.405  50.196 0.0000000000
69860  53.789  -25.611  58.802 0.0000000000
69841  54.238  -26.093  59.577 0.0000000000
69821  53.617  -25.761  60.434 0.0000000000
69820  53.969  -26.397  60.043 0.0000000000
68793  54.317  -26.820  59.750 0.0000000000
67819  53.986  -28.025  59.329 0.0000000000
67820  53.371  -27.969  59.548 0.0000000000
68759  51.952  -26.073  61.737 0.0000000000
68781  52.367  -26.415  61.296 0.0000000000
68796  52.730  -26.816  60.732 0.0000000000
67804  52.199  -27.270  60.265 0.0000000000
67821  52.481  -27.805  59.586 0.0000000000
66790  50.349  -28.641  57.304 0.0000000000
59751  45.242  -35.018  64.457 0.0000000000
53322  39.185  -41.944  73.739 0.0000000000
53334  38.801  -41.962  73.018 0.0000000000
58757  44.801  -36.584  66.898 0.0000000000
59735  44.391  -36.000  65.439 0.0000000000
59734  45.362  -35.336  65.058 0.0000000000
60724  46.215  -34.942  65.491 0.0000000000
60715  47.228  -34.758  66.745 0.0000000000
60714  47.893  -34.321  67.151 0.0000000000
60705  48.134  -34.432  67.944 0.0000000000
60704  48.604  -34.251  68.238 0.0000000000
61758  48.913  -34.052  68.181 0.0000000000
59673  48.764  -35.895  70.033 0.0000000000
59688  48.636  -35.263  69.691 0.0000000000
60679  49.520  -34.822  68.970 0.0000000000
59710  50.805  -35.127  67.669 0.0000000000
58736  51.053  -35.577  67.165 0.0000000000
57664  50.989  -36.362  66.818 0.0000000000
57665  50.545  -36.817  67.059 0.0000000000
54335  45.985  -40.354  71.538 0.0000000000
54355  45.772  -40.424  69.689 0.0000000000
54354  46.746  -39.926  70.013 0.0000000000
55378  47.024  -39.594  69.378 0.0000000000
37103  36.743  -55.204  72.707 0.0000000000
38177  35.774  -54.893  73.179 0.0000000000
38209  37.464  -54.811  72.414 0.0000000000
42589  37.286  -51.149  71.966 0.0000000000
43579  38.030  -49.860  73.771 0.0000000000
43628  37.356  -50.763  72.316 0.0000000000
44652  38.986  -48.839  73.788 0.0000000000
45760  37.766  -49.031  73.869 0.0000000000
47870  38.869  -45.735  74.618 0.0000000000
49027  41.426  -45.103  73.552 0.0000000000
49030  39.279  -45.510  74.650 0.0000000000
50158  39.359  -44.504  74.888 0.0000000000
50167  39.908  -44.453  74.677 0.0000000000
50181  42.413  -44.675  72.781 0.0000000000
50192  42.696  -44.123  72.545 0.0000000000
51293  40.243  -43.905  74.591 0.0000000000
51294  38.671  -43.071  74.208 0.0000000000
51295  38.409  -43.262  73.964 0.0000000000
51307  43.030  -43.471  72.789 0.0000000000
52320  40.791  -42.586  74.462 0.0000000000
52322  38.495  -42.834  73.654 0.0000000000
53303  40.983  -41.781  74.421 0.0000000000
53318  42.674  -41.058  73.995 0.0000000000
53321  39.600  -41.805  74.060 0.0000000000
53342  38.809  -41.725  72.486 0.0000000000
54289  40.834  -41.387  74.269 0.0000000000
54303  39.665  -41.550  73.716 0.0000000000
54314  45.293  -39.959  73.068 0.0000000000
54317  39.978  -41.253  73.535 0.0000000000
54331  38.798  -41.523  72.122 0.0000000000
54342  47.161  -39.453  70.654 0.0000000000
55318  40.327  -41.137  73.668 0.0000000000
55365  47.503  -39.167  70.615 0.0000000000
55366  47.218  -39.371  71.032 0.0000000000
55376  47.843  -38.853  70.065 0.0000000000
56435  48.010  -38.414  70.785 0.0000000000
56457  47.805  -38.769  70.749 0.0000000000
56473  48.632  -37.806  69.506 0.0000000000
57591  43.303  -37.465  71.682 0.0000000000
57625  48.790  -37.434  69.657 0.0000000000
57677  51.106  -36.470  66.308 0.0000000000
58703  49.748  -35.857  68.903 0.0000000000
58705  46.082  -35.624  69.835 0.0000000000
58721  49.674  -36.476  68.732 0.0000000000
59677  46.026  -35.717  70.428 0.0000000000
59689  47.164  -35.375  69.560 0.0000000000
59691  46.133  -35.629  70.244 0.0000000000
59703  46.082  -36.038  68.515 0.0000000000
59711  47.647  -34.904  67.919 0.0000000000
59720  51.758  -34.550  66.037 0.0000000000
62877  51.095  -32.820  66.923 0.0000000000
63924  52.431  -32.070  65.345 0.0000000000
63949  47.051  -31.556  63.241 0.0000000000
65653  51.912  -30.694  66.103 0.0000000000
65775  55.027  -28.817  57.489 0.0000000000
65795  54.323  -29.071  57.140 0.0000000000
66768  54.929  -28.633  57.869 0.0000000000
66771  52.131  -28.567  58.064 0.0000000000
66786  53.935  -28.993  57.409 0.0000000000
67801  54.320  -27.377  59.661 0.0000000000
67840  54.979  -28.097  58.331 0.0000000000
68728  49.679  -26.958  63.932 0.0000000000
68809  54.835  -26.929  59.137 0.0000000000
68810  54.607  -27.178  59.264 0.0000000000
69791  52.800  -25.729  61.407 0.0000000000
69819  54.235  -26.590  59.725 0.0000000000
69822  53.383  -25.457  60.162 0.0000000000
69840  54.491  -26.624  59.352 0.0000000000
69857  54.760  -26.736  58.785 0.0000000000
69881  55.400  -26.872  57.301 0.0000000000
70855  52.780  -25.590  61.339 0.0000000000
70856  52.605  -25.480  61.469 0.0000000000
70857  52.195  -25.273  61.746 0.0000000000
70866  52.961  -25.493  61.213 0.0000000000
70891  52.110  -24.848  60.212 0.0000000000
