#!ascii label  , from subject sub-MOT05 vox2ras=TkReg
798
104068  40.786  10.249  44.512 0.0000000000
106124  51.005  13.964  45.310 0.0000000000
100215  44.804  5.369  49.443 0.0000000000
102553  37.085  8.260  47.997 0.0000000000
100230  40.089  5.409  49.101 0.0000000000
106199  43.139  12.887  39.736 0.0000000000
108995  48.616  17.993  49.634 0.0000000000
106838  43.874  14.284  46.363 0.0000000000
99320  49.896  4.449  48.347 0.0000000000
99391  47.080  4.589  43.555 0.0000000000
104788  46.845  11.458  42.063 0.0000000000
103317  43.179  9.460  48.441 0.0000000000
104044  46.930  10.705  48.125 0.0000000000
100986  45.115  6.419  50.762 0.0000000000
110409  42.628  19.627  45.117 0.0000000000
106186  46.270  13.797  40.078 0.0000000000
98306  42.745  3.458  45.658 0.0000000000
103336  39.068  9.342  45.952 0.0000000000
101777  38.332  7.546  48.500 0.0000000000
102540  39.947  8.447  48.408 0.0000000000
104107  41.905  10.458  41.077 0.0000000000
104087  39.206  10.296  42.978 0.0000000000
108999  44.964  17.503  49.764 0.0000000000
99335  52.606  4.504  47.830 0.0000000000
99359  51.634  4.769  45.485 0.0000000000
98331  52.939  3.505  44.451 0.0000000000
112258  46.481  23.183  46.924 0.0000000000
104768  50.768  12.119  42.880 0.0000000000
104740  48.134  11.517  45.607 0.0000000000
104724  49.787  12.010  47.130 0.0000000000
103289  43.192  9.599  51.627 0.0000000000
103288  44.132  9.538  51.379 0.0000000000
100975  43.642  6.874  51.959 0.0000000000
100181  46.862  5.355  51.461 0.0000000000
106849  47.887  14.319  45.467 0.0000000000
106151  44.838  13.997  43.628 0.0000000000
106147  48.900  13.666  42.728 0.0000000000
106193  49.151  12.184  39.253 0.0000000000
101772  43.799  7.729  48.967 0.0000000000
99327  42.736  4.576  48.054 0.0000000000
99339  44.339  3.893  47.469 0.0000000000
98270  38.309  3.142  48.728 0.0000000000
97269  39.177  2.299  46.345 0.0000000000
109108  44.354  17.512  39.377 0.0000000000
108360  42.517  16.135  40.009 0.0000000000
108280  50.055  16.189  47.686 0.0000000000
106091  49.194  13.822  48.980 0.0000000000
108287  38.195  16.762  48.182 0.0000000000
108284  39.959  16.335  46.604 0.0000000000
107521  45.672  15.474  47.759 0.0000000000
99322  47.737  3.976  48.941 0.0000000000
98303  46.565  3.514  46.587 0.0000000000
98317  48.993  3.926  45.872 0.0000000000
100256  50.288  5.112  42.464 0.0000000000
104759  43.639  11.591  43.569 0.0000000000
104049  41.669  10.969  46.855 0.0000000000
104729  44.995  11.475  45.949 0.0000000000
104035  44.970  9.919  48.255 0.0000000000
101761  44.285  7.584  49.526 0.0000000000
104024  46.869  11.164  49.864 0.0000000000
103298  44.899  9.261  50.296 0.0000000000
100997  45.205  6.249  50.151 0.0000000000
100212  47.413  5.044  50.108 0.0000000000
100195  49.822  5.277  50.620 0.0000000000
112262  42.991  23.131  47.624 0.0000000000
110422  45.242  19.427  44.196 0.0000000000
109060  43.665  17.480  42.872 0.0000000000
109084  44.857  17.507  40.805 0.0000000000
106919  45.532  13.835  38.627 0.0000000000
104817  45.668  11.281  39.731 0.0000000000
101762  41.283  7.297  49.239 0.0000000000
98267  41.327  3.722  47.659 0.0000000000
97301  41.358  2.510  44.396 0.0000000000
99379  45.394  4.349  44.207 0.0000000000
103344  40.045  9.735  44.223 0.0000000000
102551  39.393  8.997  47.261 0.0000000000
103335  40.140  9.875  45.563 0.0000000000
104085  41.324  10.237  42.732 0.0000000000
104097  40.281  10.407  41.996 0.0000000000
103353  39.969  9.797  43.256 0.0000000000
103355  38.605  9.903  44.205 0.0000000000
98280  53.189  3.339  47.997 0.0000000000
99357  53.027  4.314  46.116 0.0000000000
97264  53.043  3.048  46.031 0.0000000000
97305  37.698  2.798  44.483 0.0000000000
105443  50.855  12.942  43.627 0.0000000000
104753  50.006  12.086  44.963 0.0000000000
105431  50.446  12.532  46.493 0.0000000000
101733  42.716  7.684  52.076 0.0000000000
102499  43.011  8.531  51.841 0.0000000000
106862  49.864  14.450  44.771 0.0000000000
106135  48.428  13.774  43.742 0.0000000000
106133  50.557  13.803  44.041 0.0000000000
106156  50.726  12.611  41.706 0.0000000000
100216  44.125  5.876  49.312 0.0000000000
99326  43.699  4.469  48.312 0.0000000000
99325  44.767  4.145  48.680 0.0000000000
102543  36.437  8.119  48.575 0.0000000000
101778  37.159  7.509  49.090 0.0000000000
101022  39.190  6.302  49.213 0.0000000000
100217  38.900  5.165  49.420 0.0000000000
98246  39.283  3.951  49.075 0.0000000000
97253  39.036  2.484  47.399 0.0000000000
98291  39.760  2.734  47.690 0.0000000000
106910  43.861  14.470  39.134 0.0000000000
108373  43.031  16.707  39.394 0.0000000000
106901  42.665  14.442  40.277 0.0000000000
103338  37.235  9.178  46.135 0.0000000000
102563  36.577  8.753  47.262 0.0000000000
109010  49.217  17.463  49.115 0.0000000000
108245  49.847  16.634  49.480 0.0000000000
108227  49.536  17.224  50.403 0.0000000000
108997  46.732  17.857  49.509 0.0000000000
108267  45.185  16.432  48.776 0.0000000000
108264  47.821  16.988  48.510 0.0000000000
108282  48.138  16.426  48.031 0.0000000000
99321  48.746  4.172  48.753 0.0000000000
98283  48.792  3.671  47.370 0.0000000000
99338  50.095  4.215  47.157 0.0000000000
100244  52.155  5.047  43.596 0.0000000000
99387  50.791  4.879  43.775 0.0000000000
100255  51.437  5.260  42.058 0.0000000000
104774  44.683  11.552  42.697 0.0000000000
104744  43.773  11.748  44.688 0.0000000000
104757  45.874  11.630  44.065 0.0000000000
104715  47.385  11.048  47.310 0.0000000000
104057  45.916  10.853  47.051 0.0000000000
104045  45.880  10.453  47.860 0.0000000000
103315  44.856  9.437  49.005 0.0000000000
103314  45.455  9.797  49.468 0.0000000000
106092  48.149  13.592  49.286 0.0000000000
105403  48.555  12.754  49.055 0.0000000000
104683  46.357  11.719  50.359 0.0000000000
101742  44.056  8.009  51.240 0.0000000000
103287  44.785  9.494  50.888 0.0000000000
101752  44.370  7.829  50.801 0.0000000000
101760  44.560  7.687  50.152 0.0000000000
100213  46.470  5.223  49.998 0.0000000000
100198  46.620  5.453  50.712 0.0000000000
99277  48.231  4.692  51.794 0.0000000000
100180  48.004  5.141  51.338 0.0000000000
111029  43.413  21.265  46.196 0.0000000000
111675  44.364  21.888  46.553 0.0000000000
110423  43.830  19.686  44.801 0.0000000000
106840  42.064  14.703  46.233 0.0000000000
107556  40.894  16.585  45.522 0.0000000000
106854  42.587  14.657  45.357 0.0000000000
106175  45.314  13.945  41.934 0.0000000000
106884  43.867  15.051  42.494 0.0000000000
106892  44.167  15.369  41.701 0.0000000000
108348  44.379  16.954  41.338 0.0000000000
107599  45.084  14.983  40.141 0.0000000000
107611  44.820  15.426  39.476 0.0000000000
106196  46.521  13.551  39.152 0.0000000000
104814  48.790  11.500  40.447 0.0000000000
104828  46.650  11.482  38.994 0.0000000000
104803  46.802  11.348  40.960 0.0000000000
104790  44.660  11.230  41.603 0.0000000000
104048  42.860  11.035  47.281 0.0000000000
103325  41.400  10.329  47.776 0.0000000000
102538  42.367  8.641  48.790 0.0000000000
99342  41.810  3.836  47.299 0.0000000000
98307  42.188  3.271  46.207 0.0000000000
98308  41.609  2.800  46.133 0.0000000000
98322  42.406  2.999  45.167 0.0000000000
99364  46.733  4.189  45.168 0.0000000000
99365  45.540  4.079  45.451 0.0000000000
99392  46.198  4.544  43.426 0.0000000000
102561  37.803  8.880  46.586 0.0000000000
101784  37.801  8.039  48.085 0.0000000000
102552  38.140  8.414  47.468 0.0000000000
102541  39.076  8.168  48.061 0.0000000000
101776  39.599  7.465  48.744 0.0000000000
104820  42.547  11.417  40.101 0.0000000000
103356  38.176  9.937  44.880 0.0000000000
99336  51.827  4.943  47.697 0.0000000000
99349  50.925  4.530  46.359 0.0000000000
99347  52.519  4.658  46.824 0.0000000000
99371  52.921  4.409  45.039 0.0000000000
104786  49.019  11.503  42.420 0.0000000000
104756  46.988  11.532  44.274 0.0000000000
104754  49.173  11.818  44.644 0.0000000000
104739  49.129  11.679  45.837 0.0000000000
104714  48.102  11.224  47.734 0.0000000000
104686  43.965  11.689  50.993 0.0000000000
104015  44.951  11.085  50.898 0.0000000000
104005  43.763  10.475  51.376 0.0000000000
102509  43.677  8.674  51.556 0.0000000000
100987  44.373  7.012  51.307 0.0000000000
100182  45.487  5.957  51.317 0.0000000000
100164  45.854  5.289  51.998 0.0000000000
100163  46.762  4.967  52.040 0.0000000000
99261  47.326  4.368  52.182 0.0000000000
111045  41.162  20.253  45.977 0.0000000000
106851  45.497  14.018  45.723 0.0000000000
106128  44.555  13.949  44.998 0.0000000000
106125  47.019  13.853  44.786 0.0000000000
106149  46.622  13.538  43.117 0.0000000000
106173  47.141  13.552  40.906 0.0000000000
106185  47.415  13.398  39.827 0.0000000000
106171  49.516  13.118  40.541 0.0000000000
105474  50.239  11.774  40.477 0.0000000000
102537  43.431  8.554  48.695 0.0000000000
101773  42.823  7.635  48.864 0.0000000000
100227  43.253  5.677  48.933 0.0000000000
99340  43.479  4.141  47.126 0.0000000000
100267  47.221  4.912  41.730 0.0000000000
99404  46.071  4.562  42.561 0.0000000000
98249  36.895  3.787  49.379 0.0000000000
101023  38.064  6.690  49.211 0.0000000000
99310  38.378  4.448  49.506 0.0000000000
97239  37.634  2.721  48.075 0.0000000000
97254  37.946  2.526  47.280 0.0000000000
97287  38.438  2.439  45.439 0.0000000000
97304  38.692  2.545  44.562 0.0000000000
110483  44.369  18.837  39.600 0.0000000000
109812  43.132  18.102  39.451 0.0000000000
107538  50.611  15.259  46.650 0.0000000000
106113  50.899  14.034  47.314 0.0000000000
107497  50.346  15.278  48.542 0.0000000000
106795  48.676  14.650  49.225 0.0000000000
106797  46.556  14.380  49.772 0.0000000000
106086  45.038  13.342  50.314 0.0000000000
104678  43.331  11.597  51.160 0.0000000000
108285  39.182  16.790  47.023 0.0000000000
107526  40.537  15.522  46.985 0.0000000000
106823  43.267  14.530  47.044 0.0000000000
106821  45.316  14.733  47.212 0.0000000000
106819  47.608  15.223  47.071 0.0000000000
107540  49.100  15.411  46.714 0.0000000000
99324  45.831  4.042  48.861 0.0000000000
98266  45.578  3.584  48.215 0.0000000000
98285  46.933  3.373  47.422 0.0000000000
98318  48.083  3.836  45.818 0.0000000000
99376  48.340  4.451  44.363 0.0000000000
99360  50.710  4.568  45.342 0.0000000000
99375  49.344  4.508  44.394 0.0000000000
99401  48.503  4.816  42.935 0.0000000000
104761  42.041  10.878  43.773 0.0000000000
104060  41.438  11.013  45.708 0.0000000000
104731  42.862  11.610  45.418 0.0000000000
104730  43.866  11.608  45.853 0.0000000000
104047  43.955  10.755  47.268 0.0000000000
104728  45.993  11.288  46.169 0.0000000000
104058  45.011  11.035  46.785 0.0000000000
104036  44.036  10.016  47.986 0.0000000000
102536  44.183  8.676  48.940 0.0000000000
102527  44.275  8.268  49.294 0.0000000000
101007  44.613  6.566  49.749 0.0000000000
105416  49.683  12.711  48.197 0.0000000000
104705  48.296  11.551  48.589 0.0000000000
104032  47.484  11.265  49.204 0.0000000000
104014  45.762  10.651  50.589 0.0000000000
103297  45.222  9.807  50.649 0.0000000000
104025  46.070  10.366  49.687 0.0000000000
102526  44.545  8.514  49.831 0.0000000000
101006  45.100  5.945  49.752 0.0000000000
99307  46.193  4.650  49.445 0.0000000000
99305  48.106  4.571  49.491 0.0000000000
99304  49.159  4.692  49.361 0.0000000000
100197  47.690  5.259  50.753 0.0000000000
100196  48.748  5.222  50.704 0.0000000000
99302  50.529  5.267  49.183 0.0000000000
100208  51.500  5.329  49.725 0.0000000000
112260  44.852  23.274  47.565 0.0000000000
111687  46.108  21.287  45.827 0.0000000000
110420  46.685  19.763  43.906 0.0000000000
106875  43.408  14.826  43.608 0.0000000000
109763  43.404  18.131  43.663 0.0000000000
109762  44.168  18.328  43.178 0.0000000000
109774  45.431  18.442  42.242 0.0000000000
109773  46.140  18.690  41.944 0.0000000000
109097  44.946  17.714  39.991 0.0000000000
106909  44.851  14.578  38.903 0.0000000000
106197  44.708  13.611  38.677 0.0000000000
106205  47.357  12.572  38.432 0.0000000000
104839  45.691  12.138  38.436 0.0000000000
104831  43.564  11.946  39.436 0.0000000000
104806  43.618  10.956  40.465 0.0000000000
104776  42.705  10.814  42.204 0.0000000000
103326  40.489  9.969  47.079 0.0000000000
101775  40.627  7.648  49.043 0.0000000000
101021  40.500  6.602  49.144 0.0000000000
100228  42.094  5.481  48.650 0.0000000000
100229  41.073  5.397  48.813 0.0000000000
99329  40.525  4.366  48.654 0.0000000000
97251  40.599  2.637  46.886 0.0000000000
97285  40.317  2.275  45.378 0.0000000000
98304  45.616  3.610  46.527 0.0000000000
99352  44.435  3.920  46.259 0.0000000000
99367  43.765  3.766  44.588 0.0000000000
99393  45.369  4.379  43.172 0.0000000000
98333  43.290  3.448  43.964 0.0000000000
97280  52.603  2.862  45.054 0.0000000000
97311  52.379  3.394  43.193 0.0000000000
104077  40.710  10.031  43.492 0.0000000000
104086  40.536  10.055  42.619 0.0000000000
98299  53.309  3.650  46.764 0.0000000000
105436  50.832  13.183  44.726 0.0000000000
105430  50.862  13.237  45.860 0.0000000000
106861  50.550  14.440  45.156 0.0000000000
100226  44.068  5.039  49.063 0.0000000000
102542  36.904  7.988  48.553 0.0000000000
100231  39.469  5.347  49.259 0.0000000000
99330  39.588  4.536  49.093 0.0000000000
98269  39.579  3.306  48.471 0.0000000000
106911  43.289  14.728  39.544 0.0000000000
106187  43.306  13.784  39.710 0.0000000000
102562  37.153  8.772  46.962 0.0000000000
109009  49.717  17.214  49.274 0.0000000000
108994  49.471  17.747  49.908 0.0000000000
108996  47.660  17.984  49.527 0.0000000000
109012  47.295  17.407  49.014 0.0000000000
109011  48.270  17.531  49.010 0.0000000000
108263  48.813  17.020  48.456 0.0000000000
98261  49.675  4.099  47.737 0.0000000000
100248  52.151  5.073  42.775 0.0000000000
104773  45.798  11.604  42.947 0.0000000000
104772  46.912  11.523  43.170 0.0000000000
104056  46.634  10.822  47.386 0.0000000000
104034  45.863  10.192  48.803 0.0000000000
106093  47.136  13.432  49.597 0.0000000000
105405  46.719  12.518  49.962 0.0000000000
105393  46.304  12.346  50.261 0.0000000000
100998  44.740  6.989  50.498 0.0000000000
100199  45.748  5.797  50.475 0.0000000000
99276  49.243  4.351  51.839 0.0000000000
111030  42.310  21.245  46.375 0.0000000000
111043  42.883  20.542  45.685 0.0000000000
111042  43.807  20.513  45.480 0.0000000000
110408  43.276  20.102  45.247 0.0000000000
106839  42.946  14.479  46.243 0.0000000000
106855  41.826  15.041  45.569 0.0000000000
106853  43.517  14.266  45.519 0.0000000000
106174  45.793  13.854  41.249 0.0000000000
106891  44.785  14.511  41.553 0.0000000000
106890  45.282  14.247  41.041 0.0000000000
107590  44.549  15.457  40.948 0.0000000000
106898  45.360  14.456  40.415 0.0000000000
107610  45.146  14.942  39.814 0.0000000000
104802  47.867  11.385  41.201 0.0000000000
104789  45.744  11.411  41.829 0.0000000000
104037  43.052  10.370  48.005 0.0000000000
103318  42.017  9.812  48.451 0.0000000000
99354  42.685  3.609  46.161 0.0000000000
99341  42.360  3.871  46.913 0.0000000000
99377  47.369  4.427  44.354 0.0000000000
99378  46.379  4.429  44.363 0.0000000000
103337  38.077  9.251  45.939 0.0000000000
102560  38.489  8.934  46.612 0.0000000000
104115  41.951  10.742  40.452 0.0000000000
104821  41.611  11.464  40.465 0.0000000000
104108  41.143  10.660  40.898 0.0000000000
103366  39.803  10.240  42.446 0.0000000000
104793  39.998  11.047  41.965 0.0000000000
103346  38.431  9.593  45.160 0.0000000000
99318  51.945  5.149  48.795 0.0000000000
98314  53.233  3.714  45.373 0.0000000000
98330  53.159  4.092  44.314 0.0000000000
98342  52.953  4.318  43.785 0.0000000000
113383  45.168  24.664  47.790 0.0000000000
113949  45.728  25.317  47.449 0.0000000000
104785  50.022  11.666  42.490 0.0000000000
104770  49.160  11.666  43.474 0.0000000000
104738  49.916  11.975  46.135 0.0000000000
104725  49.099  11.535  46.904 0.0000000000
104713  49.048  11.708  47.786 0.0000000000
101732  43.413  7.757  51.767 0.0000000000
102498  43.471  8.201  51.646 0.0000000000
100988  43.832  7.396  51.673 0.0000000000
101743  43.798  7.844  51.527 0.0000000000
100974  44.343  6.551  51.772 0.0000000000
100183  44.688  6.353  51.619 0.0000000000
99262  46.186  4.468  52.265 0.0000000000
106850  46.590  14.132  45.666 0.0000000000
106126  45.982  13.817  44.944 0.0000000000
106148  47.737  13.496  42.890 0.0000000000
106160  46.861  13.504  42.041 0.0000000000
106159  48.087  13.476  41.790 0.0000000000
106172  48.378  13.365  40.675 0.0000000000
106158  49.266  13.475  41.623 0.0000000000
105451  50.897  12.410  42.730 0.0000000000
106169  50.733  12.319  41.164 0.0000000000
104799  50.511  11.772  41.621 0.0000000000
104800  49.825  11.556  41.557 0.0000000000
101018  43.245  6.872  49.020 0.0000000000
99311  37.498  4.533  49.766 0.0000000000
98247  38.773  3.769  49.148 0.0000000000
98248  37.881  3.737  49.309 0.0000000000
97238  38.530  2.706  48.073 0.0000000000
97286  39.383  2.304  45.418 0.0000000000
109798  45.207  18.349  40.055 0.0000000000
109110  42.761  17.459  39.543 0.0000000000
109098  42.342  17.008  39.992 0.0000000000
108361  41.672  16.574  40.726 0.0000000000
107517  50.274  15.715  47.137 0.0000000000
107516  50.617  15.367  47.469 0.0000000000
108261  50.389  15.919  48.116 0.0000000000
107485  49.259  15.703  49.506 0.0000000000
106796  47.651  14.449  49.473 0.0000000000
106787  45.580  13.979  50.057 0.0000000000
105396  43.746  12.363  50.798 0.0000000000
109019  38.492  17.711  47.267 0.0000000000
108286  38.547  16.759  47.753 0.0000000000
107504  40.899  15.283  47.920 0.0000000000
107503  41.857  15.158  48.160 0.0000000000
107525  41.593  14.864  47.165 0.0000000000
107499  45.860  16.100  48.304 0.0000000000
107522  44.606  15.171  47.773 0.0000000000
106820  46.461  14.996  47.209 0.0000000000
108281  49.196  16.375  47.827 0.0000000000
107519  48.438  15.639  47.242 0.0000000000
107518  49.544  15.787  47.182 0.0000000000
107539  49.992  15.402  46.393 0.0000000000
99323  46.755  4.007  48.919 0.0000000000
98265  46.384  3.517  48.244 0.0000000000
98264  47.333  3.509  48.251 0.0000000000
98301  48.448  3.648  46.592 0.0000000000
99363  47.721  4.186  45.105 0.0000000000
99362  48.696  4.229  45.139 0.0000000000
100250  50.659  4.975  43.258 0.0000000000
99388  49.996  4.734  43.535 0.0000000000
99389  48.928  4.672  43.627 0.0000000000
99400  49.364  4.862  42.949 0.0000000000
100257  49.019  5.055  42.226 0.0000000000
104760  42.465  11.030  43.389 0.0000000000
104746  42.042  11.050  44.193 0.0000000000
104745  42.771  11.471  44.398 0.0000000000
104743  44.867  11.704  44.946 0.0000000000
104716  43.546  11.258  46.709 0.0000000000
104059  44.272  11.266  46.551 0.0000000000
104741  47.040  11.456  45.382 0.0000000000
104046  44.958  10.455  47.519 0.0000000000
103316  44.127  9.310  48.513 0.0000000000
102535  44.490  8.869  49.362 0.0000000000
106104  49.976  13.709  48.501 0.0000000000
105415  50.434  13.377  47.779 0.0000000000
106105  49.311  13.078  48.678 0.0000000000
104694  47.812  11.788  49.394 0.0000000000
104693  48.621  12.096  48.841 0.0000000000
104023  47.374  11.424  49.489 0.0000000000
104004  44.735  10.325  51.110 0.0000000000
103306  45.470  9.790  50.105 0.0000000000
103307  44.914  9.303  49.686 0.0000000000
100214  45.595  5.456  49.785 0.0000000000
100211  48.438  5.028  50.076 0.0000000000
100210  49.479  5.175  49.938 0.0000000000
100209  50.601  5.351  49.606 0.0000000000
100224  51.189  5.396  49.209 0.0000000000
112263  42.051  23.105  47.732 0.0000000000
112831  41.562  23.403  47.300 0.0000000000
112830  42.653  23.853  47.350 0.0000000000
112261  43.919  23.293  47.646 0.0000000000
111041  44.690  20.656  45.424 0.0000000000
111688  45.115  21.294  45.859 0.0000000000
111040  45.616  20.642  45.351 0.0000000000
111039  46.559  20.678  45.219 0.0000000000
110421  46.312  19.636  44.036 0.0000000000
106139  44.652  13.964  44.473 0.0000000000
106874  44.054  14.217  44.022 0.0000000000
107583  43.696  15.865  42.228 0.0000000000
107574  43.231  15.593  43.062 0.0000000000
108326  43.282  16.451  42.849 0.0000000000
109061  43.129  17.522  43.559 0.0000000000
109085  44.628  17.468  41.409 0.0000000000
109072  44.881  17.932  41.669 0.0000000000
109786  45.493  18.302  41.368 0.0000000000
109083  45.405  18.278  40.610 0.0000000000
108359  44.844  16.557  39.999 0.0000000000
106908  45.507  14.216  39.334 0.0000000000
106184  48.533  13.019  39.661 0.0000000000
106195  47.499  13.087  38.931 0.0000000000
106194  48.389  12.391  38.953 0.0000000000
104838  46.550  11.883  38.416 0.0000000000
104829  45.628  11.555  38.910 0.0000000000
104830  44.616  11.862  38.989 0.0000000000
104818  44.607  11.267  39.665 0.0000000000
104819  43.564  11.286  39.750 0.0000000000
104775  43.594  11.277  42.452 0.0000000000
104791  43.637  10.972  41.395 0.0000000000
104084  42.023  10.567  42.892 0.0000000000
104718  42.091  11.439  45.935 0.0000000000
104050  40.861  10.524  46.137 0.0000000000
102539  41.068  8.808  48.778 0.0000000000
101010  40.819  7.163  49.213 0.0000000000
101019  42.421  6.596  48.991 0.0000000000
99328  41.603  4.233  47.921 0.0000000000
98268  40.860  3.612  47.943 0.0000000000
98289  41.473  3.320  47.086 0.0000000000
97284  41.246  2.489  45.330 0.0000000000
97267  40.937  2.534  46.218 0.0000000000
97302  40.524  2.372  44.472 0.0000000000
97303  39.603  2.392  44.517 0.0000000000
97319  40.732  2.496  43.669 0.0000000000
98286  46.003  3.386  47.425 0.0000000000
98287  45.135  3.568  47.536 0.0000000000
99366  44.478  4.098  45.019 0.0000000000
99415  45.980  4.601  41.694 0.0000000000
99405  45.364  4.393  42.276 0.0000000000
103327  39.752  9.529  46.470 0.0000000000
104096  41.157  10.274  41.834 0.0000000000
103360  40.037  9.876  42.552 0.0000000000
103361  39.343  10.002  43.019 0.0000000000
103362  38.964  9.934  43.528 0.0000000000
103354  39.333  9.724  43.798 0.0000000000
103345  39.254  9.579  44.786 0.0000000000
98281  52.986  4.007  48.199 0.0000000000
99346  53.051  4.311  47.012 0.0000000000
99334  53.147  4.015  47.563 0.0000000000
97279  53.037  3.240  45.366 0.0000000000
105452  50.780  12.464  43.501 0.0000000000
104769  50.325  12.052  43.476 0.0000000000
105444  50.623  12.540  44.262 0.0000000000
105437  50.562  12.529  45.405 0.0000000000
103281  42.407  9.319  51.860 0.0000000000
103280  42.979  9.100  51.780 0.0000000000
106848  49.139  14.664  45.570 0.0000000000
106864  47.930  13.912  44.521 0.0000000000
106863  48.843  14.194  44.633 0.0000000000
106134  49.508  14.000  43.735 0.0000000000
106146  49.970  13.638  42.683 0.0000000000
106145  50.672  13.143  42.683 0.0000000000
101008  43.891  6.725  49.260 0.0000000000
101011  38.408  5.924  49.472 0.0000000000
99309  39.013  4.353  49.300 0.0000000000
107612  44.285  15.591  38.994 0.0000000000
108372  43.890  16.596  39.045 0.0000000000
107613  43.271  15.530  39.433 0.0000000000
107601  42.636  15.414  40.054 0.0000000000
103348  36.855  9.523  45.816 0.0000000000
103339  36.191  9.306  46.565 0.0000000000
102554  35.963  8.734  47.670 0.0000000000
108262  49.874  16.772  48.552 0.0000000000
108244  50.230  16.126  48.749 0.0000000000
108246  49.380  16.522  50.124 0.0000000000
108998  45.863  17.675  49.630 0.0000000000
108248  45.498  17.023  49.239 0.0000000000
108247  46.383  17.213  49.116 0.0000000000
108266  46.035  16.633  48.727 0.0000000000
108265  46.908  16.733  48.536 0.0000000000
107520  46.983  15.967  47.835 0.0000000000
98263  48.313  3.636  48.181 0.0000000000
98282  49.445  3.916  47.383 0.0000000000
98300  49.376  3.887  46.623 0.0000000000
100245  51.869  5.095  43.950 0.0000000000
99373  51.344  4.896  44.394 0.0000000000
100249  51.393  5.106  43.282 0.0000000000
104758  44.763  11.766  43.824 0.0000000000
104727  47.041  11.215  46.537 0.0000000000
105404  47.607  12.627  49.555 0.0000000000
104695  47.125  11.925  49.896 0.0000000000
102508  44.300  8.693  51.112 0.0000000000
102519  44.557  8.591  50.524 0.0000000000
99278  47.435  4.923  51.776 0.0000000000
100179  49.032  5.109  51.367 0.0000000000
111662  41.797  22.418  47.657 0.0000000000
111661  42.420  22.720  47.642 0.0000000000
111676  42.920  22.225  47.155 0.0000000000
112277  44.108  22.682  47.294 0.0000000000
111689  44.266  21.151  45.866 0.0000000000
111057  44.976  20.098  44.947 0.0000000000
107542  41.279  15.232  46.182 0.0000000000
107543  40.640  16.022  46.029 0.0000000000
107555  41.488  15.866  45.266 0.0000000000
106162  45.077  13.989  42.635 0.0000000000
106883  44.312  14.418  42.988 0.0000000000
108338  43.868  16.725  42.070 0.0000000000
107591  44.194  16.117  41.461 0.0000000000
108347  44.577  16.375  40.675 0.0000000000
106918  46.008  13.725  38.798 0.0000000000
104826  48.757  11.629  39.666 0.0000000000
105484  48.019  11.965  38.579 0.0000000000
104815  47.837  11.389  40.164 0.0000000000
104816  46.768  11.307  39.895 0.0000000000
104804  45.712  11.251  40.736 0.0000000000
104805  44.643  11.071  40.563 0.0000000000
104038  42.174  10.609  47.791 0.0000000000
101774  41.601  7.510  49.149 0.0000000000
98288  41.986  3.540  46.713 0.0000000000
98323  41.904  2.791  45.592 0.0000000000
97283  41.831  2.653  44.985 0.0000000000
98319  47.140  3.837  45.837 0.0000000000
98320  46.302  3.815  45.881 0.0000000000
105487  43.035  12.393  39.782 0.0000000000
106188  42.681  13.204  40.244 0.0000000000
105468  41.226  11.951  40.999 0.0000000000
104109  40.521  10.916  41.373 0.0000000000
103347  37.570  9.739  45.369 0.0000000000
108981  45.427  18.211  50.225 0.0000000000
109709  46.235  18.225  49.977 0.0000000000
109708  47.010  18.451  50.012 0.0000000000
99319  50.886  5.194  48.726 0.0000000000
99337  50.959  4.657  47.499 0.0000000000
99348  51.764  4.771  46.596 0.0000000000
99358  52.423  4.664  45.752 0.0000000000
99372  52.319  4.860  44.493 0.0000000000
99386  52.623  4.662  43.489 0.0000000000
104787  47.938  11.395  42.273 0.0000000000
104771  48.033  11.503  43.353 0.0000000000
104755  48.106  11.592  44.465 0.0000000000
104726  48.172  11.349  46.674 0.0000000000
104043  47.567  11.045  48.584 0.0000000000
105395  44.749  12.483  50.553 0.0000000000
104684  45.386  11.693  50.687 0.0000000000
104685  44.513  11.718  50.840 0.0000000000
104677  44.232  11.137  51.108 0.0000000000
102510  43.236  8.973  51.725 0.0000000000
99260  48.354  4.085  52.155 0.0000000000
111044  41.933  20.421  45.789 0.0000000000
106837  44.895  14.251  46.469 0.0000000000
106852  44.479  14.030  45.588 0.0000000000
106127  45.084  13.877  45.012 0.0000000000
106137  46.334  13.700  44.072 0.0000000000
106136  47.354  13.650  43.874 0.0000000000
106150  45.668  13.748  43.359 0.0000000000
106161  45.857  13.699  42.386 0.0000000000
106183  49.537  12.434  39.700 0.0000000000
106157  50.257  13.206  41.566 0.0000000000
106170  50.366  12.531  40.644 0.0000000000
105475  49.966  11.891  39.824 0.0000000000
104813  49.713  11.600  40.606 0.0000000000
104801  48.896  11.463  41.398 0.0000000000
99353  43.381  3.801  45.832 0.0000000000
100259  47.463  4.804  42.402 0.0000000000
99403  46.900  4.685  42.670 0.0000000000
99414  46.561  4.666  42.055 0.0000000000
101785  37.602  7.846  48.400 0.0000000000
101024  37.532  6.760  49.498 0.0000000000
101012  37.735  6.137  49.681 0.0000000000
100218  38.037  5.280  49.700 0.0000000000
98271  37.294  3.163  48.747 0.0000000000
97240  36.709  2.780  48.038 0.0000000000
97255  36.966  2.590  47.253 0.0000000000
97270  38.219  2.388  46.391 0.0000000000
109109  43.551  17.450  39.204 0.0000000000
109799  43.563  18.784  39.648 0.0000000000
106176  42.213  13.500  40.758 0.0000000000
106893  42.268  13.979  40.784 0.0000000000
106846  50.747  14.682  46.030 0.0000000000
106119  51.065  14.003  46.378 0.0000000000
106831  50.945  14.725  46.916 0.0000000000
106805  50.588  14.712  48.116 0.0000000000
106090  49.824  14.372  48.778 0.0000000000
107484  50.107  15.467  48.967 0.0000000000
106794  49.517  14.832  48.969 0.0000000000
106085  45.647  13.262  50.159 0.0000000000
104006  42.797  10.693  51.479 0.0000000000
107505  40.079  15.648  47.833 0.0000000000
107527  39.766  16.001  47.256 0.0000000000
106824  42.465  14.602  46.879 0.0000000000
108268  44.294  16.209  48.799 0.0000000000
107523  43.589  14.920  47.800 0.0000000000
106822  44.251  14.567  47.163 0.0000000000
106836  45.984  14.417  46.486 0.0000000000
106835  47.168  14.619  46.450 0.0000000000
106818  48.161  15.279  46.966 0.0000000000
106834  48.421  15.028  46.529 0.0000000000
106833  49.464  15.122  46.171 0.0000000000
106847  50.091  15.004  45.772 0.0000000000
99308  45.420  4.684  49.328 0.0000000000
98284  47.893  3.449  47.406 0.0000000000
98302  47.502  3.542  46.587 0.0000000000
99390  47.980  4.624  43.620 0.0000000000
99350  50.089  4.244  46.114 0.0000000000
99361  49.692  4.313  45.313 0.0000000000
99374  50.347  4.629  44.445 0.0000000000
100258  48.036  4.958  42.285 0.0000000000
104076  41.653  10.570  43.691 0.0000000000
104061  40.907  10.502  45.349 0.0000000000
104067  41.457  10.800  44.769 0.0000000000
104732  42.038  11.362  45.075 0.0000000000
104717  42.796  11.415  46.393 0.0000000000
104742  45.955  11.508  45.144 0.0000000000
105424  50.771  13.257  46.899 0.0000000000
105425  50.175  12.633  47.422 0.0000000000
104712  49.561  12.231  47.840 0.0000000000
105417  49.073  12.525  48.623 0.0000000000
104704  49.126  12.133  48.305 0.0000000000
104033  46.832  10.747  49.085 0.0000000000
104013  46.385  11.131  50.354 0.0000000000
104003  45.183  9.980  50.907 0.0000000000
99306  47.113  4.589  49.501 0.0000000000
99303  50.095  5.070  49.200 0.0000000000
99317  52.615  4.377  48.806 0.0000000000
112259  45.795  23.248  47.294 0.0000000000
112276  45.159  22.581  47.043 0.0000000000
112275  46.126  22.580  46.762 0.0000000000
111686  46.904  21.421  45.685 0.0000000000
111055  46.859  20.188  44.268 0.0000000000
110433  46.615  19.577  43.365 0.0000000000
109737  41.954  18.828  45.098 0.0000000000
109736  42.467  19.101  44.895 0.0000000000
106866  43.328  14.434  44.621 0.0000000000
106867  42.650  14.969  44.410 0.0000000000
109750  42.885  18.839  44.523 0.0000000000
110424  43.096  19.409  44.765 0.0000000000
109749  44.229  18.921  43.870 0.0000000000
109748  45.010  19.051  43.740 0.0000000000
109775  44.572  18.125  42.478 0.0000000000
109761  45.120  18.746  43.205 0.0000000000
110435  45.348  19.092  43.687 0.0000000000
109760  46.057  18.892  42.819 0.0000000000
109759  46.512  19.155  42.441 0.0000000000
109772  46.536  19.099  41.700 0.0000000000
109785  46.057  18.668  41.117 0.0000000000
108371  44.504  16.579  39.468 0.0000000000
106198  43.798  13.326  39.183 0.0000000000
106206  46.372  13.205  38.458 0.0000000000
105491  47.319  12.133  38.274 0.0000000000
105492  46.532  12.446  38.212 0.0000000000
105493  45.705  12.748  38.272 0.0000000000
105494  45.038  12.945  38.429 0.0000000000
105485  44.298  12.654  38.844 0.0000000000
105486  43.473  12.530  39.430 0.0000000000
104807  42.684  10.835  40.447 0.0000000000
104792  42.730  10.666  41.226 0.0000000000
104095  41.961  10.413  41.971 0.0000000000
102550  40.271  9.294  48.056 0.0000000000
103319  40.970  9.752  48.165 0.0000000000
101020  41.479  6.427  49.046 0.0000000000
98290  40.410  2.944  47.587 0.0000000000
97252  39.878  2.465  47.075 0.0000000000
97268  40.082  2.260  46.255 0.0000000000
98305  44.891  3.721  46.793 0.0000000000
99351  45.092  3.813  46.232 0.0000000000
99394  44.720  4.111  42.725 0.0000000000
99380  44.457  3.985  43.781 0.0000000000
99381  43.860  3.716  43.984 0.0000000000
98321  43.034  3.465  44.915 0.0000000000
98334  42.608  3.063  44.270 0.0000000000
97317  42.233  2.795  43.863 0.0000000000
98315  53.024  3.326  45.049 0.0000000000
97295  52.440  3.187  43.810 0.0000000000
97300  42.061  2.701  44.375 0.0000000000
98262  49.175  3.919  47.995 0.0000000000
98316  49.552  4.083  45.967 0.0000000000
98344  52.288  3.455  42.855 0.0000000000
99385  52.869  4.504  44.217 0.0000000000
99402  47.662  4.749  42.913 0.0000000000
100225  50.906  5.401  49.186 0.0000000000
101009  41.128  7.048  49.248 0.0000000000
101763  41.044  7.353  49.234 0.0000000000
103286  45.067  9.760  50.849 0.0000000000
103367  39.606  10.149  42.640 0.0000000000
104075  42.033  10.707  43.334 0.0000000000
104088  38.866  10.452  43.346 0.0000000000
104098  39.472  10.518  42.643 0.0000000000
104116  41.740  11.008  40.372 0.0000000000
104703  49.456  12.344  48.119 0.0000000000
104784  50.714  11.964  42.466 0.0000000000
104812  50.284  11.683  40.955 0.0000000000
104825  49.389  11.666  39.946 0.0000000000
104827  47.813  11.587  39.176 0.0000000000
104832  43.000  12.073  39.756 0.0000000000
104837  47.319  11.787  38.559 0.0000000000
104840  45.065  12.456  38.499 0.0000000000
105388  43.213  12.288  50.996 0.0000000000
105406  46.261  12.639  50.153 0.0000000000
105459  50.878  12.147  41.694 0.0000000000
105466  50.611  11.994  40.746 0.0000000000
105467  50.360  12.162  40.258 0.0000000000
105476  49.478  12.094  39.408 0.0000000000
105482  49.341  11.793  39.582 0.0000000000
105483  48.954  11.920  39.190 0.0000000000
106103  50.567  14.194  48.028 0.0000000000
106138  45.412  13.815  44.260 0.0000000000
106182  50.167  12.249  40.036 0.0000000000
106204  47.789  12.233  38.480 0.0000000000
106207  45.491  13.285  38.428 0.0000000000
106793  49.966  14.847  48.813 0.0000000000
106806  50.275  14.722  48.507 0.0000000000
106817  50.774  14.720  47.688 0.0000000000
106832  49.883  15.194  46.095 0.0000000000
106865  44.060  14.059  44.874 0.0000000000
106899  44.866  14.941  40.543 0.0000000000
106900  43.300  14.374  39.618 0.0000000000
107483  50.387  15.618  48.531 0.0000000000
107496  50.558  15.211  48.162 0.0000000000
107498  46.437  16.350  48.357 0.0000000000
107541  48.660  15.357  46.836 0.0000000000
107552  50.418  15.143  46.167 0.0000000000
107553  50.202  15.193  46.099 0.0000000000
107554  42.113  15.223  44.980 0.0000000000
107600  44.935  15.561  40.147 0.0000000000
108228  49.087  16.820  50.806 0.0000000000
108279  50.379  15.822  47.601 0.0000000000
108283  47.462  16.527  48.240 0.0000000000
109073  44.333  17.451  41.953 0.0000000000
109811  44.025  18.230  39.301 0.0000000000
110410  41.521  19.594  45.572 0.0000000000
110434  45.858  19.188  43.573 0.0000000000
111056  46.009  20.026  44.731 0.0000000000
111058  44.331  20.222  45.168 0.0000000000
111673  46.563  21.904  46.302 0.0000000000
111674  45.598  21.902  46.433 0.0000000000
112278  43.470  22.828  47.502 0.0000000000
112827  45.523  23.940  47.754 0.0000000000
113950  44.805  25.263  47.456 0.0000000000
