#!ascii label  , from subject sub-MOT05 vox2ras=TkReg
732
93535  42.321  -1.125  48.343 0.0000000000
95419  43.697  0.279  38.582 0.0000000000
101082  46.142  6.816  37.187 0.0000000000
92754  46.918  -2.502  32.610 0.0000000000
90643  40.604  -4.279  44.572 0.0000000000
100262  52.162  5.026  41.299 0.0000000000
95448  46.577  0.566  33.527 0.0000000000
97371  38.231  2.751  39.531 0.0000000000
97332  47.768  2.167  42.687 0.0000000000
94481  43.081  -0.282  44.209 0.0000000000
90692  44.248  -4.360  41.062 0.0000000000
99432  42.344  4.266  40.218 0.0000000000
98448  42.348  4.018  36.452 0.0000000000
99471  47.012  4.701  37.215 0.0000000000
98475  44.339  3.639  32.129 0.0000000000
99437  37.417  4.352  40.229 0.0000000000
95354  45.586  0.500  45.393 0.0000000000
94460  43.330  -0.507  46.327 0.0000000000
90678  41.911  -4.104  42.838 0.0000000000
100277  47.513  5.367  40.552 0.0000000000
99416  45.212  4.443  41.475 0.0000000000
100308  44.564  5.810  38.269 0.0000000000
101087  40.879  6.254  37.529 0.0000000000
101112  43.251  6.668  35.590 0.0000000000
96355  45.816  1.990  40.871 0.0000000000
97365  47.635  2.857  40.013 0.0000000000
97388  45.332  3.018  38.109 0.0000000000
94578  47.765  0.251  31.784 0.0000000000
97420  45.713  3.016  32.201 0.0000000000
95482  45.316  0.973  31.389 0.0000000000
95464  43.280  0.784  33.020 0.0000000000
92743  44.743  -1.991  33.340 0.0000000000
91749  44.674  -4.027  36.490 0.0000000000
92579  40.033  -2.014  48.947 0.0000000000
93549  40.517  -2.047  46.269 0.0000000000
100286  49.928  6.143  39.257 0.0000000000
92690  44.780  -2.155  37.600 0.0000000000
94543  44.455  -0.126  35.928 0.0000000000
93638  47.042  -1.532  34.802 0.0000000000
94556  48.912  -0.473  33.539 0.0000000000
97282  50.635  2.155  45.290 0.0000000000
96302  48.033  1.417  45.319 0.0000000000
95374  45.594  1.264  43.524 0.0000000000
95393  43.688  0.488  41.585 0.0000000000
93567  41.276  -2.052  44.502 0.0000000000
93587  42.299  -1.692  41.751 0.0000000000
92651  43.357  -2.166  39.790 0.0000000000
91707  46.380  -3.821  39.255 0.0000000000
92576  38.365  -2.791  50.090 0.0000000000
98364  42.658  3.310  42.336 0.0000000000
99419  40.195  3.699  41.195 0.0000000000
100296  39.082  5.217  39.202 0.0000000000
98425  40.283  3.408  38.068 0.0000000000
95429  41.691  0.675  37.578 0.0000000000
97342  50.774  2.996  41.683 0.0000000000
98419  50.121  4.813  38.259 0.0000000000
101849  47.897  7.036  35.465 0.0000000000
97408  45.056  2.817  34.593 0.0000000000
100365  45.195  5.274  33.347 0.0000000000
101122  45.145  6.883  33.725 0.0000000000
98463  43.836  4.024  33.844 0.0000000000
95442  42.175  0.245  35.324 0.0000000000
99408  36.822  4.028  41.451 0.0000000000
98369  37.695  3.676  42.256 0.0000000000
94449  44.344  -0.532  47.454 0.0000000000
94445  42.891  -0.836  47.745 0.0000000000
100306  46.762  6.057  38.686 0.0000000000
100307  45.756  5.757  38.694 0.0000000000
101069  45.284  6.078  38.075 0.0000000000
101084  43.530  6.508  37.298 0.0000000000
101099  44.148  7.190  36.188 0.0000000000
96366  44.845  1.747  39.494 0.0000000000
97367  45.704  2.442  39.466 0.0000000000
96374  44.501  1.671  38.363 0.0000000000
93687  47.522  -1.109  31.743 0.0000000000
94587  46.412  -0.060  31.430 0.0000000000
93689  45.806  -0.619  31.614 0.0000000000
93678  44.918  -0.839  31.965 0.0000000000
93664  45.792  -1.922  32.605 0.0000000000
92730  45.343  -2.476  33.988 0.0000000000
91771  46.652  -3.605  33.680 0.0000000000
92589  39.223  -2.805  47.211 0.0000000000
100275  49.785  5.727  40.245 0.0000000000
100274  50.708  5.718  39.982 0.0000000000
92688  46.351  -2.895  37.036 0.0000000000
92704  45.924  -2.287  36.261 0.0000000000
92703  47.004  -2.635  36.235 0.0000000000
93649  49.863  -1.113  34.096 0.0000000000
93663  49.890  -1.478  33.268 0.0000000000
93673  49.275  -1.656  32.660 0.0000000000
95366  44.736  0.518  44.554 0.0000000000
95365  45.830  1.077  44.249 0.0000000000
95375  44.867  0.984  43.305 0.0000000000
95383  44.486  1.013  42.076 0.0000000000
95384  43.826  0.428  42.663 0.0000000000
92606  40.348  -2.824  45.334 0.0000000000
93559  40.978  -1.946  45.489 0.0000000000
92614  41.002  -2.865  44.092 0.0000000000
90693  43.171  -4.114  41.591 0.0000000000
91663  42.220  -3.557  42.182 0.0000000000
91679  42.679  -3.390  41.539 0.0000000000
92652  42.903  -2.066  40.419 0.0000000000
91695  43.765  -2.923  39.884 0.0000000000
91709  44.390  -2.846  39.144 0.0000000000
91694  44.549  -3.646  40.046 0.0000000000
91691  47.736  -4.006  40.456 0.0000000000
99418  43.840  4.167  40.856 0.0000000000
98362  44.240  3.850  42.164 0.0000000000
98382  42.870  3.573  41.519 0.0000000000
98383  41.952  3.393  41.535 0.0000000000
98400  41.336  3.721  40.888 0.0000000000
99449  39.620  4.881  39.799 0.0000000000
99448  40.601  4.808  39.676 0.0000000000
99485  41.243  5.132  36.373 0.0000000000
99475  40.134  4.892  37.039 0.0000000000
98438  40.800  3.839  37.399 0.0000000000
97381  41.169  2.803  38.066 0.0000000000
96383  42.252  2.321  37.006 0.0000000000
97314  49.613  2.403  43.462 0.0000000000
97313  50.767  2.634  43.283 0.0000000000
97344  49.388  2.672  41.735 0.0000000000
98422  47.777  4.064  38.337 0.0000000000
98421  48.950  4.141  38.539 0.0000000000
99460  49.073  4.668  37.852 0.0000000000
100320  49.171  5.723  36.840 0.0000000000
100333  48.154  6.023  36.158 0.0000000000
94560  45.539  0.318  34.340 0.0000000000
96396  44.672  1.820  34.988 0.0000000000
96403  45.273  1.958  34.032 0.0000000000
98479  45.185  3.281  31.679 0.0000000000
98467  45.503  3.830  32.464 0.0000000000
100375  44.925  4.746  32.574 0.0000000000
101130  45.215  6.113  33.581 0.0000000000
100367  44.686  5.103  33.212 0.0000000000
100358  44.231  5.734  33.819 0.0000000000
98469  44.152  3.925  32.782 0.0000000000
93654  42.452  -1.105  33.895 0.0000000000
95451  42.572  0.567  34.306 0.0000000000
93655  41.880  -1.181  34.710 0.0000000000
93641  41.357  -1.252  35.650 0.0000000000
98343  52.747  3.872  43.183 0.0000000000
98401  36.405  3.618  40.632 0.0000000000
99452  37.335  4.095  39.607 0.0000000000
95332  47.300  0.440  47.248 0.0000000000
95334  45.351  -0.261  47.136 0.0000000000
95345  44.698  -0.151  46.201 0.0000000000
94472  43.117  -0.426  45.343 0.0000000000
91637  41.226  -3.695  43.649 0.0000000000
100278  46.319  4.931  40.805 0.0000000000
99444  44.423  4.756  39.855 0.0000000000
100292  42.908  5.308  38.938 0.0000000000
100311  41.246  5.900  38.400 0.0000000000
101071  42.275  6.332  37.752 0.0000000000
101101  41.937  6.447  36.608 0.0000000000
100336  42.185  5.666  35.916 0.0000000000
96354  46.477  2.101  41.426 0.0000000000
97354  47.922  2.601  40.863 0.0000000000
97355  46.841  2.411  40.662 0.0000000000
98411  46.667  3.090  39.141 0.0000000000
98435  45.640  3.677  37.396 0.0000000000
95460  47.948  0.515  32.846 0.0000000000
96412  46.049  2.048  32.564 0.0000000000
96421  46.733  1.414  31.934 0.0000000000
96430  45.839  1.795  31.547 0.0000000000
97428  44.736  2.400  31.610 0.0000000000
96423  43.971  2.041  32.207 0.0000000000
94590  44.257  0.382  31.862 0.0000000000
93680  43.560  -0.467  32.543 0.0000000000
92732  43.157  -2.235  34.250 0.0000000000
91760  45.481  -4.125  35.546 0.0000000000
93533  40.960  -1.576  48.691 0.0000000000
93540  41.310  -1.387  47.324 0.0000000000
92584  39.895  -2.128  47.705 0.0000000000
92596  39.550  -2.936  46.390 0.0000000000
90627  39.698  -4.531  45.661 0.0000000000
100266  48.339  5.232  41.424 0.0000000000
100287  49.024  6.036  39.455 0.0000000000
101066  48.103  6.574  38.191 0.0000000000
93616  43.769  -0.995  37.952 0.0000000000
95427  43.955  0.565  37.704 0.0000000000
93626  44.668  -0.971  36.272 0.0000000000
93639  45.636  -1.209  35.256 0.0000000000
93652  46.602  -0.712  34.341 0.0000000000
92716  48.818  -2.192  35.522 0.0000000000
93650  48.752  -0.884  34.189 0.0000000000
94570  47.776  0.348  33.246 0.0000000000
94568  48.736  -0.215  32.908 0.0000000000
93686  48.078  -1.129  31.906 0.0000000000
92753  47.602  -2.584  32.449 0.0000000000
91782  47.246  -3.642  33.020 0.0000000000
96311  49.466  1.940  45.012 0.0000000000
96322  48.231  1.842  44.193 0.0000000000
95353  46.764  1.004  45.151 0.0000000000
96314  47.094  1.430  44.397 0.0000000000
96334  46.868  1.818  42.867 0.0000000000
96344  45.887  1.774  41.806 0.0000000000
95392  44.281  1.087  41.039 0.0000000000
95412  43.637  0.350  39.550 0.0000000000
93547  41.915  -1.111  46.706 0.0000000000
94473  42.248  -0.856  45.370 0.0000000000
94482  42.336  -0.804  44.573 0.0000000000
92622  41.377  -2.985  43.353 0.0000000000
93579  41.866  -1.868  42.865 0.0000000000
94498  42.481  -0.876  42.464 0.0000000000
94506  42.657  -0.842  41.483 0.0000000000
94513  43.214  -0.477  40.059 0.0000000000
94521  43.429  -0.507  39.031 0.0000000000
92676  44.116  -1.963  38.515 0.0000000000
91724  45.100  -2.900  38.363 0.0000000000
91722  47.107  -3.628  38.601 0.0000000000
91692  46.687  -4.130  40.050 0.0000000000
91706  47.443  -3.779  39.472 0.0000000000
93527  40.979  -1.682  49.367 0.0000000000
92580  38.858  -2.576  49.201 0.0000000000
91607  37.435  -3.596  50.192 0.0000000000
98345  44.066  3.715  42.935 0.0000000000
98348  41.806  2.814  42.982 0.0000000000
99421  38.667  4.168  41.135 0.0000000000
99451  38.043  4.678  39.422 0.0000000000
99462  38.333  4.466  38.619 0.0000000000
100312  40.289  5.919  38.168 0.0000000000
99477  38.713  4.473  38.063 0.0000000000
97383  39.076  3.109  38.948 0.0000000000
98377  51.750  4.203  40.917 0.0000000000
98395  49.780  3.227  40.386 0.0000000000
98394  50.803  3.844  39.986 0.0000000000
98393  51.277  4.561  39.738 0.0000000000
100285  50.652  5.929  38.692 0.0000000000
101079  49.182  6.691  37.049 0.0000000000
101096  47.462  7.346  36.249 0.0000000000
96382  44.373  1.626  37.178 0.0000000000
98447  44.965  3.331  36.362 0.0000000000
98446  45.384  4.145  36.040 0.0000000000
97407  45.457  2.945  33.635 0.0000000000
99499  45.296  4.248  34.700 0.0000000000
100346  46.488  5.442  35.556 0.0000000000
101120  46.805  6.647  34.623 0.0000000000
101851  46.623  7.484  34.844 0.0000000000
101841  45.659  7.667  35.751 0.0000000000
101111  44.045  7.245  34.917 0.0000000000
100348  42.828  5.752  35.532 0.0000000000
98455  42.824  4.040  35.682 0.0000000000
96404  43.349  2.273  33.932 0.0000000000
96397  43.169  2.469  34.683 0.0000000000
96390  42.572  1.935  36.301 0.0000000000
95436  42.183  0.853  36.454 0.0000000000
91750  43.466  -3.430  36.418 0.0000000000
98350  38.308  3.107  43.084 0.0000000000
94437  43.039  -0.921  48.431 0.0000000000
94444  43.651  -0.702  47.995 0.0000000000
101067  46.951  6.516  37.954 0.0000000000
101068  45.954  6.313  38.009 0.0000000000
101083  44.881  6.513  37.372 0.0000000000
101098  45.358  7.238  36.457 0.0000000000
95411  44.113  1.031  39.076 0.0000000000
95418  44.031  0.902  38.432 0.0000000000
93676  47.112  -1.776  32.050 0.0000000000
93688  46.714  -0.937  31.603 0.0000000000
93677  46.068  -1.578  32.152 0.0000000000
92755  46.220  -2.177  32.713 0.0000000000
92742  45.730  -2.215  33.158 0.0000000000
92741  46.560  -2.757  33.184 0.0000000000
100248  52.151  5.073  42.775 0.0000000000
100255  51.437  5.260  42.058 0.0000000000
100264  50.606  5.423  41.148 0.0000000000
100263  51.581  5.229  40.892 0.0000000000
92687  47.441  -3.164  37.030 0.0000000000
93662  50.694  -1.661  33.906 0.0000000000
92739  50.445  -2.361  33.541 0.0000000000
92740  49.744  -2.456  33.030 0.0000000000
96369  38.968  2.147  39.830 0.0000000000
95367  43.843  0.032  44.842 0.0000000000
95376  43.875  0.299  43.795 0.0000000000
94489  43.082  -0.195  43.126 0.0000000000
91627  40.384  -3.660  44.871 0.0000000000
92615  40.633  -3.089  44.661 0.0000000000
91638  40.780  -3.686  44.282 0.0000000000
91678  43.521  -3.470  40.724 0.0000000000
90706  44.503  -4.074  40.529 0.0000000000
99431  43.291  4.329  40.354 0.0000000000
98398  43.011  3.907  40.837 0.0000000000
98399  42.161  3.770  40.831 0.0000000000
99433  41.385  4.203  40.251 0.0000000000
99447  41.601  4.729  39.530 0.0000000000
99473  41.675  4.585  36.539 0.0000000000
99474  40.980  4.593  36.768 0.0000000000
98437  41.722  3.960  37.028 0.0000000000
97391  41.801  3.033  37.408 0.0000000000
97390  42.323  3.075  36.774 0.0000000000
97315  48.466  2.106  43.584 0.0000000000
97331  48.929  2.430  42.611 0.0000000000
98433  47.430  4.481  37.663 0.0000000000
99461  48.501  4.477  38.005 0.0000000000
99470  48.084  5.025  37.285 0.0000000000
100321  48.684  5.517  36.891 0.0000000000
99482  47.169  5.217  36.640 0.0000000000
94559  46.191  0.038  34.036 0.0000000000
95450  45.041  0.947  34.491 0.0000000000
95449  45.876  1.036  33.579 0.0000000000
98474  44.742  3.872  31.856 0.0000000000
99513  44.994  4.382  32.058 0.0000000000
99506  44.781  4.571  32.473 0.0000000000
100366  44.921  5.225  33.198 0.0000000000
98468  44.480  4.174  32.269 0.0000000000
99507  44.522  4.512  32.743 0.0000000000
92733  42.266  -1.888  34.501 0.0000000000
92734  41.663  -1.757  35.141 0.0000000000
99423  36.788  4.155  40.794 0.0000000000
99453  36.983  3.829  39.829 0.0000000000
95325  46.219  -0.260  48.050 0.0000000000
94448  45.170  -0.424  47.703 0.0000000000
94450  43.550  -0.638  47.162 0.0000000000
94459  44.312  -0.346  46.512 0.0000000000
94471  43.820  -0.270  45.859 0.0000000000
100267  47.221  4.912  41.730 0.0000000000
100290  45.297  5.137  39.674 0.0000000000
100291  44.006  5.258  39.075 0.0000000000
99445  43.571  4.743  39.666 0.0000000000
100309  43.250  5.960  38.132 0.0000000000
101100  42.877  6.750  36.462 0.0000000000
101085  42.463  6.603  37.171 0.0000000000
101113  42.407  6.262  36.035 0.0000000000
100337  41.652  5.838  36.188 0.0000000000
97356  46.083  2.360  40.164 0.0000000000
97380  45.045  2.503  38.376 0.0000000000
97378  46.234  2.905  39.108 0.0000000000
97379  45.651  2.844  38.698 0.0000000000
98423  46.463  3.437  38.525 0.0000000000
95471  47.551  0.711  32.203 0.0000000000
95472  46.989  1.225  32.326 0.0000000000
96420  47.095  0.965  31.778 0.0000000000
94588  45.617  0.155  31.481 0.0000000000
95481  46.117  0.762  31.415 0.0000000000
96431  44.976  1.849  31.455 0.0000000000
96432  44.444  1.885  31.766 0.0000000000
95483  44.580  1.038  31.607 0.0000000000
93666  44.246  -1.417  32.681 0.0000000000
93679  43.947  -0.702  32.293 0.0000000000
92744  43.717  -1.857  33.477 0.0000000000
92731  44.264  -2.428  34.249 0.0000000000
91772  45.868  -3.419  34.571 0.0000000000
93537  40.680  -1.641  47.990 0.0000000000
91615  39.142  -3.400  46.643 0.0000000000
91618  39.394  -3.715  46.031 0.0000000000
101057  48.557  6.270  38.905 0.0000000000
101056  49.135  6.371  38.668 0.0000000000
93615  44.308  -1.435  37.496 0.0000000000
93614  44.841  -1.994  37.238 0.0000000000
92718  46.610  -2.048  35.553 0.0000000000
93653  45.984  -0.587  34.515 0.0000000000
92715  49.933  -2.038  35.704 0.0000000000
94557  48.146  -0.271  33.610 0.0000000000
94569  48.382  0.095  33.191 0.0000000000
92751  49.035  -2.588  32.586 0.0000000000
94576  48.866  -1.098  32.434 0.0000000000
93674  48.551  -1.612  32.296 0.0000000000
93675  47.861  -1.814  32.123 0.0000000000
92752  48.279  -2.665  32.405 0.0000000000
91790  47.881  -3.666  32.613 0.0000000000
96290  49.057  1.452  46.303 0.0000000000
96300  49.675  1.776  45.743 0.0000000000
96301  48.868  1.612  45.503 0.0000000000
96312  48.603  1.758  44.718 0.0000000000
96313  47.840  1.587  44.579 0.0000000000
95343  46.438  0.463  46.286 0.0000000000
95364  46.542  1.228  44.466 0.0000000000
96315  46.502  1.406  44.055 0.0000000000
96324  46.946  1.642  43.653 0.0000000000
96325  46.183  1.485  43.437 0.0000000000
96335  46.061  1.647  42.611 0.0000000000
95402  44.181  1.099  40.036 0.0000000000
95403  43.612  0.453  40.556 0.0000000000
93548  41.152  -1.544  46.452 0.0000000000
93566  41.705  -1.360  44.965 0.0000000000
93572  41.764  -1.471  44.003 0.0000000000
90661  41.715  -4.396  43.248 0.0000000000
91650  41.626  -3.660  43.054 0.0000000000
92630  42.130  -2.673  41.951 0.0000000000
94490  42.366  -0.844  43.536 0.0000000000
93594  43.004  -1.408  40.197 0.0000000000
93601  43.369  -1.347  39.408 0.0000000000
93608  43.770  -1.354  38.472 0.0000000000
92662  43.840  -2.101  39.050 0.0000000000
91708  45.337  -3.503  39.173 0.0000000000
91723  46.053  -3.460  38.468 0.0000000000
90703  46.843  -4.328  40.774 0.0000000000
91705  48.543  -3.612  39.655 0.0000000000
92574  40.590  -2.075  50.213 0.0000000000
92571  38.840  -2.720  50.972 0.0000000000
92575  39.402  -2.405  50.090 0.0000000000
92581  38.066  -3.152  49.325 0.0000000000
92577  37.854  -3.157  49.905 0.0000000000
98363  43.520  3.579  42.244 0.0000000000
98346  43.325  3.443  43.066 0.0000000000
98332  43.826  3.658  43.558 0.0000000000
98347  42.441  3.029  43.294 0.0000000000
98384  40.895  3.428  41.471 0.0000000000
98385  40.051  3.393  41.704 0.0000000000
98386  39.176  3.587  41.759 0.0000000000
99420  39.579  3.918  41.126 0.0000000000
99450  38.758  4.866  39.749 0.0000000000
100297  38.593  4.987  39.272 0.0000000000
100314  38.624  5.045  38.809 0.0000000000
101073  40.929  6.164  37.992 0.0000000000
98439  39.733  4.030  37.606 0.0000000000
99476  39.211  4.669  37.600 0.0000000000
98440  38.974  4.042  37.952 0.0000000000
98426  39.477  3.498  38.300 0.0000000000
97382  40.235  2.534  38.834 0.0000000000
96375  41.316  1.585  38.421 0.0000000000
97281  51.433  2.270  45.449 0.0000000000
97329  51.003  2.902  42.169 0.0000000000
97312  51.832  3.061  42.962 0.0000000000
97328  51.610  3.142  42.284 0.0000000000
98360  51.995  3.490  42.113 0.0000000000
98361  51.436  3.173  41.943 0.0000000000
97364  48.423  2.909  40.280 0.0000000000
97353  48.953  2.782  40.883 0.0000000000
98396  48.955  3.046  40.237 0.0000000000
98420  49.753  4.469  38.397 0.0000000000
98408  49.803  3.859  39.218 0.0000000000
98407  50.557  4.585  38.919 0.0000000000
98406  51.069  4.832  39.206 0.0000000000
100284  51.054  5.425  39.188 0.0000000000
99458  50.233  5.365  38.071 0.0000000000
100332  49.107  6.265  36.571 0.0000000000
101093  49.613  6.284  36.908 0.0000000000
101095  48.440  6.978  36.024 0.0000000000
101080  48.316  6.957  37.064 0.0000000000
101839  47.431  7.388  35.468 0.0000000000
95434  44.264  0.695  36.546 0.0000000000
97400  44.704  2.662  35.646 0.0000000000
98453  45.094  3.703  35.240 0.0000000000
96402  45.714  2.111  33.188 0.0000000000
97414  45.671  3.017  32.814 0.0000000000
99505  45.308  4.502  32.880 0.0000000000
98461  45.446  3.827  33.237 0.0000000000
99498  45.330  4.645  33.937 0.0000000000
99490  45.599  4.765  35.206 0.0000000000
100357  46.033  5.725  34.429 0.0000000000
100345  47.029  6.189  35.195 0.0000000000
101874  45.767  6.780  33.839 0.0000000000
101864  45.812  7.332  34.236 0.0000000000
101852  45.766  7.790  34.928 0.0000000000
101865  44.958  7.460  34.395 0.0000000000
101853  44.882  7.625  35.316 0.0000000000
101123  44.406  6.713  34.045 0.0000000000
99492  43.610  5.111  34.477 0.0000000000
99493  43.053  4.831  35.396 0.0000000000
98454  43.367  4.060  34.837 0.0000000000
95463  43.658  1.437  32.538 0.0000000000
96413  43.552  1.996  32.984 0.0000000000
96405  42.931  1.669  34.586 0.0000000000
96398  42.900  2.219  35.394 0.0000000000
95441  42.558  1.218  35.494 0.0000000000
95435  42.453  1.303  36.083 0.0000000000
93642  40.963  -1.731  36.015 0.0000000000
93627  41.246  -0.860  36.231 0.0000000000
98370  36.549  3.723  42.245 0.0000000000
99407  37.132  3.946  41.782 0.0000000000
99422  37.598  4.175  41.220 0.0000000000
94443  44.435  -0.620  48.303 0.0000000000
94451  42.710  -0.792  46.937 0.0000000000
100289  46.591  5.531  39.626 0.0000000000
100323  43.863  6.080  37.798 0.0000000000
100322  44.193  6.203  37.651 0.0000000000
96356  44.945  1.578  40.493 0.0000000000
96365  45.478  2.023  40.094 0.0000000000
97368  45.119  2.262  38.902 0.0000000000
94586  47.391  -0.217  31.584 0.0000000000
95480  46.826  0.507  31.529 0.0000000000
93690  45.281  -0.287  31.656 0.0000000000
94589  44.871  0.168  31.665 0.0000000000
93665  45.236  -1.646  32.624 0.0000000000
92729  46.129  -2.793  33.764 0.0000000000
92585  39.140  -2.547  48.223 0.0000000000
92590  38.668  -3.114  47.786 0.0000000000
100265  49.488  5.365  41.308 0.0000000000
92689  45.353  -2.458  37.268 0.0000000000
93625  45.065  -1.782  36.607 0.0000000000
92717  47.647  -2.180  35.480 0.0000000000
93635  50.423  -1.530  35.102 0.0000000000
93648  50.940  -1.461  34.617 0.0000000000
94555  49.380  -0.747  33.298 0.0000000000
95341  48.432  1.250  46.380 0.0000000000
96326  45.587  1.375  43.056 0.0000000000
93560  40.480  -2.324  45.787 0.0000000000
92605  40.838  -2.535  44.815 0.0000000000
90677  42.486  -4.511  42.529 0.0000000000
91664  41.946  -3.781  42.624 0.0000000000
90694  42.614  -3.909  41.939 0.0000000000
92642  42.663  -2.521  41.032 0.0000000000
93595  42.640  -1.551  40.904 0.0000000000
92641  43.210  -2.642  40.354 0.0000000000
91710  43.824  -2.523  39.459 0.0000000000
91693  45.644  -4.078  39.873 0.0000000000
90689  47.405  -4.399  41.431 0.0000000000
91676  48.291  -4.055  41.203 0.0000000000
99417  44.444  4.242  41.213 0.0000000000
99406  44.740  4.179  41.940 0.0000000000
98381  43.755  3.866  41.416 0.0000000000
99434  40.327  4.124  40.576 0.0000000000
100295  39.917  5.471  39.111 0.0000000000
100338  40.735  5.550  36.582 0.0000000000
100324  40.370  5.761  37.239 0.0000000000
99486  40.693  5.073  36.615 0.0000000000
96384  41.960  1.852  37.490 0.0000000000
97297  50.362  2.310  44.534 0.0000000000
97330  50.007  2.651  42.477 0.0000000000
97343  50.311  2.884  41.636 0.0000000000
98410  47.306  3.268  39.209 0.0000000000
98409  48.603  3.381  39.497 0.0000000000
99468  49.733  5.444  37.386 0.0000000000
99469  49.130  5.207  37.317 0.0000000000
94549  44.952  -0.109  34.994 0.0000000000
95440  44.557  0.803  35.486 0.0000000000
97426  45.499  2.852  31.801 0.0000000000
98473  45.246  3.726  31.903 0.0000000000
99512  45.212  4.404  32.298 0.0000000000
101129  45.737  6.247  33.852 0.0000000000
101131  44.765  6.021  33.518 0.0000000000
99500  44.259  4.758  33.441 0.0000000000
94571  42.720  -0.233  33.462 0.0000000000
94561  42.233  -0.445  34.343 0.0000000000
95452  42.187  -0.070  34.750 0.0000000000
94562  41.845  -0.516  35.077 0.0000000000
99399  52.555  4.672  42.436 0.0000000000
98388  36.283  3.817  41.305 0.0000000000
98413  37.145  3.588  39.653 0.0000000000
98412  37.593  3.390  39.364 0.0000000000
95333  46.053  -0.096  47.374 0.0000000000
95344  45.241  -0.053  46.445 0.0000000000
94458  44.896  -0.359  47.044 0.0000000000
95355  44.512  0.005  45.655 0.0000000000
90642  41.112  -4.585  44.033 0.0000000000
89688  41.740  -5.131  43.637 0.0000000000
90660  42.092  -4.974  43.179 0.0000000000
90676  43.679  -4.850  41.981 0.0000000000
100268  46.539  4.752  41.580 0.0000000000
99428  45.642  4.641  41.029 0.0000000000
100279  45.584  4.796  40.532 0.0000000000
99429  44.985  4.598  40.601 0.0000000000
99430  44.113  4.440  40.421 0.0000000000
99446  42.603  4.726  39.558 0.0000000000
100293  41.885  5.293  38.901 0.0000000000
100310  42.159  5.886  38.353 0.0000000000
101072  41.484  6.260  37.898 0.0000000000
101070  42.849  6.389  37.589 0.0000000000
101086  41.619  6.486  37.281 0.0000000000
101102  41.074  6.193  36.802 0.0000000000
99484  42.198  5.016  36.017 0.0000000000
97346  47.293  2.271  41.686 0.0000000000
97345  48.372  2.488  41.736 0.0000000000
97366  46.646  2.753  39.677 0.0000000000
98434  46.764  4.170  37.791 0.0000000000
99472  46.397  4.353  37.250 0.0000000000
95461  46.916  1.012  32.907 0.0000000000
95462  46.166  1.573  32.998 0.0000000000
96411  46.538  1.546  32.314 0.0000000000
96422  46.064  2.147  32.030 0.0000000000
96429  46.632  1.078  31.591 0.0000000000
97427  45.065  2.805  31.571 0.0000000000
97422  44.502  2.917  31.836 0.0000000000
95473  43.900  0.985  32.142 0.0000000000
95474  43.540  0.396  32.486 0.0000000000
94579  44.316  -0.214  31.943 0.0000000000
94580  43.772  0.011  32.205 0.0000000000
94581  43.294  -0.112  32.725 0.0000000000
93667  43.265  -1.005  33.006 0.0000000000
92745  42.915  -1.667  33.768 0.0000000000
92719  43.482  -2.631  34.884 0.0000000000
91761  44.462  -3.081  35.371 0.0000000000
91773  45.043  -2.711  34.614 0.0000000000
93532  41.699  -1.431  48.951 0.0000000000
93536  41.504  -1.344  48.148 0.0000000000
93541  40.545  -1.772  47.080 0.0000000000
92588  39.933  -2.318  46.772 0.0000000000
92595  40.087  -2.558  46.049 0.0000000000
92607  39.813  -3.107  45.808 0.0000000000
91628  39.918  -3.697  45.416 0.0000000000
90626  40.204  -4.464  45.089 0.0000000000
100276  48.693  5.600  40.372 0.0000000000
100288  47.851  5.970  39.292 0.0000000000
100305  47.424  6.313  38.545 0.0000000000
101081  47.253  6.986  37.158 0.0000000000
94527  43.613  -0.528  38.285 0.0000000000
95428  43.657  -0.031  38.046 0.0000000000
94536  43.791  -0.480  37.690 0.0000000000
94535  44.100  -0.323  36.896 0.0000000000
93640  44.884  -0.636  35.600 0.0000000000
94548  45.631  -0.330  34.606 0.0000000000
92702  48.153  -2.730  36.289 0.0000000000
93637  48.245  -1.559  34.775 0.0000000000
93636  49.380  -1.537  34.868 0.0000000000
93651  47.678  -0.824  34.174 0.0000000000
94558  47.159  0.040  33.655 0.0000000000
95470  48.251  0.230  32.591 0.0000000000
94577  48.344  -0.390  32.111 0.0000000000
94567  49.180  -0.853  32.721 0.0000000000
94585  47.874  -0.696  31.751 0.0000000000
91791  47.451  -3.100  32.704 0.0000000000
91781  47.638  -4.193  32.887 0.0000000000
96310  50.135  2.065  45.301 0.0000000000
97298  49.181  2.088  44.255 0.0000000000
97299  48.614  1.942  44.188 0.0000000000
97316  47.814  2.009  43.360 0.0000000000
95342  47.668  1.056  46.119 0.0000000000
95352  47.467  1.209  45.395 0.0000000000
96303  47.437  1.322  44.970 0.0000000000
96333  47.405  1.887  43.286 0.0000000000
97333  47.121  2.072  42.338 0.0000000000
96336  45.314  1.401  42.385 0.0000000000
96345  45.109  1.485  41.443 0.0000000000
93539  42.104  -1.073  47.541 0.0000000000
94461  42.485  -0.753  46.099 0.0000000000
93558  41.739  -1.234  45.850 0.0000000000
93573  41.465  -2.277  43.657 0.0000000000
92631  41.708  -3.000  42.678 0.0000000000
93580  41.579  -2.516  43.132 0.0000000000
94497  43.069  -0.136  42.067 0.0000000000
94505  43.111  -0.183  41.072 0.0000000000
94514  42.851  -0.866  40.723 0.0000000000
93607  44.179  -1.751  38.171 0.0000000000
92675  44.533  -2.223  38.162 0.0000000000
92661  44.295  -2.346  38.702 0.0000000000
91725  44.578  -2.586  38.599 0.0000000000
91736  45.308  -2.728  37.823 0.0000000000
91735  45.772  -3.064  37.755 0.0000000000
91734  46.743  -3.382  37.772 0.0000000000
91733  47.815  -3.429  37.901 0.0000000000
90705  45.028  -4.292  40.494 0.0000000000
91721  48.177  -3.510  38.761 0.0000000000
91606  37.878  -3.103  50.261 0.0000000000
91610  37.547  -3.841  49.236 0.0000000000
97318  41.617  2.655  43.533 0.0000000000
98365  41.712  3.034  42.358 0.0000000000
97334  41.341  2.778  42.806 0.0000000000
97319  40.732  2.496  43.669 0.0000000000
98368  38.725  3.345  42.403 0.0000000000
98387  38.347  3.805  41.738 0.0000000000
99435  39.180  4.498  40.478 0.0000000000
99436  38.236  4.549  40.372 0.0000000000
99463  37.782  4.180  39.071 0.0000000000
98428  38.057  3.694  38.840 0.0000000000
100294  40.900  5.446  38.992 0.0000000000
100313  39.290  5.489  38.480 0.0000000000
100325  39.598  5.367  37.697 0.0000000000
100326  38.822  5.022  38.103 0.0000000000
98427  38.710  3.626  38.487 0.0000000000
97384  38.485  3.325  38.919 0.0000000000
97370  39.344  2.421  39.425 0.0000000000
96376  40.784  1.662  38.949 0.0000000000
97296  51.640  2.637  44.154 0.0000000000
98359  52.384  4.245  41.891 0.0000000000
98376  52.178  4.529  41.354 0.0000000000
97352  49.740  2.893  41.127 0.0000000000
98379  50.209  3.055  41.095 0.0000000000
98378  50.944  3.270  41.292 0.0000000000
99413  52.050  4.800  41.020 0.0000000000
100273  51.286  5.447  39.701 0.0000000000
101054  50.202  6.203  38.193 0.0000000000
100318  50.111  5.728  37.558 0.0000000000
101064  49.881  6.374  37.691 0.0000000000
101055  49.867  6.332  38.387 0.0000000000
101065  49.130  6.626  37.838 0.0000000000
97389  44.843  2.609  37.627 0.0000000000
96389  44.406  1.689  36.078 0.0000000000
97395  44.630  2.504  36.675 0.0000000000
98436  44.920  3.071  37.054 0.0000000000
99483  46.271  4.752  36.457 0.0000000000
98462  45.245  3.729  34.169 0.0000000000
99491  45.320  4.248  35.121 0.0000000000
100335  46.784  5.303  36.163 0.0000000000
100334  47.234  5.651  36.017 0.0000000000
101110  47.337  6.713  34.982 0.0000000000
101873  46.072  6.685  33.996 0.0000000000
101863  46.512  6.992  34.330 0.0000000000
101850  47.371  7.116  35.002 0.0000000000
101840  46.602  7.689  35.568 0.0000000000
101097  46.422  7.399  36.391 0.0000000000
101842  44.990  7.490  35.906 0.0000000000
100347  43.645  6.291  34.643 0.0000000000
97415  43.976  2.971  32.445 0.0000000000
97409  43.685  3.074  33.324 0.0000000000
97401  43.450  3.164  34.296 0.0000000000
96414  43.119  1.434  33.747 0.0000000000
97402  43.098  3.160  35.167 0.0000000000
97396  42.755  3.072  36.013 0.0000000000
96391  42.290  1.716  36.836 0.0000000000
94550  41.668  -0.332  35.905 0.0000000000
94544  41.394  -0.338  36.836 0.0000000000
91677  44.199  -3.904  40.578 0.0000000000
92674  44.999  -2.508  37.845 0.0000000000
95356  43.825  -0.157  45.428 0.0000000000
95459  48.374  0.208  32.895 0.0000000000
95479  47.324  0.556  31.689 0.0000000000
96291  48.400  1.371  45.929 0.0000000000
96323  47.672  1.803  43.872 0.0000000000
96343  46.606  1.961  42.119 0.0000000000
96428  46.991  0.802  31.630 0.0000000000
97421  44.817  3.336  31.663 0.0000000000
98380  44.327  4.012  41.692 0.0000000000
98397  43.495  4.045  40.865 0.0000000000
98424  45.743  3.280  38.226 0.0000000000
98429  37.516  3.800  39.242 0.0000000000
98441  38.474  4.066  38.299 0.0000000000
98452  45.342  4.221  35.394 0.0000000000
98480  45.002  3.486  31.619 0.0000000000
99412  52.352  4.755  41.608 0.0000000000
99427  51.738  4.911  40.206 0.0000000000
99438  36.864  4.000  40.138 0.0000000000
99442  51.310  5.065  39.439 0.0000000000
99443  50.853  5.203  38.903 0.0000000000
99459  49.749  4.933  37.804 0.0000000000
99467  49.995  5.595  37.474 0.0000000000
99481  47.690  5.502  36.512 0.0000000000
100254  52.168  5.115  41.824 0.0000000000
100303  50.265  5.987  37.717 0.0000000000
100304  49.989  6.223  37.355 0.0000000000
100319  49.811  5.979  37.080 0.0000000000
100331  49.436  6.263  36.763 0.0000000000
100344  47.612  6.471  35.408 0.0000000000
100349  42.216  5.921  35.909 0.0000000000
100356  46.540  6.317  34.581 0.0000000000
100374  45.106  4.745  32.664 0.0000000000
101063  50.313  6.105  38.003 0.0000000000
101078  49.689  6.378  37.102 0.0000000000
101094  49.280  6.484  36.731 0.0000000000
101109  47.823  6.773  35.478 0.0000000000
101121  46.282  6.491  34.248 0.0000000000
101838  47.749  7.220  35.449 0.0000000000
101862  47.031  6.908  34.686 0.0000000000
