#!ascii label  , from subject sub-MOT05 vox2ras=TkReg
855
51201  16.316  -43.923  83.389 0.0000000000
47964  4.659  -45.886  69.511 0.0000000000
48981  7.778  -46.829  81.390 0.0000000000
52300  8.480  -41.869  75.872 0.0000000000
58613  6.027  -37.194  77.532 0.0000000000
50078  11.176  -45.896  83.202 0.0000000000
51253  11.923  -43.517  79.394 0.0000000000
46732  17.058  -46.186  84.951 0.0000000000
45596  12.125  -47.751  84.603 0.0000000000
44513  8.661  -48.722  83.950 0.0000000000
55244  8.218  -38.966  81.251 0.0000000000
54286  5.648  -39.982  77.057 0.0000000000
58534  6.560  -36.989  83.499 0.0000000000
46785  4.926  -49.099  79.460 0.0000000000
47889  7.021  -47.585  74.955 0.0000000000
50146  8.470  -45.448  77.750 0.0000000000
54261  10.868  -40.462  78.239 0.0000000000
51314  6.382  -43.328  71.453 0.0000000000
54341  5.116  -40.762  72.066 0.0000000000
56451  7.827  -38.958  71.668 0.0000000000
59629  11.223  -35.865  76.351 0.0000000000
51204  13.189  -45.081  83.111 0.0000000000
51229  13.153  -43.962  81.565 0.0000000000
50061  16.250  -44.755  84.786 0.0000000000
46734  14.356  -46.838  84.844 0.0000000000
50055  13.711  -45.844  84.658 0.0000000000
48936  11.639  -46.280  84.282 0.0000000000
56312  7.236  -38.412  82.970 0.0000000000
47851  6.018  -48.134  80.673 0.0000000000
49011  6.914  -47.152  78.125 0.0000000000
50138  8.400  -46.104  79.703 0.0000000000
53279  13.512  -41.487  77.445 0.0000000000
53280  12.280  -41.589  77.209 0.0000000000
48953  7.654  -47.658  83.412 0.0000000000
44528  7.197  -49.094  83.156 0.0000000000
46767  5.984  -48.760  81.971 0.0000000000
45651  4.777  -49.388  80.951 0.0000000000
49034  8.781  -45.062  73.844 0.0000000000
49047  7.825  -46.004  72.948 0.0000000000
52339  7.594  -42.265  73.472 0.0000000000
57513  5.090  -38.361  77.304 0.0000000000
54325  5.331  -40.234  74.208 0.0000000000
57545  5.192  -38.542  74.244 0.0000000000
57606  5.966  -38.968  72.215 0.0000000000
57543  6.504  -37.849  74.479 0.0000000000
50087  9.672  -46.331  82.653 0.0000000000
50125  9.653  -45.206  80.127 0.0000000000
50111  11.504  -44.766  81.082 0.0000000000
51264  13.253  -43.042  79.440 0.0000000000
45635  17.539  -46.658  83.294 0.0000000000
44585  16.147  -46.729  81.918 0.0000000000
44521  15.301  -47.162  83.613 0.0000000000
43528  13.040  -48.057  83.748 0.0000000000
44502  10.825  -48.324  84.385 0.0000000000
50068  9.949  -46.676  84.208 0.0000000000
54264  8.083  -40.720  78.388 0.0000000000
53299  7.061  -41.486  76.306 0.0000000000
53245  6.904  -39.591  79.465 0.0000000000
57481  5.347  -38.884  79.990 0.0000000000
58567  6.349  -37.016  80.589 0.0000000000
52223  18.021  -43.275  84.157 0.0000000000
44581  20.970  -46.768  81.418 0.0000000000
44517  21.750  -46.890  83.442 0.0000000000
46730  19.289  -45.526  85.053 0.0000000000
51178  18.632  -43.864  85.302 0.0000000000
44628  4.571  -50.320  78.333 0.0000000000
46829  5.691  -49.431  76.480 0.0000000000
47868  6.062  -48.345  77.295 0.0000000000
49015  7.768  -45.924  76.071 0.0000000000
51289  9.907  -43.550  75.240 0.0000000000
50144  10.159  -44.043  78.301 0.0000000000
52296  10.892  -42.649  76.524 0.0000000000
54278  9.700  -41.131  77.321 0.0000000000
54228  9.625  -39.740  79.735 0.0000000000
46867  6.307  -48.800  73.786 0.0000000000
47924  6.064  -47.025  71.623 0.0000000000
50191  5.179  -44.983  70.730 0.0000000000
52330  6.369  -41.234  74.008 0.0000000000
52352  5.597  -42.167  71.568 0.0000000000
52376  4.629  -42.997  69.923 0.0000000000
54382  5.368  -41.418  69.563 0.0000000000
55412  7.124  -40.580  69.553 0.0000000000
59567  8.086  -35.332  82.958 0.0000000000
58565  8.186  -36.539  80.245 0.0000000000
59598  10.196  -34.937  79.899 0.0000000000
58610  8.743  -36.659  77.235 0.0000000000
57540  8.976  -37.391  74.606 0.0000000000
51203  14.124  -44.758  83.158 0.0000000000
51210  14.440  -44.374  82.637 0.0000000000
51209  15.516  -44.099  82.848 0.0000000000
51186  15.553  -44.761  84.255 0.0000000000
50054  14.731  -45.607  84.795 0.0000000000
51187  14.453  -45.183  84.013 0.0000000000
51188  13.448  -45.454  83.862 0.0000000000
46938  4.777  -46.479  69.179 0.0000000000
49105  4.893  -45.024  68.970 0.0000000000
48991  7.199  -47.241  80.857 0.0000000000
48998  7.070  -47.111  80.043 0.0000000000
50127  8.377  -46.360  80.440 0.0000000000
45657  17.653  -46.479  80.982 0.0000000000
48959  7.857  -47.059  82.853 0.0000000000
47838  6.914  -47.971  82.850 0.0000000000
48983  6.705  -47.779  81.798 0.0000000000
47847  6.114  -48.321  81.313 0.0000000000
51299  9.247  -43.354  74.227 0.0000000000
50178  8.567  -44.118  72.923 0.0000000000
52327  7.850  -42.191  74.393 0.0000000000
57512  5.448  -37.672  77.451 0.0000000000
57534  4.979  -38.525  75.366 0.0000000000
57533  5.398  -38.045  75.329 0.0000000000
57544  5.766  -38.093  74.380 0.0000000000
57521  6.379  -37.427  76.102 0.0000000000
50086  10.425  -46.081  82.610 0.0000000000
50098  10.446  -45.815  81.862 0.0000000000
50096  12.082  -45.001  82.014 0.0000000000
51251  13.385  -43.182  80.307 0.0000000000
53265  15.083  -41.923  77.936 0.0000000000
45608  16.791  -46.685  84.069 0.0000000000
45637  15.713  -46.996  83.518 0.0000000000
45609  15.756  -46.907  84.108 0.0000000000
45594  13.630  -47.300  84.618 0.0000000000
45611  13.764  -47.546  84.247 0.0000000000
44507  13.031  -47.895  84.132 0.0000000000
44501  11.533  -48.213  84.341 0.0000000000
50071  12.066  -45.736  83.596 0.0000000000
48937  10.918  -46.511  84.363 0.0000000000
50073  10.409  -46.324  83.711 0.0000000000
50080  9.720  -46.462  83.290 0.0000000000
54229  8.676  -39.813  79.839 0.0000000000
54248  7.560  -39.901  79.359 0.0000000000
54214  7.494  -39.417  80.591 0.0000000000
57453  6.586  -37.714  83.306 0.0000000000
56325  6.385  -38.550  81.806 0.0000000000
57473  5.841  -38.239  81.280 0.0000000000
58568  5.836  -37.621  80.711 0.0000000000
58555  6.378  -37.015  81.662 0.0000000000
45605  19.811  -46.212  84.339 0.0000000000
45693  4.805  -49.815  78.574 0.0000000000
46802  5.132  -49.390  78.131 0.0000000000
47864  5.303  -48.917  78.380 0.0000000000
49002  8.016  -46.038  78.222 0.0000000000
49010  7.444  -46.587  77.593 0.0000000000
50152  8.295  -45.474  77.074 0.0000000000
50157  9.168  -44.971  75.606 0.0000000000
50156  9.884  -44.393  76.295 0.0000000000
50124  10.621  -44.566  80.022 0.0000000000
50135  10.325  -44.143  79.143 0.0000000000
51254  11.163  -43.650  79.017 0.0000000000
54276  11.615  -40.900  77.577 0.0000000000
52289  11.623  -42.456  77.070 0.0000000000
53281  10.995  -41.787  76.819 0.0000000000
53294  10.602  -42.296  76.354 0.0000000000
54277  10.499  -41.042  77.416 0.0000000000
54262  9.699  -40.620  78.103 0.0000000000
54245  10.175  -40.124  79.007 0.0000000000
44570  15.319  -47.146  82.552 0.0000000000
44601  14.800  -47.053  80.875 0.0000000000
43514  9.554  -48.887  83.848 0.0000000000
42470  8.565  -50.004  82.643 0.0000000000
43523  8.279  -49.465  83.367 0.0000000000
43534  6.131  -49.827  82.274 0.0000000000
42473  6.802  -50.155  82.398 0.0000000000
45658  4.727  -49.310  80.464 0.0000000000
44603  4.529  -50.125  79.577 0.0000000000
46828  6.178  -48.846  75.899 0.0000000000
46850  6.370  -48.748  74.814 0.0000000000
47907  7.140  -47.362  74.153 0.0000000000
50188  6.995  -44.358  71.624 0.0000000000
49062  6.522  -46.258  71.717 0.0000000000
50189  6.340  -44.687  71.289 0.0000000000
49063  5.698  -45.805  70.956 0.0000000000
50190  5.602  -44.764  70.927 0.0000000000
53287  6.404  -40.512  77.236 0.0000000000
53315  6.405  -41.142  75.258 0.0000000000
53316  6.125  -40.852  75.046 0.0000000000
54333  5.296  -40.504  73.117 0.0000000000
53339  5.656  -40.819  73.399 0.0000000000
53346  5.495  -41.466  72.107 0.0000000000
52360  5.359  -42.640  71.065 0.0000000000
53353  5.128  -41.798  71.203 0.0000000000
53369  4.797  -42.342  69.655 0.0000000000
54352  5.078  -40.847  71.013 0.0000000000
56452  6.985  -39.014  71.689 0.0000000000
56489  6.478  -39.792  70.663 0.0000000000
56488  7.166  -39.708  70.525 0.0000000000
60573  8.479  -34.339  82.692 0.0000000000
58553  8.049  -36.358  81.277 0.0000000000
59587  8.822  -35.963  80.891 0.0000000000
59618  11.321  -34.839  77.837 0.0000000000
58596  10.318  -36.087  77.793 0.0000000000
58597  9.454  -36.424  77.990 0.0000000000
58609  9.648  -36.531  77.062 0.0000000000
58635  8.399  -37.138  75.581 0.0000000000
58633  9.965  -36.852  75.369 0.0000000000
51205  12.454  -45.355  83.104 0.0000000000
51219  12.745  -44.492  82.048 0.0000000000
51211  13.431  -44.637  82.688 0.0000000000
48924  16.562  -45.403  85.240 0.0000000000
46733  15.683  -46.666  84.657 0.0000000000
48925  15.424  -45.785  85.096 0.0000000000
48926  14.338  -46.047  84.990 0.0000000000
47813  12.941  -46.703  84.875 0.0000000000
47814  12.043  -46.899  84.789 0.0000000000
50056  13.065  -45.996  84.609 0.0000000000
50070  12.641  -45.628  83.727 0.0000000000
55222  9.066  -38.386  82.533 0.0000000000
55233  7.890  -38.732  81.748 0.0000000000
56300  8.228  -37.905  83.836 0.0000000000
57445  7.751  -37.540  84.379 0.0000000000
58530  7.011  -36.556  84.403 0.0000000000
47856  5.305  -48.534  79.688 0.0000000000
47859  5.790  -48.113  79.192 0.0000000000
49005  6.390  -47.570  79.570 0.0000000000
49003  7.498  -46.587  78.655 0.0000000000
50137  8.759  -45.471  79.081 0.0000000000
52279  12.879  -42.898  78.187 0.0000000000
51275  12.354  -43.036  78.081 0.0000000000
52288  12.771  -42.477  77.621 0.0000000000
54259  12.649  -40.176  78.190 0.0000000000
54260  12.041  -40.207  78.520 0.0000000000
54226  11.361  -39.825  79.542 0.0000000000
46753  8.102  -48.149  84.021 0.0000000000
44514  8.009  -49.007  83.664 0.0000000000
46758  6.912  -48.031  83.061 0.0000000000
45629  6.443  -48.923  82.555 0.0000000000
45638  5.835  -49.203  82.050 0.0000000000
44557  4.917  -49.939  81.489 0.0000000000
46768  5.510  -48.993  81.593 0.0000000000
46778  5.104  -48.887  80.782 0.0000000000
49036  7.685  -46.412  74.201 0.0000000000
49037  7.322  -46.984  74.618 0.0000000000
49046  8.293  -45.073  72.898 0.0000000000
49059  7.893  -44.691  72.358 0.0000000000
51313  7.019  -43.110  71.878 0.0000000000
55298  5.092  -39.463  77.136 0.0000000000
53302  5.443  -40.099  76.045 0.0000000000
55313  4.931  -39.523  75.740 0.0000000000
56399  4.871  -39.085  74.585 0.0000000000
56413  5.006  -39.236  73.629 0.0000000000
55363  5.194  -39.953  71.891 0.0000000000
57561  5.296  -38.889  73.259 0.0000000000
57582  6.120  -38.623  72.745 0.0000000000
57581  6.742  -38.338  72.889 0.0000000000
59628  11.816  -34.914  76.744 0.0000000000
59638  11.211  -36.150  75.419 0.0000000000
59646  12.378  -35.103  75.070 0.0000000000
50100  8.757  -46.394  82.050 0.0000000000
50114  9.000  -46.274  81.145 0.0000000000
50113  9.686  -45.777  81.052 0.0000000000
50112  10.512  -45.293  81.001 0.0000000000
51241  11.345  -44.035  79.881 0.0000000000
51230  12.315  -44.227  81.155 0.0000000000
51252  12.675  -43.361  79.839 0.0000000000
51265  12.642  -43.144  78.816 0.0000000000
52287  14.007  -42.157  77.689 0.0000000000
44553  17.356  -46.676  82.854 0.0000000000
44568  17.436  -46.616  82.434 0.0000000000
44554  16.530  -46.819  82.917 0.0000000000
45610  14.653  -47.330  84.046 0.0000000000
44540  13.898  -47.719  83.685 0.0000000000
43541  13.472  -48.050  82.864 0.0000000000
43513  10.379  -48.818  83.765 0.0000000000
44504  9.773  -48.250  84.483 0.0000000000
47815  11.228  -47.093  84.769 0.0000000000
47817  10.036  -47.284  84.650 0.0000000000
47819  9.001  -47.593  84.451 0.0000000000
48945  8.768  -46.953  83.830 0.0000000000
48958  8.455  -46.702  82.867 0.0000000000
53284  8.450  -41.547  77.053 0.0000000000
53313  7.681  -41.902  75.644 0.0000000000
53285  7.608  -41.407  77.223 0.0000000000
53269  6.849  -40.292  78.173 0.0000000000
53257  6.519  -39.607  78.650 0.0000000000
54205  6.994  -39.165  81.157 0.0000000000
55258  6.364  -39.387  80.029 0.0000000000
55287  5.857  -39.436  78.420 0.0000000000
57507  5.173  -38.407  78.569 0.0000000000
57506  5.323  -37.771  78.510 0.0000000000
58601  5.816  -37.281  78.522 0.0000000000
51200  17.000  -43.646  83.685 0.0000000000
44582  19.713  -46.603  81.504 0.0000000000
44548  22.789  -48.001  82.540 0.0000000000
44531  22.822  -47.545  83.070 0.0000000000
44549  22.121  -47.650  82.441 0.0000000000
44550  21.329  -47.105  82.447 0.0000000000
44551  20.133  -46.789  82.564 0.0000000000
44552  18.531  -46.572  82.799 0.0000000000
45606  18.843  -46.326  84.243 0.0000000000
46731  18.217  -45.824  85.052 0.0000000000
48922  18.787  -44.663  85.448 0.0000000000
48923  17.684  -44.977  85.423 0.0000000000
50059  17.843  -44.054  85.199 0.0000000000
51185  16.719  -44.316  84.524 0.0000000000
46814  5.828  -48.860  76.847 0.0000000000
47874  6.742  -47.725  76.032 0.0000000000
49018  6.407  -47.771  77.696 0.0000000000
49017  6.956  -47.265  76.940 0.0000000000
49025  7.437  -46.423  75.362 0.0000000000
49023  8.632  -45.390  74.804 0.0000000000
50164  9.190  -44.681  74.637 0.0000000000
52312  9.758  -42.881  75.238 0.0000000000
50126  8.980  -45.860  80.258 0.0000000000
50145  9.257  -44.803  78.097 0.0000000000
51276  11.589  -43.052  77.635 0.0000000000
51277  10.772  -43.509  77.267 0.0000000000
50155  10.327  -43.990  76.975 0.0000000000
51288  10.232  -43.368  75.722 0.0000000000
52298  9.674  -42.267  75.703 0.0000000000
53296  9.507  -41.783  76.226 0.0000000000
53266  8.981  -41.115  77.599 0.0000000000
54246  9.128  -40.203  79.029 0.0000000000
54212  9.219  -39.391  80.404 0.0000000000
55257  10.550  -39.273  80.376 0.0000000000
55242  9.903  -39.003  80.886 0.0000000000
55231  9.439  -38.565  81.715 0.0000000000
41307  8.103  -50.469  81.860 0.0000000000
42465  7.645  -49.809  82.876 0.0000000000
47908  6.785  -47.860  73.845 0.0000000000
47923  6.530  -47.496  72.569 0.0000000000
49090  4.830  -45.334  70.290 0.0000000000
52328  7.136  -41.795  74.314 0.0000000000
52340  6.995  -41.854  73.456 0.0000000000
52350  6.518  -42.239  72.187 0.0000000000
53330  5.672  -40.516  74.544 0.0000000000
53338  5.883  -41.404  72.616 0.0000000000
52351  5.974  -42.276  71.763 0.0000000000
51320  5.348  -43.669  70.843 0.0000000000
51321  5.043  -43.723  70.620 0.0000000000
50210  4.505  -44.620  69.837 0.0000000000
51337  4.553  -43.847  69.570 0.0000000000
55394  5.657  -40.527  70.348 0.0000000000
54381  5.927  -41.223  69.297 0.0000000000
59559  7.288  -35.929  84.297 0.0000000000
60570  8.166  -34.431  83.691 0.0000000000
58533  7.013  -36.370  83.241 0.0000000000
58554  7.091  -36.653  81.487 0.0000000000
58566  7.200  -36.740  80.444 0.0000000000
58600  6.597  -36.953  78.478 0.0000000000
58564  9.147  -36.197  80.012 0.0000000000
58598  8.544  -36.631  78.194 0.0000000000
58625  7.121  -37.169  76.511 0.0000000000
58636  7.642  -37.254  75.843 0.0000000000
57557  8.020  -37.822  73.774 0.0000000000
57579  8.650  -38.145  72.974 0.0000000000
57578  9.920  -38.075  72.608 0.0000000000
51202  15.221  -44.468  83.220 0.0000000000
51208  16.033  -43.813  82.999 0.0000000000
51193  15.994  -44.396  83.855 0.0000000000
51194  14.846  -44.823  83.659 0.0000000000
46919  4.853  -46.842  69.811 0.0000000000
47979  4.697  -45.968  69.091 0.0000000000
47963  4.736  -45.557  69.122 0.0000000000
48982  7.252  -47.270  81.632 0.0000000000
48990  7.744  -46.752  80.613 0.0000000000
44583  18.467  -46.535  81.737 0.0000000000
45656  18.439  -46.516  81.074 0.0000000000
48971  7.965  -46.766  82.198 0.0000000000
48972  7.283  -47.374  82.312 0.0000000000
52325  9.324  -42.906  74.719 0.0000000000
52326  8.716  -42.640  74.385 0.0000000000
52314  8.253  -42.080  75.311 0.0000000000
57523  5.196  -38.109  76.348 0.0000000000
57522  5.749  -37.585  76.415 0.0000000000
57532  6.033  -37.691  75.332 0.0000000000
50085  11.195  -45.761  82.618 0.0000000000
46750  16.918  -46.496  84.465 0.0000000000
46751  16.269  -46.709  84.329 0.0000000000
45595  12.907  -47.429  84.685 0.0000000000
45612  12.841  -47.716  84.437 0.0000000000
44508  12.330  -48.082  84.229 0.0000000000
44500  11.999  -48.084  84.358 0.0000000000
50077  11.860  -45.621  83.143 0.0000000000
50072  11.148  -46.020  83.653 0.0000000000
50079  10.434  -46.213  83.210 0.0000000000
54213  8.263  -39.403  80.634 0.0000000000
54230  7.851  -39.734  79.922 0.0000000000
54203  7.683  -39.126  81.130 0.0000000000
58535  6.392  -37.501  83.113 0.0000000000
57463  6.107  -37.948  82.182 0.0000000000
58544  6.274  -37.438  82.714 0.0000000000
58556  6.104  -37.505  81.889 0.0000000000
58543  6.433  -36.930  82.625 0.0000000000
46792  5.011  -49.293  78.808 0.0000000000
47860  5.319  -48.720  78.971 0.0000000000
50151  8.911  -45.080  76.829 0.0000000000
51242  10.768  -43.987  79.386 0.0000000000
43515  8.868  -49.039  83.763 0.0000000000
43522  8.924  -49.457  83.390 0.0000000000
42475  5.696  -50.285  82.072 0.0000000000
42474  6.000  -50.339  82.224 0.0000000000
46782  4.920  -48.924  80.127 0.0000000000
45668  4.669  -49.500  79.897 0.0000000000
45680  4.733  -49.678  79.232 0.0000000000
47890  6.600  -48.199  75.319 0.0000000000
51315  5.799  -43.575  71.103 0.0000000000
53288  6.092  -40.045  77.408 0.0000000000
53301  5.817  -40.362  76.362 0.0000000000
56470  6.714  -39.412  71.121 0.0000000000
56469  7.504  -39.336  71.062 0.0000000000
61615  8.405  -33.574  82.568 0.0000000000
60582  8.915  -34.355  82.051 0.0000000000
59576  8.798  -35.271  81.850 0.0000000000
59575  9.314  -34.950  81.431 0.0000000000
59619  11.079  -35.589  77.406 0.0000000000
58608  10.481  -36.257  76.791 0.0000000000
58622  9.807  -36.646  76.162 0.0000000000
58621  10.551  -36.406  75.862 0.0000000000
52234  15.030  -44.094  82.354 0.0000000000
50053  15.828  -45.238  84.990 0.0000000000
47812  13.899  -46.539  84.958 0.0000000000
48927  13.391  -46.230  84.832 0.0000000000
51195  13.790  -45.154  83.530 0.0000000000
51189  12.913  -45.571  83.778 0.0000000000
51196  12.834  -45.447  83.494 0.0000000000
51197  12.307  -45.552  83.349 0.0000000000
56310  8.670  -38.200  83.239 0.0000000000
57436  8.097  -37.070  85.014 0.0000000000
57437  7.350  -37.063  84.759 0.0000000000
58524  7.591  -36.358  84.996 0.0000000000
47855  5.788  -47.959  79.992 0.0000000000
48999  6.511  -47.618  80.374 0.0000000000
48997  7.714  -46.570  79.680 0.0000000000
48996  8.072  -46.154  79.078 0.0000000000
54275  12.940  -40.450  77.691 0.0000000000
55286  12.434  -39.897  78.963 0.0000000000
55272  11.978  -39.791  79.425 0.0000000000
47828  7.960  -47.798  83.861 0.0000000000
46754  7.646  -48.221  83.642 0.0000000000
47829  7.518  -47.933  83.499 0.0000000000
47839  6.535  -48.122  82.297 0.0000000000
47834  6.808  -48.170  82.792 0.0000000000
46763  6.431  -48.617  82.450 0.0000000000
45646  5.517  -49.204  81.722 0.0000000000
46777  5.551  -48.728  81.182 0.0000000000
47848  5.630  -48.547  80.876 0.0000000000
47852  5.421  -48.493  80.368 0.0000000000
49035  8.235  -45.772  73.932 0.0000000000
51311  8.277  -43.334  72.817 0.0000000000
50179  8.081  -44.378  72.495 0.0000000000
50186  8.055  -43.760  72.486 0.0000000000
50187  7.625  -44.054  72.090 0.0000000000
51312  7.664  -42.875  72.523 0.0000000000
56381  4.868  -38.990  76.929 0.0000000000
55305  4.942  -39.503  76.397 0.0000000000
56387  4.749  -39.045  76.255 0.0000000000
57559  6.257  -38.232  73.600 0.0000000000
57558  7.037  -38.025  73.701 0.0000000000
60629  11.871  -34.174  76.824 0.0000000000
59636  12.238  -34.807  75.991 0.0000000000
59637  11.886  -35.546  75.755 0.0000000000
50099  9.632  -46.120  81.921 0.0000000000
50123  11.283  -44.428  80.389 0.0000000000
51231  11.697  -44.263  80.571 0.0000000000
52278  13.635  -42.721  78.534 0.0000000000
45644  17.281  -46.689  83.097 0.0000000000
45645  16.848  -46.742  83.117 0.0000000000
44538  15.888  -46.960  83.267 0.0000000000
45593  14.545  -47.161  84.425 0.0000000000
45592  15.149  -47.058  84.285 0.0000000000
44524  13.142  -47.968  83.924 0.0000000000
44523  13.879  -47.711  83.910 0.0000000000
44541  13.458  -47.881  83.819 0.0000000000
43536  13.506  -47.946  83.462 0.0000000000
43527  13.458  -47.900  83.724 0.0000000000
43537  12.771  -48.299  83.202 0.0000000000
43538  11.803  -48.657  82.903 0.0000000000
44510  11.042  -48.570  84.042 0.0000000000
44511  10.251  -48.611  84.099 0.0000000000
44503  10.157  -48.309  84.435 0.0000000000
48928  12.441  -46.327  84.544 0.0000000000
48929  11.491  -46.662  84.570 0.0000000000
50067  10.376  -46.491  84.119 0.0000000000
48931  10.158  -46.962  84.562 0.0000000000
48932  9.797  -47.044  84.497 0.0000000000
47818  9.469  -47.365  84.527 0.0000000000
48939  9.504  -46.936  84.284 0.0000000000
48940  8.778  -47.288  84.152 0.0000000000
48944  9.290  -46.786  84.032 0.0000000000
50081  9.027  -46.659  83.421 0.0000000000
50088  9.029  -46.507  82.807 0.0000000000
48970  8.541  -46.560  82.496 0.0000000000
53267  8.189  -41.095  77.852 0.0000000000
53244  7.099  -39.783  79.493 0.0000000000
53255  7.145  -39.849  79.077 0.0000000000
53270  6.535  -39.969  78.095 0.0000000000
53256  6.774  -39.616  79.069 0.0000000000
55224  7.581  -38.569  82.372 0.0000000000
55234  7.306  -38.845  81.570 0.0000000000
55225  7.074  -38.632  82.234 0.0000000000
56334  5.999  -38.934  80.935 0.0000000000
55245  6.249  -39.328  80.447 0.0000000000
55246  5.860  -39.297  80.269 0.0000000000
55273  5.961  -39.343  79.132 0.0000000000
56358  5.604  -39.099  79.621 0.0000000000
56371  5.520  -39.049  78.705 0.0000000000
57495  5.279  -38.649  79.490 0.0000000000
57494  5.273  -37.949  79.570 0.0000000000
58585  5.737  -37.388  79.579 0.0000000000
52224  17.340  -43.518  83.841 0.0000000000
52227  17.833  -43.037  83.585 0.0000000000
44597  20.801  -46.545  80.877 0.0000000000
44516  22.312  -47.084  83.351 0.0000000000
44532  22.223  -47.405  82.967 0.0000000000
44533  21.526  -47.085  82.948 0.0000000000
44535  19.280  -46.532  83.173 0.0000000000
46748  19.059  -46.005  84.703 0.0000000000
46749  17.991  -46.245  84.622 0.0000000000
50050  19.150  -44.124  85.479 0.0000000000
47808  18.486  -45.271  85.358 0.0000000000
50051  18.048  -44.295  85.357 0.0000000000
52218  18.102  -43.543  84.649 0.0000000000
51184  17.918  -43.801  84.937 0.0000000000
51191  17.805  -43.610  84.521 0.0000000000
51192  17.156  -43.814  84.146 0.0000000000
43563  4.361  -50.912  78.007 0.0000000000
45709  4.933  -49.905  77.852 0.0000000000
47869  5.512  -48.853  77.704 0.0000000000
46815  5.370  -49.421  77.360 0.0000000000
47875  6.327  -48.319  76.376 0.0000000000
47867  6.487  -47.887  76.867 0.0000000000
49012  6.364  -47.671  78.670 0.0000000000
49016  7.427  -46.524  76.470 0.0000000000
49024  7.911  -45.870  75.034 0.0000000000
50163  9.683  -44.270  75.331 0.0000000000
51298  9.565  -43.329  74.795 0.0000000000
50136  9.742  -44.649  79.159 0.0000000000
51279  11.107  -43.069  76.931 0.0000000000
51280  10.541  -43.503  76.371 0.0000000000
53282  10.042  -41.517  76.775 0.0000000000
53295  10.203  -42.034  76.252 0.0000000000
53283  9.249  -41.479  76.872 0.0000000000
55256  11.321  -39.383  80.120 0.0000000000
44569  16.401  -46.793  82.547 0.0000000000
44599  16.865  -46.471  81.263 0.0000000000
42479  8.470  -50.212  82.119 0.0000000000
44527  7.483  -49.241  83.249 0.0000000000
43524  7.713  -49.403  83.254 0.0000000000
42466  7.338  -49.707  82.820 0.0000000000
45755  6.176  -49.315  74.564 0.0000000000
45772  6.182  -49.247  74.116 0.0000000000
49048  7.265  -46.854  73.207 0.0000000000
46879  6.166  -48.339  72.566 0.0000000000
47938  5.554  -46.523  70.898 0.0000000000
49075  5.192  -45.505  70.603 0.0000000000
47951  5.151  -46.179  70.423 0.0000000000
50198  4.882  -44.629  70.506 0.0000000000
53314  7.341  -41.762  75.818 0.0000000000
52315  7.349  -41.858  75.199 0.0000000000
52301  6.970  -41.606  75.670 0.0000000000
52317  6.429  -41.210  74.753 0.0000000000
52329  6.657  -41.473  74.174 0.0000000000
52341  6.631  -41.658  73.216 0.0000000000
54313  5.286  -40.050  75.148 0.0000000000
53317  5.553  -40.289  75.503 0.0000000000
53345  5.716  -41.800  71.986 0.0000000000
52359  5.615  -42.835  71.155 0.0000000000
52366  4.968  -42.888  70.548 0.0000000000
51328  4.658  -43.878  70.222 0.0000000000
50209  4.608  -44.650  70.160 0.0000000000
51329  4.486  -44.249  69.970 0.0000000000
51338  4.490  -44.257  69.758 0.0000000000
54383  4.999  -42.030  69.441 0.0000000000
53381  5.564  -41.912  68.971 0.0000000000
56454  5.680  -39.400  71.839 0.0000000000
55374  5.551  -40.112  71.080 0.0000000000
56472  5.750  -39.693  71.338 0.0000000000
55392  6.783  -40.129  70.123 0.0000000000
55413  6.354  -40.608  69.703 0.0000000000
54380  6.606  -41.129  69.206 0.0000000000
59562  7.994  -35.202  83.405 0.0000000000
59563  7.690  -35.437  83.731 0.0000000000
59568  7.520  -35.997  82.990 0.0000000000
58542  6.999  -36.533  82.431 0.0000000000
58541  7.838  -36.169  82.270 0.0000000000
58583  7.356  -36.784  79.389 0.0000000000
60600  10.507  -34.320  79.458 0.0000000000
59585  9.982  -34.822  80.372 0.0000000000
59586  9.619  -35.147  80.754 0.0000000000
59599  9.922  -35.694  79.535 0.0000000000
58611  7.801  -36.825  77.377 0.0000000000
58624  8.099  -36.954  76.477 0.0000000000
58646  8.870  -37.251  75.045 0.0000000000
57541  8.356  -37.428  74.649 0.0000000000
57556  9.290  -37.598  73.913 0.0000000000
58643  10.760  -36.909  74.394 0.0000000000
52233  15.967  -43.600  82.579 0.0000000000
50062  15.129  -45.178  84.548 0.0000000000
50063  14.034  -45.529  84.327 0.0000000000
50235  4.984  -44.350  68.752 0.0000000000
48992  6.645  -47.743  81.117 0.0000000000
47833  7.178  -47.905  83.098 0.0000000000
48960  7.292  -47.626  82.879 0.0000000000
48973  6.793  -47.834  82.321 0.0000000000
47844  6.319  -48.266  81.901 0.0000000000
50171  9.098  -44.191  73.779 0.0000000000
49045  8.712  -44.658  73.320 0.0000000000
51305  8.714  -43.245  73.482 0.0000000000
52338  8.229  -42.571  73.730 0.0000000000
57524  4.879  -38.596  76.243 0.0000000000
50097  11.306  -45.440  81.880 0.0000000000
51238  13.602  -43.493  81.154 0.0000000000
52270  13.989  -42.887  79.752 0.0000000000
52269  14.728  -42.570  79.183 0.0000000000
52277  14.697  -42.236  78.105 0.0000000000
52276  15.183  -42.016  78.202 0.0000000000
45624  17.593  -46.631  83.708 0.0000000000
45636  16.407  -46.815  83.365 0.0000000000
45625  16.540  -46.785  83.721 0.0000000000
45626  15.418  -47.079  83.800 0.0000000000
45597  11.291  -47.933  84.667 0.0000000000
50065  11.803  -45.978  83.992 0.0000000000
50066  11.052  -46.191  84.038 0.0000000000
50074  9.677  -46.608  83.885 0.0000000000
54247  8.089  -40.284  79.036 0.0000000000
54231  7.153  -39.564  79.827 0.0000000000
56313  6.692  -38.364  82.614 0.0000000000
56324  6.719  -38.627  82.067 0.0000000000
56314  6.334  -38.215  82.386 0.0000000000
57480  5.404  -38.420  80.361 0.0000000000
45622  19.577  -46.442  83.898 0.0000000000
46747  20.048  -45.820  84.733 0.0000000000
46729  20.251  -45.431  85.145 0.0000000000
51179  18.107  -43.965  85.251 0.0000000000
47863  5.778  -48.321  78.269 0.0000000000
49009  7.911  -45.936  77.106 0.0000000000
49008  8.181  -45.558  76.588 0.0000000000
49014  8.392  -45.495  75.829 0.0000000000
51281  10.143  -43.872  75.743 0.0000000000
51268  10.484  -43.767  78.386 0.0000000000
44586  15.051  -47.094  81.801 0.0000000000
43521  9.594  -49.306  83.364 0.0000000000
42463  8.866  -49.905  82.863 0.0000000000
42464  8.205  -49.872  82.966 0.0000000000
43525  7.120  -49.534  82.824 0.0000000000
44572  4.610  -49.951  81.071 0.0000000000
44588  4.531  -49.932  80.391 0.0000000000
44616  4.585  -50.150  78.953 0.0000000000
46851  6.030  -49.412  75.522 0.0000000000
49061  7.144  -45.673  71.946 0.0000000000
53300  6.473  -41.048  76.053 0.0000000000
52302  6.742  -41.415  75.799 0.0000000000
53360  4.834  -42.082  70.398 0.0000000000
54365  4.977  -41.562  70.030 0.0000000000
56453  6.277  -39.123  71.778 0.0000000000
56471  6.040  -39.666  71.082 0.0000000000
59609  10.758  -35.135  78.660 0.0000000000
59610  10.032  -36.028  78.628 0.0000000000
58623  8.976  -36.799  76.339 0.0000000000
58634  9.232  -36.979  75.549 0.0000000000
58645  9.453  -37.231  74.804 0.0000000000
50084  11.926  -45.379  82.641 0.0000000000
51212  12.630  -44.997  82.654 0.0000000000
51218  13.627  -44.256  82.196 0.0000000000
51217  14.175  -44.174  82.220 0.0000000000
51228  13.891  -43.909  81.794 0.0000000000
47809  17.361  -45.636  85.324 0.0000000000
47810  16.170  -46.063  85.247 0.0000000000
47811  14.974  -46.367  85.112 0.0000000000
46735  13.369  -47.003  84.981 0.0000000000
46736  12.518  -47.230  84.863 0.0000000000
48935  12.162  -46.074  84.234 0.0000000000
50064  12.809  -45.778  84.143 0.0000000000
55232  8.598  -38.651  81.796 0.0000000000
55223  8.261  -38.511  82.497 0.0000000000
56311  7.890  -38.354  83.152 0.0000000000
57444  8.591  -37.525  84.542 0.0000000000
56301  7.463  -38.009  83.705 0.0000000000
57446  6.966  -37.412  84.104 0.0000000000
49004  6.969  -47.093  79.135 0.0000000000
51266  11.744  -43.323  78.487 0.0000000000
54243  11.644  -40.006  79.158 0.0000000000
54244  11.127  -40.003  79.031 0.0000000000
45615  8.437  -48.400  84.080 0.0000000000
45616  8.083  -48.675  83.914 0.0000000000
44515  7.782  -49.120  83.623 0.0000000000
45617  7.379  -48.613  83.400 0.0000000000
47830  6.865  -47.869  82.902 0.0000000000
45628  7.005  -48.840  83.109 0.0000000000
44529  6.552  -49.220  82.629 0.0000000000
44542  5.959  -49.502  82.183 0.0000000000
43535  5.527  -50.114  81.952 0.0000000000
44543  5.371  -49.846  81.804 0.0000000000
45639  5.304  -49.538  81.668 0.0000000000
45647  5.065  -49.427  81.422 0.0000000000
46772  5.783  -48.716  81.556 0.0000000000
46773  5.247  -48.990  81.247 0.0000000000
49060  7.653  -45.065  72.170 0.0000000000
54280  5.422  -39.721  77.255 0.0000000000
54287  5.297  -39.904  76.567 0.0000000000
54297  5.201  -39.902  75.741 0.0000000000
55326  5.124  -39.922  75.247 0.0000000000
56392  4.765  -39.049  75.526 0.0000000000
55327  5.059  -39.693  75.006 0.0000000000
55343  5.053  -39.783  73.912 0.0000000000
55354  5.033  -40.014  73.010 0.0000000000
56434  5.128  -39.463  72.986 0.0000000000
56433  5.429  -39.203  72.490 0.0000000000
57607  5.918  -39.043  72.009 0.0000000000
57560  5.693  -38.528  73.461 0.0000000000
56432  6.208  -38.854  72.252 0.0000000000
56431  6.555  -38.741  72.262 0.0000000000
56430  7.266  -38.608  72.274 0.0000000000
47952  4.825  -46.033  70.046 0.0000000000
50101  8.181  -46.573  81.735 0.0000000000
50115  8.306  -46.520  81.242 0.0000000000
50110  12.169  -44.629  81.610 0.0000000000
51239  12.849  -43.625  80.752 0.0000000000
51240  12.116  -43.828  80.284 0.0000000000
52286  14.514  -42.014  77.712 0.0000000000
44567  18.558  -46.559  82.273 0.0000000000
44571  14.254  -47.619  82.402 0.0000000000
45627  14.887  -47.460  84.086 0.0000000000
44506  13.764  -47.672  84.026 0.0000000000
44505  14.270  -47.508  83.981 0.0000000000
44522  14.603  -47.399  83.872 0.0000000000
43529  12.162  -48.398  83.501 0.0000000000
43531  9.921  -49.314  83.150 0.0000000000
44512  9.466  -48.556  84.177 0.0000000000
46737  11.686  -47.421  84.786 0.0000000000
46738  10.934  -47.558  84.785 0.0000000000
48930  10.753  -46.850  84.607 0.0000000000
47816  10.564  -47.217  84.718 0.0000000000
46739  10.322  -47.628  84.735 0.0000000000
45599  10.037  -48.012  84.684 0.0000000000
45600  9.439  -48.143  84.550 0.0000000000
45601  8.906  -48.110  84.461 0.0000000000
46752  8.529  -47.973  84.330 0.0000000000
48941  8.497  -47.536  84.126 0.0000000000
48946  8.211  -47.494  83.838 0.0000000000
50075  9.182  -46.723  83.816 0.0000000000
48951  8.399  -46.888  83.298 0.0000000000
53298  7.925  -41.768  76.207 0.0000000000
53268  7.516  -40.658  78.264 0.0000000000
53286  6.876  -41.034  77.269 0.0000000000
54204  7.264  -39.212  81.013 0.0000000000
54215  7.070  -39.380  80.623 0.0000000000
55236  6.511  -39.066  81.157 0.0000000000
54216  6.722  -39.295  80.770 0.0000000000
54232  6.685  -39.418  79.904 0.0000000000
54250  6.241  -39.339  79.269 0.0000000000
54265  6.213  -39.523  78.580 0.0000000000
54279  5.879  -39.708  77.784 0.0000000000
55297  5.470  -39.418  77.841 0.0000000000
56380  5.124  -38.947  77.759 0.0000000000
52228  17.091  -43.303  83.277 0.0000000000
44564  22.023  -47.695  81.871 0.0000000000
44565  21.145  -46.982  81.972 0.0000000000
44566  19.847  -46.747  82.094 0.0000000000
45623  18.696  -46.475  83.712 0.0000000000
45607  17.809  -46.522  84.149 0.0000000000
47807  19.532  -45.040  85.368 0.0000000000
50052  16.938  -44.795  85.195 0.0000000000
50060  17.296  -44.309  85.040 0.0000000000
49026  7.214  -47.110  75.744 0.0000000000
50170  9.516  -43.923  74.625 0.0000000000
52313  9.139  -42.429  75.145 0.0000000000
51267  10.793  -43.608  78.150 0.0000000000
50149  10.358  -43.860  77.659 0.0000000000
50150  9.830  -44.391  77.356 0.0000000000
52297  10.292  -42.745  75.906 0.0000000000
52311  10.097  -43.127  75.482 0.0000000000
52299  8.988  -41.961  75.712 0.0000000000
53297  8.769  -41.727  76.312 0.0000000000
54263  8.656  -40.679  78.337 0.0000000000
55243  8.914  -38.956  81.059 0.0000000000
54227  10.610  -39.671  79.748 0.0000000000
54211  9.987  -39.368  80.222 0.0000000000
52229  16.353  -43.653  83.085 0.0000000000
44584  17.357  -46.543  81.780 0.0000000000
45666  17.152  -46.352  80.380 0.0000000000
44600  15.938  -46.560  80.988 0.0000000000
43516  8.165  -48.913  83.775 0.0000000000
42471  7.936  -50.137  82.602 0.0000000000
42481  7.075  -50.728  82.102 0.0000000000
45756  5.910  -49.964  75.168 0.0000000000
49049  6.814  -47.167  72.787 0.0000000000
46878  6.497  -48.149  73.162 0.0000000000
49091  4.584  -45.248  69.924 0.0000000000
52316  6.692  -41.451  75.173 0.0000000000
52348  7.276  -42.224  72.978 0.0000000000
52349  6.970  -42.221  72.626 0.0000000000
53329  6.026  -41.008  73.772 0.0000000000
52342  6.293  -41.511  72.883 0.0000000000
50197  5.102  -44.373  70.708 0.0000000000
49106  4.655  -45.003  69.448 0.0000000000
50222  4.695  -44.378  69.167 0.0000000000
51346  4.744  -43.776  68.953 0.0000000000
55375  5.282  -40.293  71.336 0.0000000000
54351  5.316  -40.576  70.816 0.0000000000
55415  5.508  -40.842  69.992 0.0000000000
55393  6.074  -40.137  70.486 0.0000000000
55414  5.784  -40.743  69.843 0.0000000000
58529  7.332  -36.065  84.637 0.0000000000
59564  7.003  -36.209  83.880 0.0000000000
58584  6.413  -36.971  79.514 0.0000000000
58612  6.860  -36.986  77.511 0.0000000000
58581  9.304  -36.366  78.961 0.0000000000
58582  8.373  -36.634  79.215 0.0000000000
58599  7.565  -36.790  78.364 0.0000000000
58626  6.352  -37.215  76.813 0.0000000000
57531  6.933  -37.508  75.426 0.0000000000
57530  7.721  -37.376  75.196 0.0000000000
57542  7.393  -37.663  74.530 0.0000000000
57580  7.603  -38.230  72.971 0.0000000000
56429  8.163  -38.549  72.295 0.0000000000
58632  10.619  -36.634  75.080 0.0000000000
58644  10.138  -37.091  74.707 0.0000000000
43517  12.788  -48.087  83.922 0.0000000000
44537  16.559  -46.800  83.116 0.0000000000
45598  10.598  -48.011  84.688 0.0000000000
45613  12.264  -47.903  84.475 0.0000000000
45614  8.981  -48.393  84.272 0.0000000000
46740  9.758  -47.701  84.675 0.0000000000
46741  9.220  -47.814  84.592 0.0000000000
46742  8.881  -47.823  84.499 0.0000000000
46759  6.812  -48.426  82.856 0.0000000000
47822  9.041  -47.326  84.333 0.0000000000
47823  8.708  -47.607  84.308 0.0000000000
47824  8.268  -47.779  84.098 0.0000000000
47825  7.895  -47.955  83.900 0.0000000000
48938  10.267  -46.731  84.393 0.0000000000
48947  7.826  -47.729  83.671 0.0000000000
48952  8.005  -47.257  83.373 0.0000000000
48961  6.850  -47.905  82.621 0.0000000000
50143  10.411  -43.789  78.020 0.0000000000
50223  4.551  -44.402  69.562 0.0000000000
51255  10.585  -43.809  78.735 0.0000000000
51306  8.151  -42.767  73.111 0.0000000000
53254  7.570  -40.169  78.919 0.0000000000
53271  6.292  -39.760  78.093 0.0000000000
54206  6.762  -39.116  81.200 0.0000000000
54233  6.262  -39.309  79.773 0.0000000000
54249  6.408  -39.351  79.546 0.0000000000
54296  5.196  -40.067  75.599 0.0000000000
54312  5.168  -40.067  75.452 0.0000000000
54364  5.330  -40.819  70.383 0.0000000000
55226  6.878  -38.678  82.105 0.0000000000
55235  6.857  -38.838  81.660 0.0000000000
55259  6.000  -39.355  79.907 0.0000000000
55312  5.114  -39.868  75.480 0.0000000000
55362  5.458  -39.775  71.593 0.0000000000
55373  5.868  -39.935  70.866 0.0000000000
56302  6.913  -38.058  83.423 0.0000000000
56335  5.852  -39.196  80.508 0.0000000000
56344  5.647  -38.717  80.779 0.0000000000
56345  5.595  -39.037  80.311 0.0000000000
56455  5.341  -39.451  72.291 0.0000000000
56490  6.192  -39.853  70.741 0.0000000000
57438  7.008  -36.954  84.588 0.0000000000
57454  6.330  -37.878  82.773 0.0000000000
57514  4.864  -38.709  76.675 0.0000000000
57583  5.683  -38.923  72.591 0.0000000000
57584  5.347  -39.061  72.816 0.0000000000
58525  7.168  -36.725  84.755 0.0000000000
59627  12.085  -34.644  76.362 0.0000000000
