#!ascii label  , from subject sub-MOT05 vox2ras=TkReg
1276
38119  12.115  -55.768  79.714 0.0000000000
66795  42.466  -28.885  56.882 0.0000000000
42646  30.516  -51.386  67.616 0.0000000000
47927  36.539  -46.617  71.893 0.0000000000
44688  22.172  -49.592  70.881 0.0000000000
40231  21.096  -53.698  80.460 0.0000000000
68937  54.296  -26.618  49.632 0.0000000000
69873  52.800  -25.737  57.679 0.0000000000
56551  36.250  -38.533  65.469 0.0000000000
78029  56.364  -17.747  48.027 0.0000000000
41456  30.047  -52.887  72.843 0.0000000000
40236  16.017  -54.250  79.987 0.0000000000
68879  53.924  -26.461  53.316 0.0000000000
69936  47.708  -25.338  53.497 0.0000000000
62979  44.415  -32.433  60.840 0.0000000000
66727  46.981  -28.424  61.653 0.0000000000
60795  40.341  -34.560  60.168 0.0000000000
50239  33.508  -44.462  66.752 0.0000000000
44725  34.699  -49.526  68.727 0.0000000000
42537  26.079  -52.151  74.301 0.0000000000
40263  26.082  -53.815  78.718 0.0000000000
42526  21.656  -51.934  75.253 0.0000000000
41402  17.048  -52.349  75.221 0.0000000000
43654  26.141  -50.502  69.267 0.0000000000
70955  59.374  -25.108  50.004 0.0000000000
65867  58.389  -29.421  51.815 0.0000000000
68826  47.483  -26.580  57.943 0.0000000000
58778  41.823  -36.898  65.279 0.0000000000
53364  36.517  -41.708  69.267 0.0000000000
71949  57.397  -22.889  46.666 0.0000000000
75862  60.115  -20.032  48.239 0.0000000000
75899  58.889  -19.907  44.468 0.0000000000
41392  29.879  -53.655  74.678 0.0000000000
39208  13.823  -54.850  79.653 0.0000000000
39161  16.755  -54.730  83.699 0.0000000000
39177  13.931  -55.341  83.516 0.0000000000
69970  48.998  -25.247  51.631 0.0000000000
61856  45.425  -33.366  62.438 0.0000000000
63958  46.475  -31.554  62.679 0.0000000000
36947  7.499  -57.482  82.997 0.0000000000
61956  39.880  -33.523  57.478 0.0000000000
44759  30.842  -49.405  66.099 0.0000000000
45868  32.787  -48.311  66.252 0.0000000000
43669  32.855  -50.769  67.974 0.0000000000
43593  24.254  -50.905  72.770 0.0000000000
42524  23.953  -52.394  75.216 0.0000000000
43596  21.355  -50.866  73.172 0.0000000000
43645  24.208  -49.664  70.062 0.0000000000
42594  26.092  -50.925  71.332 0.0000000000
40247  23.408  -53.610  79.458 0.0000000000
69998  57.762  -25.852  49.527 0.0000000000
67923  59.332  -27.774  50.602 0.0000000000
67926  56.747  -27.617  51.048 0.0000000000
69900  53.528  -25.795  55.762 0.0000000000
68865  56.457  -27.719  55.179 0.0000000000
67868  42.404  -27.376  55.435 0.0000000000
68857  44.848  -26.529  55.460 0.0000000000
67852  44.447  -27.305  57.234 0.0000000000
57712  37.055  -37.898  63.715 0.0000000000
58812  38.838  -36.667  63.026 0.0000000000
57685  38.983  -38.037  65.298 0.0000000000
49095  35.692  -45.201  68.781 0.0000000000
51343  34.880  -43.515  67.939 0.0000000000
51325  36.693  -43.471  70.373 0.0000000000
70013  53.379  -25.249  48.138 0.0000000000
71002  55.043  -23.739  46.540 0.0000000000
70020  56.051  -25.191  47.718 0.0000000000
70980  58.258  -23.902  48.675 0.0000000000
76968  56.865  -18.905  45.171 0.0000000000
78052  58.122  -17.329  46.863 0.0000000000
75886  59.553  -19.552  45.758 0.0000000000
78027  58.553  -17.884  48.116 0.0000000000
41503  29.498  -52.573  69.926 0.0000000000
41500  32.577  -52.651  69.503 0.0000000000
41453  32.661  -53.231  72.252 0.0000000000
40233  19.144  -53.763  80.380 0.0000000000
39170  21.107  -54.405  82.856 0.0000000000
39159  18.867  -54.465  83.644 0.0000000000
68939  52.392  -26.006  49.733 0.0000000000
68912  54.445  -27.004  51.728 0.0000000000
69967  51.749  -26.076  51.419 0.0000000000
69932  51.321  -25.795  53.403 0.0000000000
69903  50.665  -25.835  55.304 0.0000000000
64877  43.661  -30.851  58.887 0.0000000000
65761  45.098  -29.331  59.628 0.0000000000
65741  45.596  -29.892  61.065 0.0000000000
56538  33.830  -38.937  66.112 0.0000000000
50175  37.827  -44.379  73.233 0.0000000000
37016  9.725  -56.822  79.445 0.0000000000
38091  11.731  -56.471  83.267 0.0000000000
36945  9.361  -57.266  83.229 0.0000000000
64926  40.706  -30.528  55.882 0.0000000000
63033  41.553  -32.311  57.363 0.0000000000
61918  42.263  -33.258  60.009 0.0000000000
60764  43.072  -34.550  62.250 0.0000000000
48003  32.447  -46.386  65.309 0.0000000000
46941  34.529  -47.312  67.465 0.0000000000
45821  35.728  -48.654  69.956 0.0000000000
42615  34.576  -51.589  69.540 0.0000000000
43641  36.571  -50.624  71.234 0.0000000000
41372  28.236  -53.345  76.135 0.0000000000
40261  27.796  -54.671  77.999 0.0000000000
41375  25.685  -52.882  76.337 0.0000000000
41359  23.646  -52.979  77.331 0.0000000000
41362  20.812  -52.755  77.442 0.0000000000
43598  19.307  -50.581  73.160 0.0000000000
42518  18.973  -51.938  75.766 0.0000000000
41364  18.746  -52.777  77.346 0.0000000000
41366  16.472  -53.415  77.522 0.0000000000
40282  14.361  -53.898  77.274 0.0000000000
39236  11.919  -54.538  76.806 0.0000000000
44761  28.488  -49.912  66.028 0.0000000000
44763  26.591  -49.786  66.563 0.0000000000
43671  27.887  -51.129  67.960 0.0000000000
42604  27.979  -51.785  70.625 0.0000000000
42558  28.528  -52.493  73.699 0.0000000000
65922  57.506  -29.145  48.985 0.0000000000
67905  56.382  -27.756  52.914 0.0000000000
68881  45.060  -25.987  53.923 0.0000000000
68854  47.504  -25.867  55.647 0.0000000000
69864  50.049  -25.896  58.133 0.0000000000
68800  46.793  -27.435  60.079 0.0000000000
69826  49.326  -25.689  60.244 0.0000000000
59806  38.795  -35.504  61.046 0.0000000000
59772  41.025  -35.794  63.071 0.0000000000
59736  43.558  -36.255  65.221 0.0000000000
54373  34.338  -40.905  67.362 0.0000000000
55403  35.995  -39.916  68.098 0.0000000000
53343  38.431  -41.951  72.186 0.0000000000
54357  38.404  -40.258  70.105 0.0000000000
56498  38.601  -38.903  67.889 0.0000000000
56512  41.040  -38.383  67.516 0.0000000000
57653  44.312  -37.333  68.150 0.0000000000
75871  57.538  -19.759  47.729 0.0000000000
74874  58.640  -20.692  48.169 0.0000000000
72942  60.079  -23.125  49.530 0.0000000000
39233  30.200  -54.697  75.214 0.0000000000
39209  12.948  -55.337  80.188 0.0000000000
39198  13.876  -54.956  80.937 0.0000000000
39199  13.015  -55.437  81.296 0.0000000000
60748  45.756  -34.247  63.671 0.0000000000
61840  46.597  -33.332  63.489 0.0000000000
36961  6.118  -57.037  82.104 0.0000000000
43700  30.152  -50.238  66.552 0.0000000000
44742  31.618  -49.912  66.866 0.0000000000
42645  31.199  -51.115  67.556 0.0000000000
43613  23.212  -50.392  72.069 0.0000000000
43595  22.548  -50.813  72.923 0.0000000000
43614  21.955  -50.257  72.046 0.0000000000
44717  23.578  -48.973  69.260 0.0000000000
44687  23.056  -49.541  70.613 0.0000000000
43632  23.946  -49.887  71.058 0.0000000000
40248  22.404  -53.580  79.631 0.0000000000
40213  22.648  -53.878  81.264 0.0000000000
68944  56.266  -26.623  49.401 0.0000000000
68927  57.485  -27.144  50.637 0.0000000000
68936  55.498  -27.082  50.086 0.0000000000
69884  53.649  -25.780  56.806 0.0000000000
69898  55.354  -26.217  56.131 0.0000000000
66807  42.026  -28.408  56.383 0.0000000000
67860  43.429  -27.404  56.400 0.0000000000
67844  43.568  -28.199  57.617 0.0000000000
56570  35.083  -38.509  64.573 0.0000000000
56568  36.798  -38.295  64.683 0.0000000000
57699  38.077  -37.923  64.593 0.0000000000
56549  37.863  -38.348  65.507 0.0000000000
47942  36.191  -46.499  70.022 0.0000000000
50203  35.975  -44.641  69.327 0.0000000000
49066  36.656  -45.624  71.490 0.0000000000
70000  53.781  -25.947  48.891 0.0000000000
70021  54.995  -25.096  47.600 0.0000000000
70011  55.345  -25.736  48.319 0.0000000000
70010  56.563  -25.863  48.713 0.0000000000
79098  56.543  -16.655  46.934 0.0000000000
79081  56.926  -17.083  47.785 0.0000000000
78042  58.408  -17.430  47.521 0.0000000000
78028  57.487  -17.755  48.089 0.0000000000
41469  30.473  -52.909  71.908 0.0000000000
41481  31.125  -53.032  70.943 0.0000000000
41455  31.026  -52.995  72.698 0.0000000000
40234  18.135  -53.928  80.357 0.0000000000
40217  18.800  -53.944  81.237 0.0000000000
39184  17.807  -54.365  81.907 0.0000000000
39149  16.534  -54.808  84.688 0.0000000000
39148  17.560  -54.668  84.590 0.0000000000
70004  50.101  -25.096  49.854 0.0000000000
69985  51.521  -25.902  50.286 0.0000000000
69986  50.468  -25.533  50.508 0.0000000000
69953  48.369  -25.231  52.578 0.0000000000
69952  49.256  -25.378  52.512 0.0000000000
69934  49.487  -25.479  53.417 0.0000000000
69918  50.548  -25.736  54.343 0.0000000000
69905  48.998  -25.686  55.137 0.0000000000
63990  43.677  -31.302  59.232 0.0000000000
64867  44.642  -30.483  60.091 0.0000000000
63978  44.618  -31.325  60.450 0.0000000000
70015  51.713  -25.107  48.693 0.0000000000
36973  9.862  -57.424  81.275 0.0000000000
36958  8.966  -57.572  81.994 0.0000000000
64039  40.296  -31.316  55.782 0.0000000000
63052  41.204  -31.818  56.623 0.0000000000
63053  40.368  -32.307  56.325 0.0000000000
60817  40.526  -34.038  58.865 0.0000000000
61920  41.153  -33.732  59.029 0.0000000000
60804  41.435  -34.027  60.185 0.0000000000
61879  42.764  -33.923  61.216 0.0000000000
60781  41.953  -34.549  61.489 0.0000000000
46982  31.539  -46.520  64.389 0.0000000000
44740  33.809  -49.234  67.549 0.0000000000
45867  33.494  -48.034  66.657 0.0000000000
45839  34.655  -48.609  68.161 0.0000000000
46923  35.149  -47.391  68.225 0.0000000000
45822  35.223  -48.661  69.035 0.0000000000
41465  33.702  -52.998  71.179 0.0000000000
41499  33.441  -52.455  69.650 0.0000000000
41464  34.513  -52.973  71.023 0.0000000000
41461  37.237  -51.755  71.905 0.0000000000
44684  36.713  -49.596  71.902 0.0000000000
41419  27.312  -52.656  74.905 0.0000000000
41373  27.470  -53.166  76.282 0.0000000000
41397  26.097  -52.727  75.626 0.0000000000
42525  22.808  -52.337  75.470 0.0000000000
41400  23.619  -52.620  75.883 0.0000000000
42514  22.474  -52.538  76.179 0.0000000000
41360  22.687  -52.913  77.420 0.0000000000
41380  21.316  -52.560  76.711 0.0000000000
43616  19.755  -50.246  72.447 0.0000000000
42531  17.142  -51.913  74.539 0.0000000000
42544  18.373  -51.370  74.320 0.0000000000
41401  17.787  -52.133  75.461 0.0000000000
41382  19.310  -52.330  76.581 0.0000000000
41383  18.051  -52.414  76.207 0.0000000000
41365  17.601  -52.997  77.334 0.0000000000
41384  16.746  -52.901  76.375 0.0000000000
39224  13.543  -54.362  77.682 0.0000000000
44777  28.806  -49.267  65.341 0.0000000000
44778  27.816  -49.419  65.465 0.0000000000
44728  25.077  -49.641  68.382 0.0000000000
43690  26.137  -50.040  67.832 0.0000000000
43689  26.771  -50.319  67.520 0.0000000000
43672  27.238  -50.889  68.385 0.0000000000
42619  27.675  -51.514  69.589 0.0000000000
42605  26.997  -51.296  70.423 0.0000000000
42560  26.752  -51.950  73.511 0.0000000000
42580  27.555  -51.898  72.694 0.0000000000
42535  27.552  -52.491  74.425 0.0000000000
41418  28.062  -52.711  74.690 0.0000000000
40262  27.147  -54.084  78.266 0.0000000000
38085  11.118  -56.451  84.669 0.0000000000
38083  12.484  -55.802  84.714 0.0000000000
68933  59.938  -26.605  49.520 0.0000000000
66878  59.138  -28.542  51.017 0.0000000000
66912  59.331  -28.817  49.732 0.0000000000
65897  58.135  -29.541  50.340 0.0000000000
65883  57.095  -29.723  51.408 0.0000000000
68896  53.757  -26.714  52.472 0.0000000000
68911  55.246  -27.358  51.921 0.0000000000
68894  55.507  -27.278  52.872 0.0000000000
67877  57.311  -28.920  54.761 0.0000000000
68845  46.183  -26.465  56.439 0.0000000000
68856  45.761  -26.257  55.575 0.0000000000
68834  47.704  -26.328  56.928 0.0000000000
68833  48.447  -26.064  56.568 0.0000000000
68825  48.381  -26.306  57.436 0.0000000000
66737  46.166  -28.650  60.402 0.0000000000
66754  45.851  -28.388  59.617 0.0000000000
67808  46.836  -27.806  60.514 0.0000000000
58841  37.628  -35.888  60.941 0.0000000000
58797  40.062  -36.760  64.009 0.0000000000
58820  39.998  -36.148  62.900 0.0000000000
58809  41.306  -36.213  63.859 0.0000000000
59754  42.435  -36.036  64.273 0.0000000000
58794  42.365  -36.454  64.810 0.0000000000
50272  32.700  -44.289  65.552 0.0000000000
51365  33.181  -43.618  66.462 0.0000000000
52373  35.599  -42.254  68.442 0.0000000000
52383  34.498  -42.192  67.561 0.0000000000
53366  35.282  -41.660  68.098 0.0000000000
55404  35.365  -40.111  67.773 0.0000000000
54371  35.782  -40.581  68.078 0.0000000000
51308  37.975  -43.257  72.694 0.0000000000
55370  39.151  -40.101  70.264 0.0000000000
55383  38.123  -39.817  69.314 0.0000000000
55399  39.576  -39.316  68.957 0.0000000000
56513  40.065  -38.568  67.438 0.0000000000
56478  40.860  -39.065  69.155 0.0000000000
71950  56.567  -22.874  46.351 0.0000000000
73945  57.451  -21.336  46.890 0.0000000000
75870  58.250  -20.016  47.975 0.0000000000
73936  58.517  -21.508  47.827 0.0000000000
71919  58.987  -23.947  49.693 0.0000000000
72931  59.063  -23.174  49.554 0.0000000000
72929  59.892  -23.863  49.945 0.0000000000
71934  60.459  -23.586  49.086 0.0000000000
75900  58.155  -19.831  44.262 0.0000000000
76936  60.032  -19.262  47.508 0.0000000000
74883  60.381  -20.565  46.847 0.0000000000
73943  60.508  -21.354  47.915 0.0000000000
41415  30.371  -53.403  74.034 0.0000000000
41414  31.149  -53.517  73.683 0.0000000000
41391  30.746  -53.774  74.135 0.0000000000
39197  15.066  -54.535  80.402 0.0000000000
39186  16.175  -54.523  81.488 0.0000000000
39187  14.901  -54.783  81.812 0.0000000000
39162  15.716  -54.870  83.870 0.0000000000
39150  15.555  -54.947  84.863 0.0000000000
69972  47.271  -25.155  51.777 0.0000000000
69954  47.479  -25.259  52.615 0.0000000000
62966  44.765  -32.835  61.473 0.0000000000
62978  45.130  -31.966  61.244 0.0000000000
61855  46.160  -32.863  62.824 0.0000000000
62940  47.191  -32.330  63.522 0.0000000000
35846  7.899  -57.448  81.588 0.0000000000
36960  7.005  -57.329  82.003 0.0000000000
36948  6.671  -57.502  83.039 0.0000000000
63054  39.127  -32.786  55.981 0.0000000000
60819  38.812  -34.193  58.496 0.0000000000
46959  31.784  -47.575  65.282 0.0000000000
44758  32.105  -49.108  66.523 0.0000000000
44741  32.987  -49.719  67.253 0.0000000000
44727  33.413  -50.215  67.916 0.0000000000
42561  25.629  -51.635  73.453 0.0000000000
42538  24.879  -52.076  74.592 0.0000000000
42562  24.365  -51.322  73.356 0.0000000000
42563  23.087  -51.330  73.612 0.0000000000
42541  21.266  -51.442  74.286 0.0000000000
41403  15.832  -52.861  75.366 0.0000000000
41424  14.938  -52.466  74.243 0.0000000000
44716  24.353  -49.447  69.244 0.0000000000
43655  25.128  -49.941  69.276 0.0000000000
42606  26.258  -50.795  70.110 0.0000000000
43631  25.140  -50.447  71.148 0.0000000000
42582  25.273  -50.949  72.416 0.0000000000
40246  24.509  -53.718  79.666 0.0000000000
69983  58.688  -25.856  50.090 0.0000000000
68924  59.453  -26.772  50.086 0.0000000000
68926  58.227  -26.866  50.572 0.0000000000
67924  58.558  -27.658  51.113 0.0000000000
67914  57.888  -28.247  51.950 0.0000000000
69929  53.949  -26.145  54.087 0.0000000000
68867  55.328  -26.382  54.537 0.0000000000
69913  55.239  -25.999  55.278 0.0000000000
68853  55.817  -26.970  55.823 0.0000000000
68871  43.764  -26.605  54.456 0.0000000000
67867  43.228  -27.098  55.594 0.0000000000
67859  44.290  -27.070  56.579 0.0000000000
68828  45.662  -27.085  58.131 0.0000000000
67795  48.146  -27.078  61.665 0.0000000000
57726  37.201  -37.215  62.406 0.0000000000
58823  37.700  -36.862  62.268 0.0000000000
57711  38.206  -37.218  63.301 0.0000000000
57698  39.260  -37.260  64.256 0.0000000000
57684  39.916  -37.584  65.265 0.0000000000
49110  34.462  -45.365  67.522 0.0000000000
51350  34.273  -43.563  67.514 0.0000000000
50227  35.246  -44.335  68.315 0.0000000000
51335  35.843  -43.390  68.994 0.0000000000
52371  36.599  -42.543  69.880 0.0000000000
70994  53.398  -24.293  47.241 0.0000000000
71953  53.459  -23.055  46.895 0.0000000000
70993  54.527  -24.448  47.006 0.0000000000
70992  55.563  -24.525  46.985 0.0000000000
71000  57.090  -23.656  46.744 0.0000000000
71942  58.314  -23.092  47.918 0.0000000000
70018  57.587  -24.738  48.241 0.0000000000
70969  57.881  -25.062  49.090 0.0000000000
78054  56.139  -17.210  46.196 0.0000000000
78063  57.099  -18.147  45.582 0.0000000000
76966  58.535  -18.661  45.791 0.0000000000
75898  59.374  -20.082  44.807 0.0000000000
76949  58.714  -18.120  46.445 0.0000000000
76937  59.626  -18.670  47.537 0.0000000000
76928  59.047  -18.831  48.470 0.0000000000
41521  29.914  -52.486  69.127 0.0000000000
41519  31.843  -52.485  68.852 0.0000000000
41501  31.520  -52.885  69.741 0.0000000000
41466  32.873  -53.037  71.375 0.0000000000
41452  33.464  -53.251  72.009 0.0000000000
40232  20.133  -53.708  80.436 0.0000000000
40215  20.754  -53.864  81.265 0.0000000000
40216  19.782  -53.872  81.246 0.0000000000
39171  20.157  -54.339  82.866 0.0000000000
39160  17.811  -54.582  83.621 0.0000000000
39135  19.316  -54.809  85.319 0.0000000000
68938  53.175  -26.287  49.696 0.0000000000
68929  54.364  -26.987  50.749 0.0000000000
68930  53.378  -26.700  50.580 0.0000000000
68914  52.641  -26.499  51.484 0.0000000000
68897  52.910  -26.451  52.416 0.0000000000
69969  49.886  -25.457  51.535 0.0000000000
69950  51.088  -25.770  52.414 0.0000000000
69931  52.375  -25.997  53.442 0.0000000000
69916  52.412  -25.863  54.582 0.0000000000
69902  51.580  -25.842  55.440 0.0000000000
69886  51.696  -25.878  56.462 0.0000000000
64908  43.012  -30.073  57.583 0.0000000000
65781  43.675  -29.378  58.079 0.0000000000
64890  44.150  -29.955  58.785 0.0000000000
65751  45.342  -29.610  60.318 0.0000000000
65740  46.064  -29.562  61.592 0.0000000000
64850  45.836  -31.035  61.946 0.0000000000
65729  46.991  -29.600  62.795 0.0000000000
66692  47.563  -29.002  63.112 0.0000000000
56552  35.373  -38.635  65.455 0.0000000000
49051  36.999  -45.800  72.409 0.0000000000
70996  51.801  -24.068  47.928 0.0000000000
70983  52.063  -24.620  48.180 0.0000000000
70001  52.852  -25.766  48.998 0.0000000000
78031  54.355  -17.672  48.392 0.0000000000
78030  55.196  -17.821  48.304 0.0000000000
38112  10.967  -56.441  79.647 0.0000000000
38104  11.710  -56.422  81.211 0.0000000000
36972  10.922  -56.957  81.564 0.0000000000
36956  11.002  -56.848  82.791 0.0000000000
36934  10.695  -56.645  84.537 0.0000000000
36946  8.388  -57.379  83.068 0.0000000000
66808  41.390  -28.866  56.129 0.0000000000
65833  40.649  -29.537  55.714 0.0000000000
64919  41.879  -30.228  56.671 0.0000000000
64019  42.441  -30.896  57.425 0.0000000000
63032  42.339  -31.692  57.723 0.0000000000
63016  42.577  -32.266  58.613 0.0000000000
61955  40.702  -33.119  57.646 0.0000000000
61936  42.143  -32.979  59.354 0.0000000000
62980  43.280  -32.850  60.370 0.0000000000
61877  44.363  -33.420  61.558 0.0000000000
60778  44.230  -34.045  62.151 0.0000000000
60749  44.864  -34.592  63.462 0.0000000000
49140  32.860  -45.103  65.779 0.0000000000
46958  32.492  -47.316  65.646 0.0000000000
47983  33.620  -46.289  66.603 0.0000000000
47982  34.221  -46.324  67.203 0.0000000000
47968  34.869  -46.323  67.763 0.0000000000
46922  35.570  -46.878  68.740 0.0000000000
46894  36.163  -47.645  70.725 0.0000000000
42634  32.655  -51.851  68.540 0.0000000000
42616  33.656  -51.708  69.036 0.0000000000
43651  34.715  -50.552  69.156 0.0000000000
41476  35.670  -52.148  70.658 0.0000000000
42601  35.750  -51.348  70.381 0.0000000000
43650  35.481  -50.481  69.942 0.0000000000
44713  35.831  -49.657  70.336 0.0000000000
45789  36.398  -48.739  71.659 0.0000000000
46870  36.783  -48.012  72.855 0.0000000000
40290  28.686  -53.781  76.294 0.0000000000
40278  27.946  -53.850  77.322 0.0000000000
41339  27.124  -53.764  77.735 0.0000000000
41341  25.425  -53.397  77.800 0.0000000000
41398  25.151  -52.612  75.556 0.0000000000
41358  24.585  -53.044  77.175 0.0000000000
41342  24.312  -53.304  78.044 0.0000000000
41343  23.276  -53.276  78.305 0.0000000000
41344  22.255  -53.127  78.197 0.0000000000
41332  20.900  -53.268  78.931 0.0000000000
43615  20.764  -50.312  72.363 0.0000000000
43597  20.271  -50.662  73.141 0.0000000000
42542  20.198  -51.321  74.476 0.0000000000
43584  18.111  -51.034  73.704 0.0000000000
42543  19.252  -51.300  74.450 0.0000000000
42528  19.615  -51.646  75.150 0.0000000000
41381  20.358  -52.418  76.677 0.0000000000
41363  19.822  -52.701  77.413 0.0000000000
41333  19.973  -53.305  78.905 0.0000000000
41334  19.147  -53.343  78.887 0.0000000000
40267  17.740  -53.571  78.812 0.0000000000
40254  16.603  -53.930  79.336 0.0000000000
41385  15.500  -53.393  76.574 0.0000000000
40281  15.183  -53.751  77.443 0.0000000000
40256  15.024  -54.130  78.798 0.0000000000
39207  14.601  -54.467  79.217 0.0000000000
39218  11.867  -55.612  78.482 0.0000000000
38130  11.327  -55.882  78.566 0.0000000000
37037  10.046  -56.398  78.825 0.0000000000
44776  29.858  -48.881  65.224 0.0000000000
44760  29.553  -49.768  65.918 0.0000000000
43701  29.119  -50.472  66.608 0.0000000000
44762  27.533  -49.860  66.234 0.0000000000
43702  28.116  -50.409  66.785 0.0000000000
42648  28.862  -51.643  68.103 0.0000000000
41522  29.303  -52.330  69.314 0.0000000000
42603  28.976  -52.280  70.810 0.0000000000
42591  29.403  -52.560  72.007 0.0000000000
42593  27.222  -51.577  71.551 0.0000000000
42592  28.341  -51.982  71.784 0.0000000000
41457  29.408  -52.759  73.235 0.0000000000
41417  28.831  -52.965  74.623 0.0000000000
40306  28.938  -53.623  75.671 0.0000000000
38094  13.107  -55.688  83.088 0.0000000000
39152  13.914  -55.299  85.380 0.0000000000
67930  59.691  -27.916  49.803 0.0000000000
67927  55.821  -27.526  51.201 0.0000000000
67915  56.995  -28.048  51.988 0.0000000000
67903  57.953  -28.734  52.912 0.0000000000
68876  56.453  -27.502  54.382 0.0000000000
67890  57.482  -28.840  54.122 0.0000000000
66849  58.099  -29.241  52.891 0.0000000000
69956  45.657  -25.584  52.544 0.0000000000
69937  46.820  -25.494  53.480 0.0000000000
68870  44.569  -26.353  54.581 0.0000000000
68868  46.255  -25.869  54.876 0.0000000000
69907  47.482  -25.699  55.038 0.0000000000
69889  49.030  -25.874  55.965 0.0000000000
69876  49.970  -25.998  57.087 0.0000000000
69874  51.825  -25.836  57.508 0.0000000000
67827  44.363  -28.414  58.433 0.0000000000
67825  45.701  -27.678  59.014 0.0000000000
68812  47.414  -26.718  59.091 0.0000000000
68786  47.901  -27.003  61.138 0.0000000000
68798  48.336  -26.260  59.731 0.0000000000
68811  48.326  -26.346  58.509 0.0000000000
69847  49.190  -25.919  58.947 0.0000000000
69863  50.989  -25.730  58.359 0.0000000000
60808  38.432  -34.490  59.198 0.0000000000
59816  39.919  -34.903  60.652 0.0000000000
58831  38.562  -35.970  61.563 0.0000000000
59805  39.483  -35.473  61.375 0.0000000000
59804  40.698  -34.991  61.289 0.0000000000
59788  42.637  -34.914  62.720 0.0000000000
59770  43.499  -35.025  63.384 0.0000000000
59734  45.362  -35.336  65.058 0.0000000000
52392  33.965  -42.552  67.190 0.0000000000
55425  33.793  -39.869  67.003 0.0000000000
56519  35.347  -39.186  66.913 0.0000000000
56518  36.065  -38.971  66.984 0.0000000000
50194  37.236  -44.041  71.667 0.0000000000
52356  37.431  -42.598  71.280 0.0000000000
53357  37.077  -41.684  70.266 0.0000000000
54347  37.935  -40.945  70.633 0.0000000000
54359  36.903  -40.743  69.303 0.0000000000
55384  37.392  -39.958  69.145 0.0000000000
55421  37.219  -38.963  67.826 0.0000000000
56516  37.669  -38.624  67.055 0.0000000000
56532  38.982  -38.457  66.275 0.0000000000
56530  40.498  -38.167  66.833 0.0000000000
57670  41.252  -37.762  66.499 0.0000000000
56494  42.377  -38.479  68.644 0.0000000000
57655  42.607  -37.951  67.587 0.0000000000
58759  43.066  -37.116  66.347 0.0000000000
58775  44.279  -36.515  66.204 0.0000000000
76931  55.649  -18.600  48.386 0.0000000000
76930  56.897  -18.668  48.023 0.0000000000
75865  58.073  -19.429  48.104 0.0000000000
75864  58.761  -19.770  48.475 0.0000000000
75859  59.372  -20.316  48.640 0.0000000000
72957  58.611  -22.353  48.275 0.0000000000
73924  59.318  -21.714  49.008 0.0000000000
74868  60.035  -21.041  48.656 0.0000000000
72956  60.463  -22.648  48.810 0.0000000000
39222  29.332  -54.937  76.237 0.0000000000
38151  29.750  -55.001  75.814 0.0000000000
38110  12.273  -55.846  80.737 0.0000000000
60747  46.436  -34.153  64.210 0.0000000000
43686  29.797  -50.912  67.189 0.0000000000
43685  30.854  -50.522  67.100 0.0000000000
43633  22.757  -49.921  71.367 0.0000000000
43634  22.161  -49.913  71.431 0.0000000000
40249  21.457  -53.530  79.672 0.0000000000
40230  22.050  -53.677  80.463 0.0000000000
68945  55.433  -26.402  49.103 0.0000000000
69883  54.546  -25.831  56.987 0.0000000000
69872  53.735  -25.680  57.830 0.0000000000
66794  43.002  -28.403  57.153 0.0000000000
56569  35.948  -38.470  64.653 0.0000000000
56567  37.442  -38.239  64.947 0.0000000000
56550  37.051  -38.385  65.530 0.0000000000
47941  36.334  -46.496  71.028 0.0000000000
49078  36.390  -45.493  70.531 0.0000000000
68946  54.644  -26.056  48.820 0.0000000000
40235  17.062  -54.131  80.329 0.0000000000
40218  17.829  -54.230  81.332 0.0000000000
40219  16.956  -54.370  81.126 0.0000000000
69987  49.598  -25.220  50.718 0.0000000000
69935  48.607  -25.328  53.460 0.0000000000
69919  49.668  -25.634  54.312 0.0000000000
69920  48.820  -25.495  54.330 0.0000000000
62996  44.197  -31.803  60.180 0.0000000000
63989  44.127  -31.248  59.825 0.0000000000
36974  9.160  -57.541  81.147 0.0000000000
64928  39.395  -30.937  55.217 0.0000000000
63074  39.957  -31.779  55.760 0.0000000000
63075  39.421  -32.056  55.589 0.0000000000
60806  40.049  -34.372  59.470 0.0000000000
60805  40.891  -34.160  59.675 0.0000000000
60793  41.819  -34.183  60.780 0.0000000000
60794  41.018  -34.505  60.537 0.0000000000
44726  34.002  -49.655  68.012 0.0000000000
45840  34.114  -48.997  67.764 0.0000000000
41451  34.240  -53.312  71.763 0.0000000000
40348  34.932  -53.322  71.556 0.0000000000
41420  26.515  -52.563  74.933 0.0000000000
41396  26.963  -52.867  75.600 0.0000000000
42515  21.894  -52.359  76.057 0.0000000000
42516  20.966  -52.128  75.990 0.0000000000
41422  16.744  -52.112  74.559 0.0000000000
43674  25.753  -50.019  68.454 0.0000000000
43673  26.450  -50.424  68.376 0.0000000000
43653  26.684  -50.683  68.855 0.0000000000
42620  26.875  -50.946  69.399 0.0000000000
42621  26.431  -50.743  69.590 0.0000000000
42536  26.998  -52.360  74.302 0.0000000000
38073  11.166  -56.134  85.925 0.0000000000
38078  11.791  -55.935  85.362 0.0000000000
70954  59.760  -25.322  49.917 0.0000000000
69996  60.252  -25.753  49.202 0.0000000000
69981  59.853  -26.020  49.800 0.0000000000
66879  58.866  -29.011  51.503 0.0000000000
65880  59.165  -28.978  50.786 0.0000000000
65881  58.659  -29.350  51.011 0.0000000000
65882  57.934  -29.663  51.210 0.0000000000
68895  54.606  -26.928  52.680 0.0000000000
68835  46.747  -26.599  57.250 0.0000000000
66728  46.395  -28.849  61.265 0.0000000000
66736  46.786  -28.290  61.031 0.0000000000
58842  36.583  -36.330  60.581 0.0000000000
57696  40.859  -36.869  64.740 0.0000000000
58796  40.738  -36.632  64.236 0.0000000000
58795  41.432  -36.638  64.648 0.0000000000
50255  33.042  -44.402  66.155 0.0000000000
51375  32.816  -43.580  65.864 0.0000000000
53365  35.941  -41.739  68.540 0.0000000000
54361  35.651  -41.168  68.129 0.0000000000
54360  36.249  -41.054  68.593 0.0000000000
55369  39.901  -40.106  70.866 0.0000000000
55381  39.749  -39.723  69.794 0.0000000000
55398  40.251  -39.323  69.250 0.0000000000
72977  57.030  -22.048  46.490 0.0000000000
72969  57.741  -22.191  46.932 0.0000000000
73944  58.057  -21.584  47.257 0.0000000000
70956  58.876  -24.797  49.923 0.0000000000
71918  59.432  -24.267  49.964 0.0000000000
71917  59.863  -24.594  49.961 0.0000000000
75915  57.974  -19.731  43.267 0.0000000000
75914  58.842  -19.829  43.437 0.0000000000
75928  59.486  -19.659  42.564 0.0000000000
76926  60.109  -19.513  47.899 0.0000000000
74877  60.420  -20.655  47.691 0.0000000000
73949  60.544  -21.425  47.141 0.0000000000
40304  30.150  -54.148  74.912 0.0000000000
39188  13.703  -55.313  82.232 0.0000000000
39176  14.798  -54.952  83.056 0.0000000000
39163  14.763  -55.052  84.156 0.0000000000
69973  46.394  -25.224  51.748 0.0000000000
69955  46.580  -25.399  52.613 0.0000000000
61876  44.963  -33.020  61.806 0.0000000000
36976  7.181  -57.137  81.026 0.0000000000
36949  5.871  -57.438  82.833 0.0000000000
44775  30.559  -48.807  65.463 0.0000000000
45870  30.989  -48.583  65.511 0.0000000000
43684  31.980  -50.714  67.513 0.0000000000
43683  32.601  -50.412  67.566 0.0000000000
42583  24.581  -50.922  72.686 0.0000000000
42564  22.011  -51.270  73.678 0.0000000000
42565  21.457  -51.174  73.734 0.0000000000
44702  23.827  -49.362  69.770 0.0000000000
43656  24.627  -49.763  69.709 0.0000000000
43643  25.536  -50.396  70.117 0.0000000000
43644  24.789  -49.985  70.243 0.0000000000
43612  24.391  -50.632  72.108 0.0000000000
43611  25.057  -50.666  71.850 0.0000000000
40228  24.014  -53.862  80.475 0.0000000000
69984  58.109  -26.264  50.177 0.0000000000
67925  57.707  -27.649  51.211 0.0000000000
69915  53.340  -25.882  54.774 0.0000000000
69914  54.427  -25.925  54.834 0.0000000000
68859  43.230  -26.879  55.083 0.0000000000
67853  43.667  -27.818  57.335 0.0000000000
68837  45.023  -26.996  57.205 0.0000000000
67851  45.035  -27.124  57.523 0.0000000000
57727  36.002  -37.865  62.718 0.0000000000
57686  38.367  -38.196  65.269 0.0000000000
49109  35.092  -45.308  68.065 0.0000000000
50228  34.668  -44.419  67.773 0.0000000000
50202  36.295  -44.413  69.993 0.0000000000
50214  35.979  -43.997  69.391 0.0000000000
51334  36.268  -43.390  69.602 0.0000000000
70022  54.122  -24.971  47.575 0.0000000000
70991  56.667  -24.478  47.137 0.0000000000
70990  57.783  -24.028  47.709 0.0000000000
70019  57.076  -24.998  47.968 0.0000000000
70009  57.488  -25.215  48.688 0.0000000000
69997  58.439  -25.253  49.783 0.0000000000
79097  57.517  -16.903  47.017 0.0000000000
78053  57.272  -17.413  46.147 0.0000000000
76967  57.721  -18.517  45.562 0.0000000000
76950  58.132  -17.908  46.128 0.0000000000
78041  59.046  -18.058  47.542 0.0000000000
78026  59.277  -18.420  48.032 0.0000000000
41520  30.895  -52.577  68.904 0.0000000000
41502  30.460  -52.855  69.893 0.0000000000
41467  32.014  -53.133  71.627 0.0000000000
39172  19.168  -54.348  82.798 0.0000000000
40202  19.473  -54.067  82.052 0.0000000000
39158  19.888  -54.513  83.690 0.0000000000
39174  17.002  -54.623  82.649 0.0000000000
69949  52.020  -26.076  52.422 0.0000000000
69933  50.382  -25.646  53.393 0.0000000000
69951  50.157  -25.568  52.448 0.0000000000
69917  51.480  -25.793  54.417 0.0000000000
69887  50.764  -25.904  56.286 0.0000000000
64892  42.967  -30.631  57.867 0.0000000000
64891  43.562  -30.329  58.344 0.0000000000
64866  45.141  -30.530  60.779 0.0000000000
65750  45.905  -29.304  60.941 0.0000000000
63959  45.916  -31.571  62.122 0.0000000000
64848  46.999  -30.259  63.068 0.0000000000
65712  47.533  -29.678  63.373 0.0000000000
66710  47.938  -28.316  63.083 0.0000000000
56554  33.523  -38.663  65.313 0.0000000000
56553  34.456  -38.692  65.394 0.0000000000
56537  34.747  -38.955  66.372 0.0000000000
70002  51.970  -25.636  49.213 0.0000000000
37015  10.449  -56.554  79.346 0.0000000000
36993  11.188  -56.700  80.817 0.0000000000
36994  10.516  -56.913  80.303 0.0000000000
36957  10.112  -57.296  82.407 0.0000000000
36944  10.317  -56.965  83.508 0.0000000000
36935  9.628  -56.983  84.275 0.0000000000
36959  7.938  -57.458  82.122 0.0000000000
66822  41.147  -28.571  55.668 0.0000000000
65834  39.845  -29.531  55.189 0.0000000000
65818  41.020  -30.011  56.041 0.0000000000
64920  41.308  -30.472  56.290 0.0000000000
64031  41.732  -31.180  56.811 0.0000000000
64020  42.037  -31.546  57.305 0.0000000000
61972  39.531  -33.168  56.767 0.0000000000
61971  40.253  -32.994  57.036 0.0000000000
61919  41.624  -33.579  59.611 0.0000000000
61937  41.640  -33.101  58.752 0.0000000000
62998  42.733  -32.746  59.724 0.0000000000
62981  42.698  -33.076  60.236 0.0000000000
61898  43.700  -33.198  60.961 0.0000000000
61899  42.664  -33.567  60.716 0.0000000000
60780  42.772  -34.250  61.620 0.0000000000
60779  43.594  -34.122  61.891 0.0000000000
60763  43.799  -34.512  62.573 0.0000000000
60750  44.228  -34.658  63.114 0.0000000000
48026  32.555  -45.581  65.300 0.0000000000
49160  32.583  -44.848  65.275 0.0000000000
45869  31.742  -48.329  65.813 0.0000000000
46942  33.917  -47.291  66.872 0.0000000000
46957  33.233  -47.245  66.325 0.0000000000
46905  35.675  -47.524  69.295 0.0000000000
41498  34.103  -52.200  69.736 0.0000000000
43652  34.211  -51.164  69.007 0.0000000000
42590  36.905  -51.334  71.506 0.0000000000
42600  36.360  -51.375  70.983 0.0000000000
43642  36.072  -50.553  70.632 0.0000000000
44701  36.317  -49.812  71.126 0.0000000000
44685  36.361  -49.253  71.403 0.0000000000
46881  36.465  -47.754  71.922 0.0000000000
40291  28.201  -53.600  76.652 0.0000000000
41374  26.599  -52.997  76.374 0.0000000000
41355  27.168  -53.481  77.152 0.0000000000
41356  26.129  -53.222  77.083 0.0000000000
41340  26.540  -53.640  77.806 0.0000000000
42523  24.572  -52.460  75.275 0.0000000000
41377  24.002  -52.832  76.502 0.0000000000
41361  21.752  -52.848  77.445 0.0000000000
41345  21.314  -53.001  78.205 0.0000000000
41331  21.831  -53.341  78.913 0.0000000000
43581  20.682  -51.009  73.813 0.0000000000
43582  19.763  -50.918  73.844 0.0000000000
43600  17.469  -50.870  73.136 0.0000000000
42529  18.713  -51.670  75.019 0.0000000000
42517  19.968  -51.984  75.921 0.0000000000
41347  19.387  -53.006  78.199 0.0000000000
41346  20.361  -52.960  78.202 0.0000000000
41349  17.323  -53.420  78.152 0.0000000000
41350  16.772  -53.569  78.205 0.0000000000
40268  17.036  -53.696  78.729 0.0000000000
40269  16.272  -53.746  78.413 0.0000000000
41404  14.450  -53.150  75.528 0.0000000000
40292  14.775  -53.672  76.806 0.0000000000
40270  15.441  -53.877  78.269 0.0000000000
40271  14.614  -54.083  78.078 0.0000000000
39215  14.525  -54.324  78.616 0.0000000000
40272  13.978  -54.191  77.712 0.0000000000
39225  12.800  -54.597  77.511 0.0000000000
39217  12.635  -55.291  78.803 0.0000000000
38144  10.972  -55.774  78.112 0.0000000000
38145  10.444  -55.666  77.817 0.0000000000
38131  10.569  -56.071  78.475 0.0000000000
38132  9.758  -55.990  78.198 0.0000000000
44779  26.859  -49.397  65.654 0.0000000000
43688  27.642  -50.722  67.491 0.0000000000
43687  28.624  -51.111  67.527 0.0000000000
42637  29.223  -52.013  68.668 0.0000000000
42638  28.161  -51.546  68.565 0.0000000000
42618  28.681  -52.020  69.634 0.0000000000
42579  28.707  -52.365  72.993 0.0000000000
41441  29.067  -52.760  73.837 0.0000000000
41442  28.474  -52.632  74.134 0.0000000000
41394  28.517  -53.132  75.363 0.0000000000
41371  28.747  -53.477  75.753 0.0000000000
40260  28.181  -54.825  77.669 0.0000000000
40200  21.398  -54.091  82.075 0.0000000000
40199  22.322  -54.153  82.035 0.0000000000
39169  22.023  -54.510  82.785 0.0000000000
38096  11.755  -56.529  82.212 0.0000000000
38095  12.417  -56.080  82.720 0.0000000000
38077  12.777  -55.603  85.809 0.0000000000
38082  13.294  -55.519  85.013 0.0000000000
38076  13.414  -55.443  85.578 0.0000000000
39140  14.495  -55.199  85.919 0.0000000000
39130  14.269  -55.368  86.607 0.0000000000
67922  59.556  -27.178  50.078 0.0000000000
67929  59.713  -27.254  49.888 0.0000000000
65912  58.317  -29.245  49.431 0.0000000000
68928  55.137  -27.308  51.042 0.0000000000
67916  56.098  -27.708  51.996 0.0000000000
67904  57.160  -28.230  52.934 0.0000000000
68866  55.919  -26.738  55.040 0.0000000000
68877  55.925  -27.092  53.878 0.0000000000
66850  57.755  -29.130  53.463 0.0000000000
65856  57.587  -29.471  52.904 0.0000000000
65869  56.952  -29.716  52.287 0.0000000000
69939  45.090  -25.858  53.232 0.0000000000
69957  44.543  -25.848  52.548 0.0000000000
69938  45.849  -25.697  53.517 0.0000000000
68858  43.900  -26.806  55.391 0.0000000000
68855  46.760  -25.975  55.488 0.0000000000
69906  48.180  -25.690  55.201 0.0000000000
68843  47.988  -25.918  56.096 0.0000000000
69877  49.140  -26.068  56.837 0.0000000000
69875  50.870  -25.899  57.309 0.0000000000
66756  44.515  -28.816  58.712 0.0000000000
66776  44.066  -28.782  58.277 0.0000000000
67809  46.358  -27.863  59.839 0.0000000000
68813  46.625  -27.203  59.509 0.0000000000
67841  45.673  -27.236  58.441 0.0000000000
68785  48.583  -26.323  61.139 0.0000000000
59818  37.780  -35.390  60.363 0.0000000000
59831  37.886  -34.814  59.651 0.0000000000
59830  38.556  -34.650  59.691 0.0000000000
59817  38.816  -34.985  60.389 0.0000000000
58822  38.276  -36.645  62.403 0.0000000000
58821  39.294  -36.193  62.409 0.0000000000
59773  40.434  -35.979  62.936 0.0000000000
59791  39.571  -35.820  61.964 0.0000000000
59790  40.257  -35.684  62.275 0.0000000000
59789  41.560  -35.111  62.247 0.0000000000
59753  43.249  -35.891  64.501 0.0000000000
59752  44.509  -35.196  64.231 0.0000000000
59735  44.391  -36.000  65.439 0.0000000000
51351  33.664  -43.560  67.043 0.0000000000
52391  34.534  -42.868  67.654 0.0000000000
53375  34.136  -41.512  67.207 0.0000000000
54390  33.713  -40.618  66.963 0.0000000000
54389  34.224  -40.375  67.315 0.0000000000
55424  34.681  -39.738  67.267 0.0000000000
55423  35.640  -39.589  67.449 0.0000000000
55422  36.403  -39.269  67.706 0.0000000000
50176  37.409  -44.992  72.696 0.0000000000
50183  37.104  -44.856  71.954 0.0000000000
50182  37.533  -44.144  72.372 0.0000000000
52355  37.921  -42.543  71.951 0.0000000000
51317  37.563  -43.314  71.849 0.0000000000
53350  37.317  -42.139  70.842 0.0000000000
53349  37.737  -41.780  71.162 0.0000000000
54346  38.898  -40.667  70.993 0.0000000000
54348  37.400  -41.027  70.119 0.0000000000
54358  37.651  -40.446  69.789 0.0000000000
55400  38.742  -39.330  68.709 0.0000000000
55401  37.819  -39.350  68.457 0.0000000000
56499  37.952  -38.840  67.681 0.0000000000
56515  38.437  -38.616  67.078 0.0000000000
57656  41.821  -38.017  67.189 0.0000000000
56476  42.623  -38.423  69.792 0.0000000000
57641  43.109  -38.004  68.341 0.0000000000
57654  43.626  -37.614  67.676 0.0000000000
57668  43.112  -37.509  66.944 0.0000000000
58758  43.811  -37.004  66.757 0.0000000000
71003  54.151  -23.712  46.717 0.0000000000
71952  54.493  -22.879  46.523 0.0000000000
75872  56.520  -19.612  47.727 0.0000000000
76939  57.151  -19.262  47.891 0.0000000000
76938  57.566  -19.133  48.048 0.0000000000
74870  59.094  -20.818  48.672 0.0000000000
70989  58.247  -23.555  48.256 0.0000000000
71935  58.474  -23.139  48.630 0.0000000000
72943  59.478  -22.632  49.405 0.0000000000
73923  60.010  -21.869  49.192 0.0000000000
74869  59.608  -21.044  48.700 0.0000000000
73935  60.357  -21.655  48.482 0.0000000000
71941  60.584  -23.533  48.246 0.0000000000
76969  55.845  -18.691  45.189 0.0000000000
76987  55.463  -19.039  44.256 0.0000000000
76986  56.290  -19.283  44.544 0.0000000000
40288  29.816  -54.530  75.481 0.0000000000
61841  45.819  -33.812  63.107 0.0000000000
43699  30.700  -50.032  66.628 0.0000000000
44743  30.984  -49.947  66.715 0.0000000000
43670  32.224  -51.266  68.041 0.0000000000
43594  23.651  -50.852  72.842 0.0000000000
44703  23.276  -49.210  69.946 0.0000000000
44686  23.662  -49.554  70.289 0.0000000000
40229  23.013  -53.769  80.430 0.0000000000
40212  23.571  -53.976  81.272 0.0000000000
40198  23.182  -54.279  81.947 0.0000000000
69999  56.889  -26.368  49.392 0.0000000000
68934  57.703  -26.594  50.237 0.0000000000
68935  56.842  -26.904  50.073 0.0000000000
67931  56.116  -27.372  50.586 0.0000000000
69899  54.505  -25.814  55.963 0.0000000000
67861  42.615  -27.747  56.240 0.0000000000
66806  42.724  -27.939  56.604 0.0000000000
56584  36.389  -38.286  64.049 0.0000000000
57700  37.354  -38.102  64.478 0.0000000000
56548  38.486  -38.362  65.713 0.0000000000
49079  36.112  -45.430  69.613 0.0000000000
50195  36.811  -44.481  71.008 0.0000000000
70012  54.370  -25.555  48.182 0.0000000000
79089  57.226  -16.782  47.476 0.0000000000
79088  57.825  -17.032  47.359 0.0000000000
79080  57.826  -17.136  47.837 0.0000000000
41482  29.943  -52.827  70.909 0.0000000000
41468  31.307  -53.041  71.962 0.0000000000
41454  31.845  -53.202  72.499 0.0000000000
40203  18.552  -54.189  81.990 0.0000000000
39173  18.067  -54.430  82.545 0.0000000000
70003  51.004  -25.338  49.372 0.0000000000
69968  50.812  -25.733  51.428 0.0000000000
69904  49.790  -25.793  55.203 0.0000000000
64835  46.841  -30.904  63.017 0.0000000000
36995  9.207  -57.366  80.320 0.0000000000
64927  39.874  -30.457  55.418 0.0000000000
64032  40.997  -31.311  56.196 0.0000000000
61939  40.233  -33.774  58.156 0.0000000000
61938  40.936  -33.479  58.404 0.0000000000
61900  41.938  -33.726  60.272 0.0000000000
60792  42.379  -34.106  61.167 0.0000000000
60765  42.382  -34.652  62.067 0.0000000000
46969  31.965  -46.849  65.025 0.0000000000
45855  33.301  -48.778  66.726 0.0000000000
45854  34.000  -48.476  67.312 0.0000000000
45853  34.617  -47.970  67.764 0.0000000000
46906  35.194  -48.057  68.668 0.0000000000
41479  33.131  -52.851  70.429 0.0000000000
41478  33.960  -52.704  70.352 0.0000000000
41477  34.807  -52.377  70.297 0.0000000000
44700  36.648  -50.139  71.512 0.0000000000
41395  27.788  -52.942  75.519 0.0000000000
41378  23.049  -52.716  76.494 0.0000000000
41379  22.185  -52.675  76.712 0.0000000000
42566  16.864  -51.312  73.437 0.0000000000
42545  17.485  -51.453  74.007 0.0000000000
42530  17.822  -51.822  74.882 0.0000000000
42519  18.260  -51.975  75.485 0.0000000000
41348  18.346  -53.258  78.302 0.0000000000
40283  13.536  -54.059  77.136 0.0000000000
40284  12.863  -54.131  76.842 0.0000000000
44794  28.091  -48.844  64.791 0.0000000000
44745  25.503  -49.657  67.586 0.0000000000
44744  26.141  -49.867  67.229 0.0000000000
42639  27.476  -51.247  68.973 0.0000000000
42581  26.423  -51.474  72.495 0.0000000000
42559  27.836  -52.319  73.812 0.0000000000
38084  11.511  -56.333  84.374 0.0000000000
38090  12.403  -55.984  83.698 0.0000000000
67912  59.085  -28.286  51.102 0.0000000000
66895  59.422  -28.585  50.326 0.0000000000
65895  59.294  -28.954  50.417 0.0000000000
65896  58.979  -29.200  50.200 0.0000000000
65913  57.402  -29.468  49.692 0.0000000000
65898  57.246  -29.653  50.539 0.0000000000
67878  57.073  -28.564  54.856 0.0000000000
68882  44.356  -26.183  53.645 0.0000000000
68846  45.050  -26.783  56.518 0.0000000000
68844  47.156  -26.230  56.305 0.0000000000
69865  49.175  -26.134  57.832 0.0000000000
66738  45.589  -28.973  59.796 0.0000000000
66755  45.156  -28.672  59.231 0.0000000000
69825  50.385  -25.253  60.221 0.0000000000
59819  37.213  -35.759  60.428 0.0000000000
58840  38.315  -35.549  60.864 0.0000000000
58811  39.546  -36.584  63.386 0.0000000000
58810  40.454  -36.315  63.479 0.0000000000
59771  42.206  -35.652  63.530 0.0000000000
58808  41.950  -36.199  64.223 0.0000000000
58793  43.057  -36.442  65.193 0.0000000000
52382  35.056  -42.524  68.064 0.0000000000
53374  34.695  -41.566  67.682 0.0000000000
54372  34.946  -40.764  67.711 0.0000000000
51303  38.199  -43.406  73.503 0.0000000000
52335  38.409  -42.635  73.156 0.0000000000
53335  38.493  -42.269  72.744 0.0000000000
55382  38.939  -39.749  69.525 0.0000000000
56497  39.429  -38.916  68.106 0.0000000000
56496  40.372  -38.908  68.405 0.0000000000
56495  41.374  -38.744  68.503 0.0000000000
71951  55.531  -22.840  46.300 0.0000000000
74879  56.964  -20.488  47.150 0.0000000000
74878  58.023  -20.688  47.432 0.0000000000
71927  58.682  -23.527  49.219 0.0000000000
72930  59.504  -23.495  49.705 0.0000000000
71926  60.211  -24.117  49.590 0.0000000000
75901  57.147  -19.689  44.198 0.0000000000
75876  59.807  -19.304  46.464 0.0000000000
74894  60.206  -20.472  45.868 0.0000000000
73960  60.508  -21.381  46.058 0.0000000000
41440  29.876  -53.068  73.659 0.0000000000
41439  30.723  -53.159  73.427 0.0000000000
40220  16.421  -54.347  80.708 0.0000000000
39196  15.914  -54.402  80.644 0.0000000000
39175  15.889  -54.751  82.757 0.0000000000
39139  15.347  -55.068  85.714 0.0000000000
69971  48.129  -25.143  51.721 0.0000000000
62965  45.294  -32.405  61.714 0.0000000000
62952  46.001  -32.366  62.435 0.0000000000
62951  46.605  -32.349  62.994 0.0000000000
35859  7.836  -57.411  81.076 0.0000000000
35833  6.841  -57.632  83.744 0.0000000000
61940  39.513  -33.919  58.048 0.0000000000
60818  39.720  -34.189  58.718 0.0000000000
44757  32.825  -49.061  66.576 0.0000000000
43667  34.294  -50.101  68.593 0.0000000000
41421  25.727  -52.469  74.976 0.0000000000
42539  23.572  -51.901  74.431 0.0000000000
42540  22.386  -51.764  74.429 0.0000000000
42546  16.609  -51.801  73.996 0.0000000000
41423  16.168  -52.335  74.478 0.0000000000
44715  24.783  -49.596  68.837 0.0000000000
43630  25.768  -50.626  70.680 0.0000000000
42595  25.397  -50.731  71.693 0.0000000000
69982  59.384  -25.974  50.029 0.0000000000
68925  59.001  -26.821  50.451 0.0000000000
67913  58.650  -28.527  51.625 0.0000000000
68878  54.824  -26.583  53.742 0.0000000000
68872  42.966  -26.786  54.429 0.0000000000
68847  44.287  -26.881  56.089 0.0000000000
68836  45.624  -26.886  57.470 0.0000000000
67776  47.457  -28.125  61.944 0.0000000000
57741  36.892  -36.842  61.758 0.0000000000
58832  37.437  -36.525  61.687 0.0000000000
57725  37.866  -37.022  62.577 0.0000000000
57710  38.947  -36.893  63.520 0.0000000000
57697  40.306  -37.057  64.649 0.0000000000
57683  40.960  -37.213  65.395 0.0000000000
50238  34.045  -44.461  67.317 0.0000000000
50215  35.675  -44.165  68.897 0.0000000000
51342  35.399  -43.448  68.463 0.0000000000
52381  35.617  -42.822  68.573 0.0000000000
52372  36.111  -42.546  69.007 0.0000000000
71944  52.781  -23.511  47.317 0.0000000000
71001  56.090  -23.756  46.514 0.0000000000
70999  57.604  -23.431  47.019 0.0000000000
71943  57.927  -23.011  47.232 0.0000000000
70981  57.888  -24.585  48.658 0.0000000000
70968  58.375  -24.609  49.357 0.0000000000
78065  55.557  -17.904  45.811 0.0000000000
78064  56.463  -17.999  45.643 0.0000000000
75889  57.639  -19.379  44.942 0.0000000000
75888  58.328  -19.387  45.154 0.0000000000
75887  58.975  -19.446  45.386 0.0000000000
76965  59.086  -18.821  46.020 0.0000000000
76948  59.383  -18.590  46.733 0.0000000000
78051  58.769  -17.830  47.061 0.0000000000
76927  59.757  -19.121  48.123 0.0000000000
42636  30.249  -52.029  68.326 0.0000000000
41480  32.213  -53.020  70.588 0.0000000000
41438  31.532  -53.347  73.159 0.0000000000
41437  32.370  -53.490  72.874 0.0000000000
41412  32.878  -53.866  72.972 0.0000000000
44671  21.745  -49.854  71.389 0.0000000000
40250  20.513  -53.529  79.663 0.0000000000
40201  20.443  -54.059  82.078 0.0000000000
39157  20.823  -54.699  83.640 0.0000000000
39185  17.306  -54.465  81.830 0.0000000000
39147  18.600  -54.573  84.558 0.0000000000
39146  19.624  -54.644  84.547 0.0000000000
68931  52.444  -26.338  50.511 0.0000000000
68913  53.560  -26.790  51.567 0.0000000000
68880  53.223  -26.354  53.099 0.0000000000
69930  53.198  -26.110  53.874 0.0000000000
69901  52.532  -25.822  55.604 0.0000000000
69885  52.672  -25.823  56.634 0.0000000000
65803  42.715  -29.359  57.181 0.0000000000
65802  43.236  -29.270  57.622 0.0000000000
64907  43.399  -29.771  57.888 0.0000000000
65780  44.117  -29.465  58.539 0.0000000000
65762  44.566  -29.501  59.127 0.0000000000
64876  44.157  -30.448  59.245 0.0000000000
65752  44.750  -29.862  59.695 0.0000000000
66712  46.577  -28.966  61.873 0.0000000000
63977  45.121  -31.396  61.044 0.0000000000
63968  45.518  -31.496  61.590 0.0000000000
64857  45.679  -30.548  61.579 0.0000000000
64849  46.333  -30.549  62.410 0.0000000000
64856  46.089  -30.025  61.994 0.0000000000
65730  46.505  -29.539  62.217 0.0000000000
66711  47.253  -28.697  62.394 0.0000000000
56536  35.720  -38.801  66.254 0.0000000000
47911  36.893  -46.942  72.883 0.0000000000
49042  37.573  -45.710  73.311 0.0000000000
70995  52.462  -24.135  47.634 0.0000000000
70982  52.755  -24.706  47.918 0.0000000000
70014  52.449  -25.223  48.481 0.0000000000
38120  11.449  -56.073  79.358 0.0000000000
38111  11.471  -56.319  80.248 0.0000000000
36943  11.070  -56.658  83.786 0.0000000000
35845  8.246  -57.499  81.562 0.0000000000
36922  9.805  -56.829  85.240 0.0000000000
67869  41.365  -27.866  55.158 0.0000000000
66821  41.675  -27.988  55.730 0.0000000000
65816  42.150  -29.412  56.752 0.0000000000
65832  41.130  -29.101  55.979 0.0000000000
65817  41.412  -29.494  56.291 0.0000000000
64918  42.417  -30.113  57.066 0.0000000000
64007  42.872  -31.209  58.099 0.0000000000
63015  43.292  -31.784  59.035 0.0000000000
62997  43.577  -32.107  59.685 0.0000000000
63034  40.742  -32.725  57.061 0.0000000000
61954  41.319  -32.946  58.068 0.0000000000
63017  41.791  -32.692  58.180 0.0000000000
61897  44.155  -33.025  61.102 0.0000000000
61878  43.312  -33.772  61.312 0.0000000000
61857  44.698  -33.799  62.173 0.0000000000
60761  45.327  -34.079  63.040 0.0000000000
60736  45.238  -34.754  64.067 0.0000000000
49123  33.317  -45.304  66.376 0.0000000000
46970  31.395  -47.296  64.749 0.0000000000
48002  32.932  -46.177  65.931 0.0000000000
49122  33.847  -45.373  66.998 0.0000000000
47967  35.421  -46.237  68.414 0.0000000000
47956  35.882  -46.309  69.097 0.0000000000
46893  36.344  -47.124  71.407 0.0000000000
42635  31.453  -51.744  68.097 0.0000000000
42617  33.102  -52.222  69.130 0.0000000000
42633  33.253  -51.279  68.476 0.0000000000
43668  33.818  -50.702  68.476 0.0000000000
41463  35.386  -52.843  71.103 0.0000000000
42602  35.202  -51.739  70.109 0.0000000000
42614  35.149  -51.152  69.805 0.0000000000
44714  35.295  -49.589  69.502 0.0000000000
45803  36.124  -48.858  70.927 0.0000000000
46882  36.262  -48.247  71.311 0.0000000000
40276  28.996  -54.777  76.547 0.0000000000
40277  28.530  -54.577  77.066 0.0000000000
41354  27.871  -53.475  76.739 0.0000000000
40279  27.401  -53.804  77.654 0.0000000000
41399  24.345  -52.654  75.792 0.0000000000
41376  24.839  -52.847  76.384 0.0000000000
41357  25.328  -53.043  76.965 0.0000000000
40264  24.995  -53.569  78.821 0.0000000000
40265  23.990  -53.486  78.862 0.0000000000
40266  23.462  -53.470  78.869 0.0000000000
41329  23.207  -53.460  78.872 0.0000000000
41330  22.719  -53.425  78.886 0.0000000000
44672  21.084  -49.900  71.598 0.0000000000
43580  21.192  -51.114  73.765 0.0000000000
42527  20.609  -51.728  75.192 0.0000000000
43599  18.400  -50.666  73.122 0.0000000000
43583  18.860  -50.919  73.811 0.0000000000
40251  19.563  -53.561  79.606 0.0000000000
40252  18.507  -53.619  79.401 0.0000000000
40253  17.510  -53.824  79.489 0.0000000000
41386  14.710  -53.504  76.328 0.0000000000
41367  15.745  -53.563  77.333 0.0000000000
40280  15.823  -53.677  77.794 0.0000000000
40255  15.761  -53.985  79.061 0.0000000000
40237  15.296  -54.285  79.487 0.0000000000
39216  13.831  -54.557  78.395 0.0000000000
38129  11.902  -55.765  78.969 0.0000000000
39226  11.493  -55.313  77.706 0.0000000000
38121  10.896  -56.269  79.027 0.0000000000
37036  10.494  -56.336  78.908 0.0000000000
37038  9.242  -56.422  78.716 0.0000000000
37017  8.799  -56.878  79.369 0.0000000000
45883  29.935  -48.258  64.674 0.0000000000
44793  29.015  -48.603  64.712 0.0000000000
43703  27.322  -50.242  66.904 0.0000000000
42647  29.535  -51.593  67.844 0.0000000000
42578  29.382  -52.652  72.778 0.0000000000
41416  29.555  -53.222  74.377 0.0000000000
41393  29.133  -53.431  75.180 0.0000000000
40305  29.339  -53.822  75.469 0.0000000000
40214  21.709  -53.835  81.278 0.0000000000
38103  12.446  -55.936  81.767 0.0000000000
38102  12.930  -55.699  82.335 0.0000000000
38089  13.202  -55.621  84.086 0.0000000000
39164  13.960  -55.314  84.537 0.0000000000
39151  14.672  -55.121  85.105 0.0000000000
68923  59.690  -26.773  49.838 0.0000000000
67934  59.823  -27.196  49.402 0.0000000000
67932  55.638  -27.355  50.709 0.0000000000
66864  58.465  -29.037  52.393 0.0000000000
67892  56.617  -27.794  53.659 0.0000000000
67891  57.021  -28.287  54.039 0.0000000000
66865  58.177  -29.012  53.002 0.0000000000
65855  58.130  -29.415  52.455 0.0000000000
65868  57.744  -29.659  52.044 0.0000000000
68869  45.500  -26.008  54.605 0.0000000000
69923  46.283  -25.707  54.191 0.0000000000
69922  47.035  -25.634  54.426 0.0000000000
69921  47.968  -25.477  54.344 0.0000000000
69888  49.882  -25.905  56.119 0.0000000000
68842  48.489  -25.911  56.093 0.0000000000
66777  43.604  -28.661  57.810 0.0000000000
67843  44.107  -28.003  58.035 0.0000000000
67826  44.752  -28.094  58.678 0.0000000000
67842  45.099  -27.386  58.103 0.0000000000
68827  46.325  -26.924  58.398 0.0000000000
67796  47.489  -27.697  61.323 0.0000000000
68799  47.453  -26.998  60.352 0.0000000000
69846  50.159  -25.619  59.217 0.0000000000
69862  51.954  -25.558  58.552 0.0000000000
69861  52.920  -25.519  58.716 0.0000000000
60807  39.142  -34.481  59.437 0.0000000000
58830  39.234  -35.881  61.820 0.0000000000
59815  40.500  -34.749  60.656 0.0000000000
59803  41.398  -34.815  61.524 0.0000000000
59769  44.264  -34.859  63.554 0.0000000000
59751  45.242  -35.018  64.457 0.0000000000
55439  33.362  -39.423  66.484 0.0000000000
55438  34.020  -39.316  66.738 0.0000000000
56535  36.556  -38.621  66.268 0.0000000000
51318  37.127  -43.407  71.138 0.0000000000
52363  37.023  -42.614  70.644 0.0000000000
54337  39.099  -41.102  71.892 0.0000000000
54338  38.440  -41.318  71.516 0.0000000000
53356  37.509  -41.343  70.551 0.0000000000
54370  36.339  -40.406  68.527 0.0000000000
55402  36.807  -39.756  68.509 0.0000000000
56517  36.870  -38.752  67.049 0.0000000000
56534  37.367  -38.503  66.289 0.0000000000
56533  38.146  -38.495  66.312 0.0000000000
56514  39.223  -38.626  67.228 0.0000000000
56531  39.794  -38.302  66.619 0.0000000000
57672  39.627  -38.097  65.887 0.0000000000
57671  40.338  -37.840  66.090 0.0000000000
57682  41.790  -37.277  65.874 0.0000000000
56477  41.645  -38.911  69.616 0.0000000000
56493  43.094  -38.143  69.081 0.0000000000
56511  41.853  -38.349  67.864 0.0000000000
57669  42.332  -37.556  66.556 0.0000000000
58777  42.560  -36.893  65.700 0.0000000000
58776  43.530  -36.613  65.823 0.0000000000
76929  58.093  -18.719  48.191 0.0000000000
75863  59.509  -19.702  48.504 0.0000000000
75858  59.809  -20.414  48.606 0.0000000000
72968  58.259  -22.292  47.538 0.0000000000
73925  58.853  -21.576  48.560 0.0000000000
72944  58.842  -22.524  49.089 0.0000000000
75857  60.054  -20.567  48.477 0.0000000000
72967  60.586  -22.337  47.765 0.0000000000
35872  7.728  -57.264  80.617 0.0000000000
36933  11.100  -56.562  84.234 0.0000000000
36975  7.567  -57.373  81.569 0.0000000000
38079  11.130  -56.328  85.082 0.0000000000
39141  13.668  -55.356  86.107 0.0000000000
39189  13.017  -55.580  81.902 0.0000000000
39234  29.670  -54.749  75.771 0.0000000000
39235  12.487  -54.326  76.851 0.0000000000
40204  18.053  -54.299  81.941 0.0000000000
41475  36.090  -51.849  70.870 0.0000000000
52345  38.259  -42.513  72.563 0.0000000000
58740  44.310  -37.096  67.466 0.0000000000
58833  36.773  -36.671  61.383 0.0000000000
59724  44.829  -36.251  66.214 0.0000000000
59787  43.243  -34.740  62.732 0.0000000000
60762  44.677  -34.196  62.672 0.0000000000
60782  41.379  -34.620  61.118 0.0000000000
60796  39.649  -34.633  60.036 0.0000000000
62939  47.750  -32.300  64.093 0.0000000000
64006  43.300  -31.327  58.678 0.0000000000
64030  42.124  -30.618  56.985 0.0000000000
64040  39.666  -31.345  55.472 0.0000000000
65911  58.936  -29.137  49.637 0.0000000000
66896  59.333  -28.937  50.189 0.0000000000
67902  58.399  -28.769  52.320 0.0000000000
69890  48.529  -25.818  55.708 0.0000000000
74873  60.270  -20.860  48.277 0.0000000000
75869  60.266  -19.908  47.517 0.0000000000
75875  60.118  -19.721  46.754 0.0000000000
76947  59.864  -19.042  47.002 0.0000000000
79096  57.818  -17.045  47.118 0.0000000000
