#!ascii label  , from subject sub-MOT05 vox2ras=TkReg
968
53444  30.350  -41.751  62.241 0.0000000000
70962  44.221  -24.038  50.397 0.0000000000
61976  35.502  -33.803  56.068 0.0000000000
44679  13.232  -49.318  72.836 0.0000000000
49167  25.476  -45.295  64.895 0.0000000000
67872  34.376  -28.106  56.271 0.0000000000
46935  19.114  -46.685  68.636 0.0000000000
44676  17.286  -49.984  71.685 0.0000000000
46961  22.600  -47.077  66.941 0.0000000000
70005  49.366  -24.922  50.072 0.0000000000
56558  27.953  -38.324  65.112 0.0000000000
56603  31.303  -38.160  62.127 0.0000000000
55441  31.713  -39.776  65.852 0.0000000000
73916  48.654  -21.298  50.274 0.0000000000
71944  52.781  -23.511  47.317 0.0000000000
71890  40.234  -23.682  53.944 0.0000000000
68884  42.668  -26.681  53.522 0.0000000000
67897  38.096  -27.431  53.410 0.0000000000
63075  39.421  -32.056  55.589 0.0000000000
46983  30.818  -46.994  64.040 0.0000000000
41406  12.282  -53.084  74.939 0.0000000000
40285  7.985  -53.581  77.596 0.0000000000
40205  6.609  -52.767  80.918 0.0000000000
50333  27.426  -44.608  62.272 0.0000000000
45901  26.383  -48.557  64.362 0.0000000000
60810  32.349  -34.977  59.072 0.0000000000
58833  36.773  -36.671  61.383 0.0000000000
73937  54.977  -21.185  49.194 0.0000000000
70974  46.971  -24.056  49.649 0.0000000000
69973  46.394  -25.224  51.748 0.0000000000
54425  28.738  -39.995  63.826 0.0000000000
55460  29.677  -39.135  64.430 0.0000000000
53426  31.033  -41.087  64.397 0.0000000000
73899  44.458  -21.767  51.648 0.0000000000
73896  47.109  -21.312  52.057 0.0000000000
73932  46.294  -22.045  49.864 0.0000000000
71938  48.743  -23.520  48.904 0.0000000000
36977  6.369  -56.617  81.180 0.0000000000
70946  38.492  -24.986  52.807 0.0000000000
70923  36.713  -25.122  54.561 0.0000000000
64042  34.177  -31.232  55.155 0.0000000000
64938  36.007  -30.482  54.304 0.0000000000
61992  37.269  -33.294  55.675 0.0000000000
60833  38.183  -34.087  57.925 0.0000000000
43635  15.530  -50.020  71.697 0.0000000000
42566  16.864  -51.312  73.437 0.0000000000
42548  14.963  -51.956  73.508 0.0000000000
41404  14.450  -53.150  75.528 0.0000000000
42571  12.309  -51.573  73.765 0.0000000000
42512  9.358  -51.057  77.293 0.0000000000
40257  7.304  -52.680  79.175 0.0000000000
49207  26.898  -45.071  63.476 0.0000000000
47018  26.794  -46.687  62.611 0.0000000000
48073  25.172  -46.315  63.637 0.0000000000
45845  22.693  -48.183  68.577 0.0000000000
45856  24.324  -48.928  67.653 0.0000000000
56587  33.856  -38.322  63.561 0.0000000000
57758  34.146  -37.934  60.655 0.0000000000
68848  35.659  -26.134  56.894 0.0000000000
65805  34.111  -29.408  57.812 0.0000000000
63035  32.788  -32.255  56.874 0.0000000000
45831  20.842  -48.358  69.367 0.0000000000
44691  19.652  -49.571  71.021 0.0000000000
45815  17.920  -48.325  69.888 0.0000000000
46888  16.112  -47.130  70.956 0.0000000000
45784  14.411  -47.888  72.619 0.0000000000
49193  23.551  -45.527  64.642 0.0000000000
50245  21.768  -45.116  66.883 0.0000000000
47974  21.070  -46.843  68.082 0.0000000000
59745  29.259  -35.490  65.024 0.0000000000
58824  29.724  -36.098  62.055 0.0000000000
57716  28.978  -37.186  63.198 0.0000000000
56573  32.157  -38.372  64.244 0.0000000000
72960  52.815  -21.923  48.755 0.0000000000
73938  50.861  -22.001  48.778 0.0000000000
70984  51.108  -24.505  48.431 0.0000000000
71912  42.205  -23.315  51.441 0.0000000000
69976  43.414  -25.338  51.384 0.0000000000
68918  40.832  -25.466  51.816 0.0000000000
67895  40.327  -27.212  53.241 0.0000000000
66823  40.235  -28.698  54.992 0.0000000000
67884  35.798  -27.466  54.188 0.0000000000
65846  38.497  -29.489  54.473 0.0000000000
50330  30.820  -44.444  62.294 0.0000000000
51384  32.170  -43.539  64.581 0.0000000000
71898  42.928  -22.882  53.856 0.0000000000
44649  12.003  -49.193  75.320 0.0000000000
43575  10.334  -51.038  75.007 0.0000000000
40297  10.421  -53.867  76.041 0.0000000000
38146  9.559  -55.414  77.569 0.0000000000
38134  7.771  -55.793  78.634 0.0000000000
39201  6.436  -54.591  79.855 0.0000000000
40223  5.683  -53.723  81.282 0.0000000000
40208  5.056  -52.933  81.733 0.0000000000
52456  29.011  -43.017  61.371 0.0000000000
49222  29.373  -45.971  61.842 0.0000000000
45899  28.368  -48.269  64.134 0.0000000000
45903  24.470  -48.113  65.256 0.0000000000
59867  33.472  -34.910  57.586 0.0000000000
58859  31.661  -37.140  59.739 0.0000000000
58856  34.448  -36.777  59.129 0.0000000000
59847  36.434  -35.140  58.892 0.0000000000
52408  32.841  -42.355  66.160 0.0000000000
75867  55.518  -19.595  48.412 0.0000000000
72970  54.537  -21.554  48.149 0.0000000000
73951  55.780  -21.052  47.039 0.0000000000
70961  45.248  -24.175  50.181 0.0000000000
69991  46.258  -24.945  50.923 0.0000000000
69992  45.340  -24.902  50.826 0.0000000000
53436  29.586  -41.142  62.747 0.0000000000
54424  29.837  -40.189  63.991 0.0000000000
53443  30.989  -41.809  62.947 0.0000000000
72939  43.909  -22.475  50.773 0.0000000000
73909  45.025  -21.691  51.014 0.0000000000
71932  45.489  -22.945  49.909 0.0000000000
71930  46.930  -23.277  49.443 0.0000000000
38106  5.383  -55.525  81.493 0.0000000000
70922  37.375  -24.611  54.822 0.0000000000
70903  36.668  -24.848  56.531 0.0000000000
61995  34.558  -32.867  55.420 0.0000000000
63092  35.362  -32.175  54.606 0.0000000000
61993  36.221  -33.400  55.490 0.0000000000
61974  37.608  -33.622  56.444 0.0000000000
61975  36.581  -33.840  56.418 0.0000000000
43637  14.409  -49.590  72.025 0.0000000000
43621  15.173  -50.644  72.213 0.0000000000
42585  13.774  -50.949  72.776 0.0000000000
42570  13.309  -51.385  73.241 0.0000000000
43604  12.610  -50.604  73.272 0.0000000000
49190  26.352  -45.373  64.051 0.0000000000
49209  25.693  -45.868  63.447 0.0000000000
49191  25.303  -45.461  63.963 0.0000000000
44704  22.480  -49.115  70.058 0.0000000000
59779  31.757  -34.918  63.270 0.0000000000
56585  35.694  -38.326  63.746 0.0000000000
64910  33.536  -30.367  58.078 0.0000000000
64012  33.355  -31.210  58.926 0.0000000000
46915  19.863  -47.723  68.858 0.0000000000
45813  19.666  -48.766  69.797 0.0000000000
46917  18.219  -47.378  69.360 0.0000000000
47950  16.753  -46.375  70.868 0.0000000000
46889  15.584  -47.017  71.864 0.0000000000
45783  15.063  -47.719  72.048 0.0000000000
50243  23.259  -44.300  67.219 0.0000000000
49117  19.437  -45.730  68.605 0.0000000000
49130  20.568  -45.953  67.876 0.0000000000
47975  20.309  -46.450  68.159 0.0000000000
46914  20.642  -47.895  68.937 0.0000000000
58813  28.829  -36.163  63.708 0.0000000000
57702  28.489  -37.493  63.970 0.0000000000
55450  31.153  -39.445  65.260 0.0000000000
56557  30.838  -38.812  64.694 0.0000000000
55449  31.794  -39.182  65.619 0.0000000000
56555  32.487  -38.705  65.338 0.0000000000
55440  32.486  -39.573  66.180 0.0000000000
73906  47.893  -21.209  51.193 0.0000000000
73928  50.479  -21.632  49.573 0.0000000000
73929  49.373  -21.557  49.453 0.0000000000
70986  49.435  -24.117  49.019 0.0000000000
71937  49.846  -23.540  48.520 0.0000000000
70970  50.415  -24.810  49.121 0.0000000000
71908  41.102  -23.459  52.260 0.0000000000
70951  41.341  -24.180  51.450 0.0000000000
70944  39.779  -24.434  52.290 0.0000000000
68888  38.405  -26.413  52.927 0.0000000000
68903  39.358  -26.176  52.547 0.0000000000
67896  39.174  -27.169  53.145 0.0000000000
67881  40.657  -27.833  54.375 0.0000000000
67883  38.850  -27.945  53.729 0.0000000000
67862  34.722  -27.335  56.507 0.0000000000
68860  35.095  -26.809  55.505 0.0000000000
67885  35.081  -27.717  54.769 0.0000000000
64048  37.510  -31.206  54.476 0.0000000000
64937  37.011  -30.409  54.290 0.0000000000
64935  38.994  -30.456  54.894 0.0000000000
64934  39.494  -29.988  55.099 0.0000000000
48069  30.685  -46.279  63.273 0.0000000000
49186  31.458  -45.482  63.649 0.0000000000
71883  40.573  -23.705  54.783 0.0000000000
71900  41.090  -23.330  53.173 0.0000000000
71907  41.899  -23.005  52.420 0.0000000000
44674  19.223  -49.961  71.685 0.0000000000
43617  18.801  -50.321  72.407 0.0000000000
41405  13.229  -53.039  75.117 0.0000000000
40293  14.080  -53.645  76.466 0.0000000000
40294  13.178  -53.772  76.380 0.0000000000
40295  12.347  -53.992  76.295 0.0000000000
44646  11.456  -49.593  75.607 0.0000000000
43585  11.176  -50.679  74.336 0.0000000000
43571  10.117  -50.449  75.998 0.0000000000
41369  8.348  -52.566  77.219 0.0000000000
41387  9.217  -52.288  75.978 0.0000000000
39239  9.123  -54.100  76.690 0.0000000000
39238  9.889  -54.348  76.561 0.0000000000
39229  8.583  -54.345  77.206 0.0000000000
38133  8.697  -55.682  78.031 0.0000000000
39230  8.100  -54.397  77.638 0.0000000000
41322  7.067  -52.317  80.438 0.0000000000
39200  6.772  -54.262  79.306 0.0000000000
40240  6.326  -53.848  80.284 0.0000000000
39190  6.078  -54.675  80.551 0.0000000000
40206  6.168  -52.854  81.281 0.0000000000
51392  28.348  -43.654  62.869 0.0000000000
52446  28.636  -42.704  62.237 0.0000000000
51413  28.270  -43.931  61.626 0.0000000000
50353  29.107  -44.754  61.254 0.0000000000
49240  28.634  -45.569  61.506 0.0000000000
45915  26.707  -48.009  63.584 0.0000000000
47000  28.122  -47.430  62.928 0.0000000000
45900  27.403  -48.482  64.181 0.0000000000
48032  22.907  -46.412  65.681 0.0000000000
46988  23.497  -46.869  65.211 0.0000000000
46972  23.480  -47.317  65.736 0.0000000000
44765  24.978  -49.220  66.862 0.0000000000
68915  43.160  -26.040  52.053 0.0000000000
69957  44.543  -25.848  52.548 0.0000000000
68898  43.969  -26.179  53.145 0.0000000000
60809  32.544  -33.951  59.760 0.0000000000
61941  32.534  -33.223  58.313 0.0000000000
60823  32.595  -34.475  58.359 0.0000000000
57747  30.317  -37.228  61.332 0.0000000000
58845  30.544  -36.834  60.782 0.0000000000
57760  32.197  -38.018  60.698 0.0000000000
57757  35.292  -37.143  60.405 0.0000000000
57773  34.331  -37.325  59.701 0.0000000000
58843  35.831  -36.656  60.287 0.0000000000
58873  35.083  -35.983  58.668 0.0000000000
58854  36.277  -35.970  59.777 0.0000000000
59846  37.149  -34.828  59.114 0.0000000000
52429  32.115  -42.808  64.881 0.0000000000
74875  55.204  -20.435  48.838 0.0000000000
72972  52.654  -22.622  47.673 0.0000000000
72971  53.527  -21.992  47.957 0.0000000000
72981  53.415  -22.460  47.351 0.0000000000
72979  55.049  -21.890  46.855 0.0000000000
72977  57.030  -22.048  46.490 0.0000000000
49103  19.135  -45.342  69.123 0.0000000000
47948  18.106  -45.968  69.637 0.0000000000
70973  47.763  -24.277  49.720 0.0000000000
69988  48.718  -24.988  50.749 0.0000000000
69989  47.896  -24.968  50.993 0.0000000000
55462  28.100  -39.411  64.454 0.0000000000
56577  28.447  -38.307  64.414 0.0000000000
55461  28.951  -39.191  64.195 0.0000000000
54414  30.093  -39.691  64.594 0.0000000000
54404  31.449  -40.347  65.614 0.0000000000
73875  45.676  -21.705  53.466 0.0000000000
73898  45.236  -21.532  51.791 0.0000000000
73907  46.872  -21.302  51.117 0.0000000000
73917  47.586  -21.388  50.238 0.0000000000
73930  48.306  -21.831  49.260 0.0000000000
72951  47.751  -22.590  49.094 0.0000000000
71929  47.802  -23.542  49.246 0.0000000000
36998  6.806  -56.606  80.526 0.0000000000
70926  39.186  -23.899  54.284 0.0000000000
70935  39.188  -24.196  53.155 0.0000000000
70927  38.185  -24.410  54.029 0.0000000000
70928  37.259  -25.111  53.854 0.0000000000
69942  37.004  -26.207  53.490 0.0000000000
65835  34.008  -29.557  55.659 0.0000000000
66843  34.945  -28.785  54.761 0.0000000000
64939  34.938  -30.624  54.665 0.0000000000
63091  36.256  -32.130  54.492 0.0000000000
63076  38.208  -32.444  55.195 0.0000000000
61973  38.546  -33.394  56.485 0.0000000000
61957  38.917  -33.737  57.483 0.0000000000
45882  30.539  -48.296  65.011 0.0000000000
44677  16.698  -50.154  71.802 0.0000000000
43619  17.019  -50.490  72.302 0.0000000000
43620  16.177  -50.474  72.037 0.0000000000
42567  16.167  -51.476  73.214 0.0000000000
41423  16.168  -52.335  74.478 0.0000000000
41425  13.740  -52.647  74.394 0.0000000000
41426  12.642  -52.508  74.305 0.0000000000
43567  10.380  -50.184  76.874 0.0000000000
41351  8.718  -51.562  78.000 0.0000000000
41352  8.004  -52.516  77.946 0.0000000000
40273  7.553  -53.063  78.384 0.0000000000
41337  7.969  -52.078  78.745 0.0000000000
41326  7.747  -51.843  79.774 0.0000000000
50334  27.026  -45.077  62.665 0.0000000000
48110  27.513  -45.575  61.773 0.0000000000
48093  26.522  -46.081  62.611 0.0000000000
47019  26.277  -46.531  62.784 0.0000000000
45916  25.701  -47.953  63.942 0.0000000000
46948  22.508  -47.612  67.745 0.0000000000
45872  23.853  -48.280  66.859 0.0000000000
45844  23.406  -48.573  68.545 0.0000000000
67879  42.289  -26.936  54.373 0.0000000000
59820  31.806  -35.097  59.763 0.0000000000
56602  32.436  -38.311  62.374 0.0000000000
56615  32.905  -38.356  61.638 0.0000000000
57729  34.347  -38.128  62.395 0.0000000000
57727  36.002  -37.865  62.718 0.0000000000
73926  54.520  -21.168  50.326 0.0000000000
38098  4.360  -55.333  81.787 0.0000000000
67846  35.897  -27.273  58.295 0.0000000000
67856  34.748  -28.091  57.620 0.0000000000
66809  34.181  -28.728  56.915 0.0000000000
64921  33.634  -30.119  56.013 0.0000000000
64033  33.080  -31.456  56.387 0.0000000000
63056  33.891  -32.749  55.670 0.0000000000
44705  21.652  -49.161  70.329 0.0000000000
44689  21.343  -49.530  70.959 0.0000000000
44707  20.062  -49.156  70.428 0.0000000000
44708  19.224  -49.221  70.316 0.0000000000
44693  17.580  -49.227  70.759 0.0000000000
46899  17.530  -47.290  69.806 0.0000000000
45796  17.313  -48.475  70.314 0.0000000000
45797  16.623  -48.297  70.592 0.0000000000
45798  15.562  -48.225  71.294 0.0000000000
45799  14.791  -48.558  71.853 0.0000000000
45785  13.709  -48.423  72.889 0.0000000000
50297  24.075  -44.821  64.692 0.0000000000
50276  23.824  -44.637  65.317 0.0000000000
50278  22.693  -45.293  65.528 0.0000000000
48011  22.220  -46.357  66.633 0.0000000000
50232  21.333  -44.745  67.736 0.0000000000
49129  21.129  -45.639  67.502 0.0000000000
47991  22.083  -46.943  67.280 0.0000000000
46932  21.474  -47.665  68.517 0.0000000000
45830  21.556  -48.333  69.235 0.0000000000
59762  30.511  -34.923  64.405 0.0000000000
59780  30.720  -34.850  63.454 0.0000000000
59798  29.386  -35.628  63.336 0.0000000000
58825  29.337  -36.333  62.774 0.0000000000
57714  30.088  -37.596  62.395 0.0000000000
56576  29.112  -38.233  63.913 0.0000000000
56590  30.549  -37.998  62.913 0.0000000000
56589  31.749  -38.240  63.183 0.0000000000
56572  33.180  -38.419  64.403 0.0000000000
56571  34.158  -38.503  64.493 0.0000000000
72936  51.556  -21.672  50.697 0.0000000000
73927  51.300  -21.825  49.274 0.0000000000
72973  51.615  -22.908  47.917 0.0000000000
72963  49.441  -22.701  48.513 0.0000000000
72962  50.720  -22.810  48.235 0.0000000000
71922  42.981  -23.058  50.823 0.0000000000
69994  43.636  -24.565  50.813 0.0000000000
70950  42.267  -24.258  51.083 0.0000000000
69977  42.355  -25.163  51.412 0.0000000000
68901  41.696  -26.399  52.378 0.0000000000
69959  40.012  -25.432  52.069 0.0000000000
68902  40.566  -26.317  52.342 0.0000000000
68885  41.878  -26.778  53.130 0.0000000000
67880  41.623  -27.303  54.505 0.0000000000
67869  41.365  -27.866  55.158 0.0000000000
69891  35.914  -25.615  56.472 0.0000000000
69926  35.968  -26.382  54.337 0.0000000000
67899  36.499  -27.575  53.809 0.0000000000
66842  35.914  -28.453  54.104 0.0000000000
66841  36.927  -28.712  53.895 0.0000000000
66840  37.990  -28.455  53.911 0.0000000000
66824  39.652  -29.088  54.877 0.0000000000
51399  31.057  -43.540  62.325 0.0000000000
52443  31.136  -42.580  62.547 0.0000000000
50311  31.767  -44.275  63.588 0.0000000000
49161  32.323  -45.007  64.754 0.0000000000
72904  43.227  -22.487  53.026 0.0000000000
72925  42.969  -22.694  51.294 0.0000000000
45770  13.244  -48.433  73.613 0.0000000000
45753  12.890  -48.541  74.551 0.0000000000
44665  12.508  -49.570  73.466 0.0000000000
43605  11.878  -50.694  73.715 0.0000000000
42550  11.426  -51.707  74.256 0.0000000000
41428  11.153  -52.350  74.624 0.0000000000
43572  9.828  -51.116  75.598 0.0000000000
41409  9.827  -52.411  75.455 0.0000000000
40310  10.931  -53.440  75.455 0.0000000000
39237  10.898  -54.605  76.659 0.0000000000
39226  11.493  -55.313  77.706 0.0000000000
37018  7.898  -56.631  79.306 0.0000000000
40274  7.486  -54.047  78.195 0.0000000000
39210  7.173  -54.819  78.794 0.0000000000
38113  6.876  -56.343  80.081 0.0000000000
38114  6.423  -55.752  80.259 0.0000000000
39191  5.684  -54.600  81.125 0.0000000000
39178  5.246  -54.447  81.511 0.0000000000
41317  5.806  -52.408  81.810 0.0000000000
40207  5.497  -53.132  81.594 0.0000000000
39179  4.822  -54.249  81.679 0.0000000000
53437  28.734  -41.400  62.978 0.0000000000
53446  28.844  -41.972  62.160 0.0000000000
53454  29.405  -42.395  61.536 0.0000000000
51411  29.635  -43.983  61.360 0.0000000000
49221  30.166  -45.581  62.056 0.0000000000
48070  30.175  -46.411  62.788 0.0000000000
48091  28.256  -46.341  61.913 0.0000000000
46999  29.102  -47.216  63.095 0.0000000000
45897  30.286  -47.757  64.371 0.0000000000
48053  24.259  -46.263  64.157 0.0000000000
46986  24.891  -47.743  64.433 0.0000000000
45902  25.205  -48.429  64.878 0.0000000000
45885  24.496  -48.630  66.009 0.0000000000
45884  25.161  -48.912  65.677 0.0000000000
44796  26.262  -49.002  65.061 0.0000000000
69975  44.503  -25.396  51.494 0.0000000000
63018  32.691  -32.185  58.084 0.0000000000
61960  32.786  -33.113  57.253 0.0000000000
60852  33.763  -33.957  56.583 0.0000000000
59809  31.147  -35.122  61.446 0.0000000000
59821  31.208  -35.436  60.360 0.0000000000
59834  32.102  -35.830  59.021 0.0000000000
57759  33.110  -38.053  60.393 0.0000000000
58857  33.592  -37.056  59.029 0.0000000000
59851  32.837  -35.998  58.593 0.0000000000
59850  33.582  -35.642  58.088 0.0000000000
59865  34.979  -35.327  57.968 0.0000000000
60850  35.741  -34.244  56.794 0.0000000000
60821  36.885  -34.614  58.360 0.0000000000
52430  31.652  -42.033  64.429 0.0000000000
52421  31.998  -42.153  65.155 0.0000000000
53407  31.807  -40.935  65.855 0.0000000000
53388  33.269  -41.514  66.647 0.0000000000
54391  32.891  -40.500  66.472 0.0000000000
78015  54.820  -18.488  48.965 0.0000000000
72958  54.271  -21.480  49.620 0.0000000000
72980  54.044  -22.214  47.154 0.0000000000
73952  55.197  -21.353  47.473 0.0000000000
73947  55.351  -20.893  47.927 0.0000000000
74881  55.553  -20.288  48.041 0.0000000000
75872  56.520  -19.612  47.727 0.0000000000
53435  30.331  -41.089  63.194 0.0000000000
71921  44.007  -23.227  50.348 0.0000000000
72938  45.048  -22.608  50.196 0.0000000000
71920  44.931  -23.420  50.097 0.0000000000
70976  45.596  -23.492  49.892 0.0000000000
38097  4.906  -55.465  81.826 0.0000000000
61994  35.234  -33.230  55.405 0.0000000000
43622  14.078  -50.153  72.257 0.0000000000
43623  13.192  -50.348  72.840 0.0000000000
42586  13.345  -50.885  72.967 0.0000000000
44680  12.876  -49.828  72.986 0.0000000000
46916  18.997  -47.411  68.878 0.0000000000
47960  19.047  -45.959  68.666 0.0000000000
47976  19.505  -46.230  68.448 0.0000000000
46934  19.682  -46.998  68.507 0.0000000000
58788  28.421  -36.518  64.827 0.0000000000
57687  28.221  -37.314  64.785 0.0000000000
73905  48.929  -21.264  51.316 0.0000000000
73915  49.707  -21.373  50.432 0.0000000000
70972  48.668  -24.534  49.702 0.0000000000
70971  49.704  -24.646  49.397 0.0000000000
36996  8.299  -57.194  79.980 0.0000000000
71901  40.039  -23.793  52.881 0.0000000000
71909  40.508  -23.860  52.089 0.0000000000
68889  37.477  -26.650  53.340 0.0000000000
67871  34.651  -27.607  55.663 0.0000000000
66825  34.529  -28.324  55.427 0.0000000000
64047  38.292  -31.315  54.728 0.0000000000
64041  39.015  -31.446  55.144 0.0000000000
48051  31.196  -46.094  63.733 0.0000000000
46970  31.395  -47.296  64.749 0.0000000000
71889  41.279  -23.530  54.158 0.0000000000
44675  18.244  -49.966  71.620 0.0000000000
43618  17.872  -50.397  72.383 0.0000000000
40308  12.737  -53.489  75.669 0.0000000000
40307  13.535  -53.420  75.831 0.0000000000
40309  11.852  -53.584  75.497 0.0000000000
43570  11.032  -49.801  76.358 0.0000000000
41388  8.779  -52.705  76.526 0.0000000000
40299  8.618  -53.468  76.822 0.0000000000
39219  8.392  -54.893  77.637 0.0000000000
40221  6.555  -53.158  80.469 0.0000000000
40222  6.107  -53.647  80.847 0.0000000000
51393  27.916  -44.148  62.867 0.0000000000
50313  27.988  -44.179  63.104 0.0000000000
51402  27.847  -44.135  62.492 0.0000000000
51401  28.151  -43.619  62.081 0.0000000000
50332  27.823  -44.205  61.862 0.0000000000
50354  28.261  -44.612  61.466 0.0000000000
50355  27.623  -44.738  61.728 0.0000000000
45914  27.724  -47.946  63.513 0.0000000000
44794  28.091  -48.844  64.791 0.0000000000
44795  27.133  -48.996  64.888 0.0000000000
48010  22.915  -46.925  66.349 0.0000000000
68900  42.564  -26.407  52.577 0.0000000000
68899  43.472  -26.243  52.764 0.0000000000
68883  43.536  -26.472  53.647 0.0000000000
60798  32.356  -34.325  60.231 0.0000000000
60824  32.794  -35.302  58.435 0.0000000000
57730  30.981  -37.986  61.608 0.0000000000
57746  30.811  -37.685  61.223 0.0000000000
57745  31.417  -37.997  61.247 0.0000000000
57756  35.978  -36.795  60.685 0.0000000000
58855  35.494  -36.371  59.456 0.0000000000
58842  36.583  -36.330  60.581 0.0000000000
59819  37.213  -35.759  60.428 0.0000000000
74871  54.786  -20.551  49.962 0.0000000000
75860  54.895  -19.849  49.584 0.0000000000
49087  19.657  -44.598  70.229 0.0000000000
49088  18.442  -45.235  70.258 0.0000000000
70958  47.800  -24.735  50.322 0.0000000000
70959  47.018  -24.630  50.250 0.0000000000
69990  47.115  -24.937  50.996 0.0000000000
53427  30.600  -40.860  63.879 0.0000000000
54423  30.545  -40.576  64.282 0.0000000000
54413  30.721  -40.218  64.829 0.0000000000
73889  44.615  -21.721  52.353 0.0000000000
73919  45.632  -21.997  50.294 0.0000000000
73908  45.907  -21.490  51.048 0.0000000000
73918  46.576  -21.610  50.317 0.0000000000
73931  47.189  -21.912  49.618 0.0000000000
72952  46.680  -22.536  49.524 0.0000000000
70920  39.221  -23.978  55.419 0.0000000000
70921  38.307  -24.274  55.117 0.0000000000
70929  36.811  -25.314  54.127 0.0000000000
69924  37.055  -25.506  53.700 0.0000000000
69925  36.532  -25.802  54.009 0.0000000000
64929  34.107  -30.336  55.325 0.0000000000
64051  34.828  -31.648  54.708 0.0000000000
63077  36.846  -32.716  55.011 0.0000000000
63090  37.236  -31.979  54.590 0.0000000000
61991  38.050  -33.241  55.864 0.0000000000
63055  38.507  -33.016  55.837 0.0000000000
61958  37.969  -33.803  57.214 0.0000000000
60819  38.812  -34.193  58.496 0.0000000000
70925  39.872  -23.763  54.837 0.0000000000
42568  15.254  -51.442  72.960 0.0000000000
42547  15.691  -51.946  73.717 0.0000000000
41424  14.938  -52.466  74.243 0.0000000000
41443  14.563  -52.066  73.630 0.0000000000
41445  13.183  -52.113  73.804 0.0000000000
42549  12.035  -52.091  74.170 0.0000000000
42504  9.358  -50.907  78.630 0.0000000000
41321  7.910  -51.231  80.779 0.0000000000
50296  27.732  -44.662  63.522 0.0000000000
50315  26.931  -45.044  63.100 0.0000000000
49225  26.853  -45.578  62.469 0.0000000000
49208  26.414  -45.555  63.215 0.0000000000
48072  25.946  -46.214  63.050 0.0000000000
47002  26.009  -47.114  63.153 0.0000000000
47003  24.992  -47.278  63.934 0.0000000000
45858  23.200  -48.152  68.027 0.0000000000
59808  32.110  -34.556  61.116 0.0000000000
56601  33.620  -38.296  62.424 0.0000000000
56600  34.460  -38.163  62.947 0.0000000000
57713  36.308  -38.131  63.544 0.0000000000
56599  35.187  -38.153  63.106 0.0000000000
38099  3.902  -55.179  81.554 0.0000000000
67855  35.176  -27.500  57.619 0.0000000000
65819  33.728  -29.523  56.659 0.0000000000
65820  33.629  -29.909  57.454 0.0000000000
64021  32.961  -31.278  57.545 0.0000000000
64922  33.321  -30.467  56.839 0.0000000000
63057  33.251  -32.302  55.962 0.0000000000
45811  21.204  -48.734  69.856 0.0000000000
44706  20.874  -49.099  70.456 0.0000000000
45812  20.456  -48.749  69.871 0.0000000000
45814  18.842  -48.680  69.753 0.0000000000
44709  18.436  -49.066  70.283 0.0000000000
47949  17.488  -46.155  70.231 0.0000000000
47962  17.944  -46.638  69.568 0.0000000000
46900  16.845  -47.187  70.299 0.0000000000
44694  16.301  -49.547  71.280 0.0000000000
44678  14.099  -49.012  72.212 0.0000000000
50257  23.846  -44.452  66.355 0.0000000000
50244  22.276  -44.520  66.950 0.0000000000
50258  23.046  -44.490  66.131 0.0000000000
50259  22.397  -45.068  66.109 0.0000000000
49146  22.199  -45.678  66.270 0.0000000000
50260  22.024  -45.351  66.494 0.0000000000
47993  20.897  -46.262  67.812 0.0000000000
47992  21.497  -46.465  67.429 0.0000000000
46949  21.701  -47.119  67.795 0.0000000000
46913  21.121  -48.049  69.027 0.0000000000
59744  30.214  -35.367  65.286 0.0000000000
59763  29.643  -35.199  64.475 0.0000000000
57733  29.357  -37.026  62.644 0.0000000000
57715  29.659  -37.490  62.726 0.0000000000
56574  31.162  -38.472  64.014 0.0000000000
56575  30.159  -38.530  64.035 0.0000000000
56588  32.846  -38.327  63.367 0.0000000000
56539  33.072  -38.933  65.999 0.0000000000
56554  33.523  -38.663  65.313 0.0000000000
73886  47.251  -21.464  53.022 0.0000000000
72961  51.723  -22.173  48.511 0.0000000000
72964  48.481  -22.493  48.829 0.0000000000
73940  49.034  -22.038  48.864 0.0000000000
71936  50.618  -23.743  48.286 0.0000000000
71946  51.305  -23.517  47.998 0.0000000000
71923  42.571  -23.284  51.023 0.0000000000
70963  43.212  -23.916  50.677 0.0000000000
69978  41.484  -24.946  51.490 0.0000000000
68917  41.558  -25.736  51.828 0.0000000000
70945  38.866  -24.830  52.718 0.0000000000
69960  39.186  -25.304  52.426 0.0000000000
67906  39.738  -26.753  52.757 0.0000000000
68886  41.140  -26.804  52.924 0.0000000000
67894  41.224  -27.069  53.706 0.0000000000
66838  39.980  -28.302  54.393 0.0000000000
67870  40.843  -28.240  55.064 0.0000000000
68874  35.546  -26.847  54.539 0.0000000000
69909  35.726  -26.180  54.852 0.0000000000
68873  36.129  -26.778  54.004 0.0000000000
65849  35.458  -29.591  54.437 0.0000000000
65848  36.457  -29.534  54.137 0.0000000000
65847  37.475  -29.496  54.209 0.0000000000
66861  37.141  -28.035  53.706 0.0000000000
66839  39.276  -28.667  54.395 0.0000000000
50312  31.365  -44.354  62.885 0.0000000000
48027  32.070  -45.913  64.711 0.0000000000
49185  31.860  -45.112  64.080 0.0000000000
72888  43.657  -22.659  53.748 0.0000000000
72916  42.507  -22.757  51.843 0.0000000000
72926  42.542  -22.895  51.495 0.0000000000
44690  20.529  -49.523  71.045 0.0000000000
44672  21.084  -49.900  71.598 0.0000000000
44673  20.167  -49.855  71.741 0.0000000000
43600  17.469  -50.870  73.136 0.0000000000
45769  14.019  -47.779  73.580 0.0000000000
45736  12.876  -48.521  75.367 0.0000000000
44655  12.498  -48.833  75.095 0.0000000000
45754  12.501  -48.969  74.015 0.0000000000
44656  12.194  -49.214  74.433 0.0000000000
44666  12.150  -50.187  73.546 0.0000000000
44657  11.773  -49.938  73.950 0.0000000000
43586  10.857  -51.310  74.507 0.0000000000
42551  10.677  -51.827  74.669 0.0000000000
42520  9.827  -50.619  76.832 0.0000000000
42521  9.442  -51.235  76.277 0.0000000000
40312  9.601  -52.821  75.756 0.0000000000
40311  10.095  -53.127  75.595 0.0000000000
40296  11.395  -54.059  76.078 0.0000000000
39227  10.273  -55.048  77.192 0.0000000000
37038  9.242  -56.422  78.716 0.0000000000
37039  8.454  -56.356  78.744 0.0000000000
40258  7.058  -53.663  78.877 0.0000000000
39211  6.766  -54.998  79.407 0.0000000000
38122  7.054  -55.881  79.495 0.0000000000
38123  6.632  -55.329  79.735 0.0000000000
41316  6.238  -52.202  81.653 0.0000000000
41310  6.106  -51.792  81.922 0.0000000000
40195  5.554  -52.490  81.823 0.0000000000
40209  4.512  -53.085  81.464 0.0000000000
52457  28.540  -43.420  61.685 0.0000000000
52445  28.957  -42.284  61.731 0.0000000000
52455  29.873  -42.960  61.343 0.0000000000
49239  29.524  -45.388  61.569 0.0000000000
49238  29.858  -45.322  61.683 0.0000000000
48089  29.722  -46.285  62.299 0.0000000000
48092  27.252  -46.051  62.041 0.0000000000
48109  27.871  -45.780  61.679 0.0000000000
47017  27.652  -46.881  62.376 0.0000000000
45913  28.544  -47.743  63.561 0.0000000000
46985  29.615  -47.350  63.555 0.0000000000
45898  29.382  -47.848  64.106 0.0000000000
45883  29.935  -48.258  64.674 0.0000000000
44792  29.551  -48.400  64.693 0.0000000000
50298  23.697  -44.929  64.738 0.0000000000
49192  24.289  -45.334  64.358 0.0000000000
46987  24.212  -47.365  64.728 0.0000000000
45857  23.864  -48.597  67.772 0.0000000000
45871  24.376  -48.825  67.134 0.0000000000
44764  25.691  -49.534  66.677 0.0000000000
44781  25.206  -49.162  66.172 0.0000000000
44780  25.828  -49.249  65.771 0.0000000000
69993  44.390  -24.770  50.797 0.0000000000
63996  33.540  -31.598  59.646 0.0000000000
63003  32.947  -32.222  59.495 0.0000000000
60838  33.088  -34.063  57.336 0.0000000000
60837  34.092  -34.679  57.059 0.0000000000
59797  29.931  -35.382  62.738 0.0000000000
59796  30.917  -34.923  62.458 0.0000000000
59810  30.289  -35.552  61.752 0.0000000000
58844  31.013  -36.504  60.184 0.0000000000
59835  31.598  -36.160  59.540 0.0000000000
56614  33.607  -38.264  61.371 0.0000000000
56633  32.989  -38.259  60.996 0.0000000000
58876  33.137  -36.653  58.712 0.0000000000
58875  33.691  -36.450  58.597 0.0000000000
58874  34.529  -36.236  58.602 0.0000000000
59848  35.539  -35.507  58.511 0.0000000000
60836  35.282  -34.842  57.503 0.0000000000
60822  36.131  -34.908  58.139 0.0000000000
60835  36.476  -34.393  57.431 0.0000000000
59831  37.886  -34.814  59.651 0.0000000000
51390  31.895  -43.484  63.865 0.0000000000
52437  31.546  -42.509  63.498 0.0000000000
52436  31.922  -42.872  64.235 0.0000000000
52420  32.494  -42.614  65.620 0.0000000000
53417  32.127  -41.913  65.535 0.0000000000
53406  32.409  -41.556  66.036 0.0000000000
55426  33.211  -39.970  66.661 0.0000000000
76921  54.848  -19.123  49.454 0.0000000000
75866  56.124  -19.056  48.049 0.0000000000
72947  53.024  -21.752  49.917 0.0000000000
72959  53.719  -21.733  49.116 0.0000000000
72978  56.092  -21.939  46.438 0.0000000000
73946  55.670  -20.780  47.439 0.0000000000
74880  56.001  -20.480  47.407 0.0000000000
70960  46.168  -24.473  50.201 0.0000000000
54434  29.173  -40.635  63.348 0.0000000000
54433  29.719  -40.737  63.284 0.0000000000
53434  31.101  -41.515  63.675 0.0000000000
73910  44.341  -21.987  51.010 0.0000000000
73920  44.715  -22.124  50.647 0.0000000000
72937  45.503  -22.337  50.119 0.0000000000
72953  45.796  -22.460  49.909 0.0000000000
71931  46.111  -23.080  49.661 0.0000000000
70975  46.176  -23.785  49.784 0.0000000000
36978  5.762  -56.318  81.548 0.0000000000
70912  37.443  -24.501  55.895 0.0000000000
70913  36.636  -24.932  55.573 0.0000000000
63080  34.286  -32.185  55.168 0.0000000000
63079  34.986  -32.618  54.998 0.0000000000
63078  35.816  -32.792  54.901 0.0000000000
61959  37.193  -33.910  57.091 0.0000000000
43636  14.830  -49.862  71.862 0.0000000000
42584  14.515  -51.018  72.608 0.0000000000
42569  14.336  -51.621  73.146 0.0000000000
41336  8.843  -51.187  79.239 0.0000000000
45829  22.377  -48.570  69.301 0.0000000000
45828  23.030  -48.581  69.078 0.0000000000
44718  22.967  -48.852  69.559 0.0000000000
59795  31.990  -34.686  62.306 0.0000000000
56570  35.083  -38.509  64.573 0.0000000000
56586  34.761  -38.347  63.731 0.0000000000
65806  33.793  -29.913  57.864 0.0000000000
45832  20.123  -48.315  69.323 0.0000000000
45833  19.335  -48.210  69.275 0.0000000000
45834  18.628  -48.047  69.373 0.0000000000
49116  20.204  -45.462  68.304 0.0000000000
50233  20.727  -44.985  68.074 0.0000000000
46933  20.492  -47.274  68.498 0.0000000000
59746  28.832  -35.700  64.814 0.0000000000
58802  28.460  -36.714  64.241 0.0000000000
57717  28.722  -37.290  63.625 0.0000000000
55451  30.367  -39.254  64.769 0.0000000000
56556  31.554  -38.757  64.936 0.0000000000
73895  48.105  -21.325  52.200 0.0000000000
73914  50.678  -21.517  50.609 0.0000000000
73939  49.985  -21.964  48.718 0.0000000000
70985  50.186  -24.256  48.745 0.0000000000
71913  41.069  -23.788  51.789 0.0000000000
70952  40.633  -24.128  51.793 0.0000000000
69979  40.629  -24.768  51.700 0.0000000000
69940  38.200  -25.603  52.854 0.0000000000
68904  38.722  -25.751  52.641 0.0000000000
68887  39.054  -26.618  52.837 0.0000000000
67882  39.714  -27.892  53.863 0.0000000000
68849  35.363  -26.533  56.711 0.0000000000
64049  36.616  -31.282  54.370 0.0000000000
64936  37.968  -30.402  54.499 0.0000000000
49205  30.999  -45.383  62.878 0.0000000000
49204  31.551  -44.944  63.391 0.0000000000
48050  31.615  -45.827  64.135 0.0000000000
71882  41.263  -23.740  55.274 0.0000000000
71899  42.165  -22.995  53.386 0.0000000000
40283  13.536  -54.059  77.136 0.0000000000
39236  11.919  -54.538  76.806 0.0000000000
44645  11.888  -49.126  76.213 0.0000000000
44650  11.516  -49.746  74.794 0.0000000000
43574  10.866  -50.146  75.314 0.0000000000
41368  8.886  -51.858  76.860 0.0000000000
40298  9.404  -53.386  76.155 0.0000000000
39228  9.369  -54.737  77.080 0.0000000000
38147  8.890  -55.050  77.449 0.0000000000
39220  7.842  -54.883  78.030 0.0000000000
40238  7.186  -52.505  79.645 0.0000000000
40239  6.781  -53.241  79.754 0.0000000000
41318  4.975  -52.290  81.731 0.0000000000
51412  28.768  -43.926  61.338 0.0000000000
47001  27.152  -47.413  62.941 0.0000000000
44793  29.015  -48.603  64.712 0.0000000000
49169  22.939  -45.679  65.178 0.0000000000
48054  23.486  -46.358  64.840 0.0000000000
46971  24.068  -47.903  65.547 0.0000000000
44746  24.724  -49.255  67.715 0.0000000000
44745  25.503  -49.657  67.586 0.0000000000
69958  43.835  -25.859  51.993 0.0000000000
61904  33.217  -33.195  60.632 0.0000000000
61921  32.608  -33.272  59.488 0.0000000000
58834  30.104  -36.438  61.407 0.0000000000
57762  30.667  -37.339  60.915 0.0000000000
57761  31.194  -37.474  60.525 0.0000000000
57776  31.848  -37.618  60.160 0.0000000000
57743  35.175  -37.704  61.560 0.0000000000
57772  34.917  -36.944  59.646 0.0000000000
59833  36.136  -35.703  59.281 0.0000000000
59832  36.924  -35.489  59.768 0.0000000000
50273  32.412  -44.250  64.954 0.0000000000
51376  32.475  -43.520  65.238 0.0000000000
51375  32.816  -43.580  65.864 0.0000000000
52419  32.918  -42.975  66.160 0.0000000000
73950  56.627  -21.239  46.729 0.0000000000
74884  56.302  -20.757  46.995 0.0000000000
47977  19.021  -46.318  68.649 0.0000000000
47961  18.576  -46.366  69.006 0.0000000000
49104  18.484  -45.667  69.444 0.0000000000
49102  20.159  -44.634  69.201 0.0000000000
70957  48.282  -24.840  50.425 0.0000000000
73888  45.308  -21.616  52.756 0.0000000000
73897  46.127  -21.363  51.939 0.0000000000
72950  48.172  -22.247  48.988 0.0000000000
72965  48.142  -22.673  48.891 0.0000000000
71939  48.165  -22.973  48.867 0.0000000000
71928  48.255  -23.995  49.349 0.0000000000
35860  7.529  -57.209  80.732 0.0000000000
71891  39.618  -23.838  53.470 0.0000000000
71902  39.589  -23.907  53.149 0.0000000000
70936  38.125  -24.959  53.126 0.0000000000
69941  37.448  -25.694  53.312 0.0000000000
66826  34.083  -28.831  56.006 0.0000000000
66844  34.392  -29.019  55.320 0.0000000000
65850  34.609  -29.651  54.969 0.0000000000
64050  35.645  -31.406  54.415 0.0000000000
63089  37.840  -31.764  54.675 0.0000000000
61972  39.531  -33.168  56.767 0.0000000000
61940  39.513  -33.919  58.048 0.0000000000
45896  30.867  -47.684  64.665 0.0000000000
45881  31.227  -47.974  65.179 0.0000000000
43601  16.596  -50.949  72.792 0.0000000000
43602  15.881  -51.042  72.610 0.0000000000
41444  14.007  -52.111  73.691 0.0000000000
41327  7.122  -52.423  79.903 0.0000000000
41315  7.125  -51.764  81.325 0.0000000000
50314  27.502  -44.588  63.101 0.0000000000
49224  27.203  -45.224  61.946 0.0000000000
46960  23.239  -47.583  66.741 0.0000000000
46947  23.353  -48.025  67.426 0.0000000000
44730  24.034  -48.968  68.557 0.0000000000
44729  24.552  -49.328  68.456 0.0000000000
56616  32.140  -38.224  61.533 0.0000000000
57744  34.332  -38.099  61.793 0.0000000000
57728  34.919  -37.957  62.430 0.0000000000
57742  36.254  -37.099  61.423 0.0000000000
71953  53.459  -23.055  46.895 0.0000000000
68830  36.295  -26.301  58.382 0.0000000000
68839  35.495  -26.848  57.364 0.0000000000
67863  34.480  -27.984  57.136 0.0000000000
66797  34.526  -28.586  57.610 0.0000000000
64930  33.527  -30.863  55.809 0.0000000000
63081  33.740  -32.248  55.582 0.0000000000
61977  34.403  -33.517  55.911 0.0000000000
44692  18.717  -49.593  70.903 0.0000000000
45816  17.208  -47.945  70.122 0.0000000000
44695  15.255  -49.272  71.563 0.0000000000
44696  14.656  -49.272  71.847 0.0000000000
49168  24.587  -44.970  64.773 0.0000000000
49145  24.652  -44.781  65.698 0.0000000000
50277  23.024  -44.921  65.224 0.0000000000
49170  22.535  -45.683  65.748 0.0000000000
48033  22.430  -46.041  66.046 0.0000000000
49115  20.812  -45.184  67.880 0.0000000000
48012  21.618  -46.035  67.049 0.0000000000
46931  22.184  -47.866  68.425 0.0000000000
45846  22.067  -48.083  68.841 0.0000000000
45810  21.849  -48.804  69.750 0.0000000000
59781  29.858  -35.116  63.705 0.0000000000
59782  29.255  -35.424  63.899 0.0000000000
57732  29.727  -37.054  62.054 0.0000000000
57731  30.534  -37.762  61.970 0.0000000000
57701  28.841  -37.590  63.618 0.0000000000
56591  29.555  -37.884  63.358 0.0000000000
56604  30.779  -38.009  62.322 0.0000000000
72935  52.390  -21.714  50.750 0.0000000000
72948  52.051  -21.806  49.683 0.0000000000
72949  51.243  -21.688  49.957 0.0000000000
72974  51.211  -23.074  47.974 0.0000000000
71945  52.086  -23.461  47.654 0.0000000000
70949  42.967  -24.674  51.013 0.0000000000
68916  42.457  -25.919  51.862 0.0000000000
70934  39.635  -24.102  52.735 0.0000000000
67893  41.922  -26.912  53.854 0.0000000000
69908  36.073  -25.513  55.172 0.0000000000
69892  35.524  -26.042  55.734 0.0000000000
68890  36.779  -26.728  53.636 0.0000000000
67898  37.256  -27.379  53.558 0.0000000000
66862  36.609  -28.197  53.829 0.0000000000
66860  37.614  -27.827  53.632 0.0000000000
65845  39.293  -29.525  54.831 0.0000000000
65834  39.845  -29.531  55.189 0.0000000000
52444  30.578  -42.732  61.802 0.0000000000
51391  31.558  -43.450  63.070 0.0000000000
50293  32.095  -44.279  64.307 0.0000000000
72903  44.295  -22.128  53.153 0.0000000000
72914  43.887  -22.019  52.303 0.0000000000
72905  42.560  -22.665  52.545 0.0000000000
72915  43.107  -22.362  52.065 0.0000000000
72924  43.750  -22.147  51.482 0.0000000000
72940  43.266  -22.706  50.925 0.0000000000
43616  19.755  -50.246  72.447 0.0000000000
44664  12.897  -49.016  73.375 0.0000000000
45771  12.752  -48.850  73.766 0.0000000000
42572  11.625  -51.184  73.919 0.0000000000
41427  11.810  -52.488  74.489 0.0000000000
41407  11.412  -52.980  74.938 0.0000000000
43576  9.956  -51.407  75.307 0.0000000000
42533  9.649  -51.694  75.571 0.0000000000
42532  10.099  -51.835  75.098 0.0000000000
41408  10.560  -52.606  75.048 0.0000000000
38132  9.758  -55.990  78.198 0.0000000000
37017  8.799  -56.878  79.369 0.0000000000
40286  7.822  -54.236  77.840 0.0000000000
36997  7.447  -56.917  80.215 0.0000000000
38105  5.901  -55.597  81.024 0.0000000000
39180  4.384  -54.168  81.587 0.0000000000
58785  30.117  -35.834  65.804 0.0000000000
54435  28.635  -40.582  63.506 0.0000000000
53445  29.351  -41.754  62.014 0.0000000000
53453  29.938  -42.204  61.603 0.0000000000
51400  30.433  -43.710  61.729 0.0000000000
50331  30.298  -44.628  61.797 0.0000000000
49220  30.617  -45.027  62.227 0.0000000000
49206  30.546  -45.941  62.729 0.0000000000
46997  30.330  -46.806  63.426 0.0000000000
49241  27.813  -45.251  61.581 0.0000000000
49223  28.854  -46.140  61.831 0.0000000000
47016  28.459  -46.930  62.470 0.0000000000
48090  29.076  -46.539  62.287 0.0000000000
46998  29.841  -46.988  63.222 0.0000000000
46984  30.074  -47.325  63.771 0.0000000000
48052  24.729  -45.802  63.969 0.0000000000
48074  24.708  -46.682  63.912 0.0000000000
47004  24.506  -46.900  64.122 0.0000000000
45886  23.793  -47.978  66.150 0.0000000000
44779  26.859  -49.397  65.654 0.0000000000
69974  45.457  -25.347  51.660 0.0000000000
61978  33.329  -33.139  56.346 0.0000000000
60851  34.802  -34.221  56.610 0.0000000000
59822  30.581  -35.920  60.882 0.0000000000
56634  32.563  -38.260  61.199 0.0000000000
57775  32.420  -37.664  59.861 0.0000000000
57774  33.365  -37.636  59.664 0.0000000000
58858  32.489  -36.909  59.031 0.0000000000
59849  34.710  -35.728  58.172 0.0000000000
59866  34.360  -35.250  57.659 0.0000000000
60834  37.415  -34.197  57.788 0.0000000000
60820  37.810  -34.428  58.664 0.0000000000
53418  31.614  -41.289  65.272 0.0000000000
54403  32.105  -40.509  66.147 0.0000000000
52407  33.268  -42.653  66.609 0.0000000000
53405  32.986  -42.000  66.355 0.0000000000
53389  32.646  -40.985  66.329 0.0000000000
55439  33.362  -39.423  66.484 0.0000000000
75873  55.873  -19.970  47.829 0.0000000000
35870  8.534  -57.397  80.452 0.0000000000
43603  13.107  -50.821  73.056 0.0000000000
43624  12.743  -50.094  73.076 0.0000000000
44747  24.302  -49.026  68.023 0.0000000000
45917  25.191  -47.862  64.278 0.0000000000
48071  29.607  -46.704  62.731 0.0000000000
49147  21.806  -45.674  66.787 0.0000000000
50352  29.810  -44.959  61.527 0.0000000000
56592  29.089  -37.733  63.496 0.0000000000
56632  33.483  -38.181  60.830 0.0000000000
58801  28.608  -36.045  64.530 0.0000000000
58814  28.622  -36.946  63.715 0.0000000000
59764  28.978  -35.557  64.401 0.0000000000
60853  33.200  -33.598  56.847 0.0000000000
63093  34.824  -32.187  54.804 0.0000000000
64043  33.599  -31.720  55.600 0.0000000000
64909  33.912  -29.927  58.138 0.0000000000
64927  39.874  -30.457  55.418 0.0000000000
67854  35.633  -27.018  57.664 0.0000000000
67907  39.323  -26.687  52.804 0.0000000000
68838  35.796  -26.361  57.446 0.0000000000
69961  38.569  -25.228  52.708 0.0000000000
70937  37.576  -25.229  53.399 0.0000000000
70964  42.592  -23.544  50.913 0.0000000000
71911  42.690  -22.983  51.143 0.0000000000
71914  40.717  -23.900  51.854 0.0000000000
72954  45.463  -22.665  50.006 0.0000000000
73921  44.329  -22.181  50.791 0.0000000000
73933  45.905  -22.130  49.979 0.0000000000
73941  48.613  -22.080  48.926 0.0000000000
74885  56.035  -20.738  47.104 0.0000000000
