#!ascii label  , from subject sub-MOT05 vox2ras=TkReg
1768
65875  44.471  -29.369  52.928 0.0000000000
46940  37.988  -48.267  67.653 0.0000000000
37181  27.264  -56.043  67.858 0.0000000000
39268  21.737  -54.123  73.706 0.0000000000
37159  36.384  -55.238  70.907 0.0000000000
42690  31.351  -51.524  62.100 0.0000000000
60925  47.488  -34.735  50.817 0.0000000000
66934  51.588  -28.771  48.777 0.0000000000
57705  49.240  -36.936  63.211 0.0000000000
55477  39.122  -39.893  62.221 0.0000000000
49288  31.513  -45.184  57.881 0.0000000000
35932  28.826  -56.598  72.716 0.0000000000
40367  25.042  -53.784  70.803 0.0000000000
37082  26.085  -56.186  75.693 0.0000000000
37175  31.341  -55.595  69.860 0.0000000000
61838  52.453  -33.325  63.674 0.0000000000
45758  40.567  -48.327  72.710 0.0000000000
50201  41.957  -44.731  71.057 0.0000000000
54387  43.187  -40.492  67.455 0.0000000000
51373  38.194  -43.030  65.802 0.0000000000
53463  34.778  -41.714  60.647 0.0000000000
48067  34.863  -46.689  63.400 0.0000000000
42734  24.744  -51.712  60.768 0.0000000000
44864  26.652  -49.225  57.992 0.0000000000
66885  48.173  -27.940  51.677 0.0000000000
68961  46.136  -26.670  46.190 0.0000000000
38307  25.037  -54.080  63.777 0.0000000000
41568  22.611  -52.421  64.496 0.0000000000
41518  38.648  -52.288  68.475 0.0000000000
43721  35.842  -50.814  63.894 0.0000000000
40417  33.893  -53.496  66.248 0.0000000000
40435  28.715  -53.839  65.415 0.0000000000
63107  46.206  -32.308  52.487 0.0000000000
36983  23.801  -56.190  80.615 0.0000000000
37030  19.519  -56.036  78.289 0.0000000000
66771  52.131  -28.567  58.064 0.0000000000
65777  48.043  -29.419  59.200 0.0000000000
61915  48.878  -33.761  59.112 0.0000000000
59876  48.946  -34.876  57.024 0.0000000000
57826  44.265  -37.048  56.984 0.0000000000
55416  47.968  -38.835  68.734 0.0000000000
56582  44.388  -38.467  63.310 0.0000000000
57809  40.159  -37.748  56.912 0.0000000000
57835  35.346  -38.063  56.769 0.0000000000
44858  32.450  -49.123  58.796 0.0000000000
35890  29.332  -56.361  75.441 0.0000000000
37080  27.782  -56.544  75.201 0.0000000000
37044  28.476  -56.225  76.932 0.0000000000
35929  30.914  -56.376  73.032 0.0000000000
45819  40.469  -48.304  70.358 0.0000000000
49107  39.957  -45.855  69.682 0.0000000000
51340  40.342  -43.524  69.080 0.0000000000
49138  38.152  -45.541  67.539 0.0000000000
50271  36.346  -44.919  64.682 0.0000000000
48025  36.514  -46.850  65.621 0.0000000000
40525  23.076  -53.397  59.721 0.0000000000
41668  24.153  -52.476  58.029 0.0000000000
66887  45.902  -28.409  52.011 0.0000000000
66940  45.278  -28.590  48.588 0.0000000000
65928  42.545  -29.860  48.481 0.0000000000
38293  25.967  -54.961  65.449 0.0000000000
39378  24.138  -53.610  64.084 0.0000000000
39360  25.608  -54.672  66.706 0.0000000000
40338  23.460  -53.755  72.378 0.0000000000
41484  22.749  -52.729  70.072 0.0000000000
40353  20.984  -53.146  71.284 0.0000000000
40330  19.927  -53.748  72.526 0.0000000000
40345  39.397  -52.997  71.954 0.0000000000
39317  38.059  -54.147  70.343 0.0000000000
40403  37.050  -53.076  67.336 0.0000000000
38257  35.266  -54.753  69.303 0.0000000000
37178  29.024  -56.385  68.987 0.0000000000
38282  29.421  -55.144  67.319 0.0000000000
38285  27.521  -55.364  66.424 0.0000000000
39375  26.773  -54.294  64.454 0.0000000000
63114  47.685  -33.497  51.125 0.0000000000
60944  46.437  -34.446  48.202 0.0000000000
58994  47.500  -35.979  47.968 0.0000000000
36989  18.301  -56.636  79.999 0.0000000000
63975  47.242  -31.618  60.266 0.0000000000
63957  49.740  -31.364  62.422 0.0000000000
59768  51.879  -35.613  63.667 0.0000000000
59812  51.238  -34.937  60.491 0.0000000000
58851  49.058  -35.958  59.608 0.0000000000
59864  46.523  -35.634  57.438 0.0000000000
57769  47.270  -36.894  59.779 0.0000000000
54420  41.406  -39.846  64.476 0.0000000000
55447  43.904  -39.410  65.543 0.0000000000
55473  42.255  -39.204  62.800 0.0000000000
56644  42.270  -38.390  59.324 0.0000000000
56629  39.863  -38.794  60.631 0.0000000000
57812  37.516  -37.671  57.319 0.0000000000
56649  37.045  -38.863  59.183 0.0000000000
54477  32.790  -41.204  58.324 0.0000000000
41601  33.928  -51.585  62.656 0.0000000000
43740  34.023  -50.183  61.365 0.0000000000
43742  31.735  -50.740  60.675 0.0000000000
45996  26.884  -48.646  55.693 0.0000000000
68971  53.155  -26.523  45.496 0.0000000000
67950  51.622  -27.620  46.461 0.0000000000
37155  27.879  -56.592  70.031 0.0000000000
39318  26.307  -55.069  69.367 0.0000000000
38210  26.746  -55.596  72.354 0.0000000000
38196  25.761  -55.402  73.848 0.0000000000
38183  23.712  -54.995  75.125 0.0000000000
37125  34.158  -55.678  71.896 0.0000000000
37162  33.909  -55.539  70.516 0.0000000000
35954  32.326  -56.208  71.973 0.0000000000
35967  29.644  -56.517  70.919 0.0000000000
64831  51.788  -30.495  64.326 0.0000000000
57677  51.106  -36.470  66.308 0.0000000000
52369  42.254  -42.698  69.759 0.0000000000
53403  40.155  -41.782  66.756 0.0000000000
53431  38.329  -41.231  63.927 0.0000000000
54445  37.230  -40.482  61.428 0.0000000000
52435  36.763  -42.498  63.660 0.0000000000
51398  34.749  -43.980  62.087 0.0000000000
49237  33.158  -45.629  60.417 0.0000000000
42715  27.459  -51.552  61.729 0.0000000000
43761  29.276  -50.500  60.504 0.0000000000
43783  26.128  -50.076  59.579 0.0000000000
66918  50.041  -28.409  49.608 0.0000000000
66969  48.786  -28.179  46.994 0.0000000000
66955  47.085  -28.458  47.730 0.0000000000
40408  24.152  -53.055  68.519 0.0000000000
42599  40.130  -51.036  71.200 0.0000000000
43666  38.679  -50.610  68.158 0.0000000000
44756  37.039  -49.340  66.205 0.0000000000
42656  37.352  -51.456  66.084 0.0000000000
40429  35.312  -52.617  65.084 0.0000000000
41563  33.255  -52.327  64.083 0.0000000000
38268  32.870  -54.481  68.294 0.0000000000
40419  31.734  -53.683  66.425 0.0000000000
41583  29.457  -52.404  63.709 0.0000000000
41585  27.647  -52.872  63.389 0.0000000000
40498  25.034  -53.162  62.392 0.0000000000
64054  44.057  -31.233  53.685 0.0000000000
64074  41.992  -31.629  49.619 0.0000000000
62031  44.251  -33.348  49.452 0.0000000000
37024  25.570  -56.187  78.803 0.0000000000
38155  22.804  -55.266  76.760 0.0000000000
37007  21.413  -56.139  79.368 0.0000000000
38157  20.916  -55.105  76.237 0.0000000000
66853  51.768  -28.557  53.257 0.0000000000
66832  50.671  -28.399  54.416 0.0000000000
66818  48.554  -28.670  55.779 0.0000000000
65813  46.980  -29.332  56.637 0.0000000000
64018  45.289  -31.514  57.383 0.0000000000
63048  47.033  -32.759  55.770 0.0000000000
63068  49.001  -33.239  54.722 0.0000000000
61873  50.336  -33.498  61.751 0.0000000000
60844  50.254  -33.958  57.220 0.0000000000
60880  47.494  -34.337  54.018 0.0000000000
60882  45.274  -34.474  54.397 0.0000000000
60884  43.157  -35.159  54.729 0.0000000000
57679  49.273  -37.425  65.536 0.0000000000
54385  45.587  -39.847  67.931 0.0000000000
56545  46.349  -38.378  65.688 0.0000000000
57707  46.956  -37.386  63.539 0.0000000000
56624  45.146  -38.101  60.178 0.0000000000
56686  42.666  -38.389  57.348 0.0000000000
55505  35.225  -39.834  59.356 0.0000000000
45912  35.479  -49.021  63.797 0.0000000000
47042  33.686  -48.127  60.677 0.0000000000
47067  32.239  -47.423  58.064 0.0000000000
44861  29.834  -49.277  58.277 0.0000000000
45978  29.970  -48.281  57.058 0.0000000000
35882  28.955  -56.333  76.240 0.0000000000
38138  28.660  -55.539  77.037 0.0000000000
46921  39.076  -48.199  68.955 0.0000000000
46904  40.137  -47.645  69.956 0.0000000000
47966  38.949  -47.179  68.854 0.0000000000
49108  39.347  -45.969  68.986 0.0000000000
49121  38.010  -46.362  67.616 0.0000000000
48024  36.976  -46.596  66.270 0.0000000000
48000  37.246  -47.193  66.641 0.0000000000
66888  44.937  -28.756  52.301 0.0000000000
66906  44.166  -28.767  50.553 0.0000000000
65888  44.143  -29.053  51.646 0.0000000000
37194  26.729  -55.582  66.966 0.0000000000
38286  25.828  -55.035  66.177 0.0000000000
38275  26.230  -55.205  67.267 0.0000000000
39267  22.775  -54.130  73.463 0.0000000000
40339  22.455  -53.626  72.531 0.0000000000
40328  21.516  -53.791  73.004 0.0000000000
40341  20.373  -53.476  71.975 0.0000000000
39269  20.837  -54.074  73.547 0.0000000000
37123  36.107  -55.442  72.187 0.0000000000
37148  37.168  -55.068  71.504 0.0000000000
39309  38.205  -54.318  71.119 0.0000000000
38233  37.351  -54.798  70.879 0.0000000000
38255  36.929  -54.306  69.522 0.0000000000
38243  35.606  -55.171  70.006 0.0000000000
37180  27.823  -56.387  68.369 0.0000000000
38273  28.176  -55.861  67.484 0.0000000000
37192  27.634  -55.989  67.611 0.0000000000
37208  27.037  -55.408  66.216 0.0000000000
60923  48.091  -34.436  50.324 0.0000000000
60936  47.922  -34.658  49.086 0.0000000000
59966  47.986  -35.031  49.543 0.0000000000
66708  50.715  -28.483  63.006 0.0000000000
64854  49.370  -30.490  62.031 0.0000000000
64846  51.059  -30.113  63.299 0.0000000000
58806  50.724  -36.434  63.668 0.0000000000
58827  50.294  -36.134  61.368 0.0000000000
58828  49.265  -36.568  61.316 0.0000000000
58852  47.858  -36.574  59.728 0.0000000000
57737  48.238  -36.909  61.265 0.0000000000
54430  40.366  -39.970  63.525 0.0000000000
55468  41.693  -39.491  63.492 0.0000000000
55475  40.532  -39.557  62.634 0.0000000000
56612  40.871  -38.950  61.407 0.0000000000
55489  39.773  -39.186  61.315 0.0000000000
56630  38.754  -38.986  60.275 0.0000000000
55491  38.263  -39.447  60.727 0.0000000000
41602  33.012  -51.675  62.670 0.0000000000
42710  32.677  -51.014  61.301 0.0000000000
42711  31.745  -51.110  61.301 0.0000000000
66965  53.007  -28.256  47.233 0.0000000000
66966  51.935  -28.169  47.162 0.0000000000
35959  28.651  -56.610  71.211 0.0000000000
37144  27.413  -56.120  70.616 0.0000000000
37129  28.214  -56.496  72.092 0.0000000000
37081  26.987  -56.415  75.453 0.0000000000
38180  26.344  -55.804  74.271 0.0000000000
38181  25.641  -55.664  74.825 0.0000000000
39253  24.564  -55.016  74.318 0.0000000000
38166  25.183  -55.774  75.848 0.0000000000
35926  33.227  -55.686  72.499 0.0000000000
35953  33.023  -55.992  71.943 0.0000000000
35943  32.503  -56.100  72.349 0.0000000000
35931  29.470  -56.602  72.979 0.0000000000
35946  30.038  -56.601  72.315 0.0000000000
35947  29.388  -56.636  72.138 0.0000000000
35968  29.025  -56.639  70.665 0.0000000000
49065  41.984  -45.622  71.951 0.0000000000
50193  42.425  -44.794  72.276 0.0000000000
51322  42.899  -43.560  71.514 0.0000000000
52362  43.420  -42.713  70.983 0.0000000000
51331  42.378  -43.317  70.401 0.0000000000
51362  39.025  -43.128  67.031 0.0000000000
52389  40.141  -42.602  67.766 0.0000000000
52405  39.529  -42.451  66.780 0.0000000000
53415  39.575  -41.745  65.907 0.0000000000
52426  38.433  -42.308  65.210 0.0000000000
53432  37.498  -41.664  63.606 0.0000000000
52428  37.097  -42.826  64.319 0.0000000000
49184  35.280  -45.686  63.739 0.0000000000
50310  35.335  -44.376  63.059 0.0000000000
49202  34.771  -45.525  62.894 0.0000000000
50350  33.958  -44.686  61.443 0.0000000000
49219  34.155  -45.633  62.034 0.0000000000
42716  26.328  -51.730  61.546 0.0000000000
42731  27.212  -51.002  60.988 0.0000000000
43765  25.237  -51.136  60.494 0.0000000000
66901  49.603  -28.165  50.551 0.0000000000
66937  48.522  -28.458  48.674 0.0000000000
66920  47.957  -28.228  49.633 0.0000000000
66957  45.047  -28.602  47.530 0.0000000000
39419  23.215  -53.910  61.378 0.0000000000
39403  23.309  -53.807  62.387 0.0000000000
39311  26.039  -54.645  70.153 0.0000000000
40395  25.389  -54.074  68.530 0.0000000000
40396  24.715  -53.488  68.939 0.0000000000
41506  21.818  -52.398  69.127 0.0000000000
41524  22.604  -52.337  68.437 0.0000000000
40383  39.167  -53.018  70.061 0.0000000000
41459  39.803  -51.674  71.635 0.0000000000
41497  39.735  -52.020  70.434 0.0000000000
43649  39.663  -50.155  69.387 0.0000000000
42631  39.088  -51.376  68.659 0.0000000000
43681  38.147  -50.688  67.267 0.0000000000
41531  38.086  -52.268  67.632 0.0000000000
40405  35.376  -53.729  67.031 0.0000000000
40415  36.235  -52.871  66.053 0.0000000000
40430  34.373  -53.023  65.325 0.0000000000
40443  34.592  -52.528  64.369 0.0000000000
40431  33.367  -53.137  65.496 0.0000000000
37163  32.887  -55.620  70.429 0.0000000000
38245  33.559  -55.250  69.823 0.0000000000
38260  31.630  -55.307  69.236 0.0000000000
39366  29.559  -54.374  66.480 0.0000000000
39356  31.191  -54.271  67.079 0.0000000000
40434  29.855  -53.757  65.874 0.0000000000
40447  30.524  -53.033  65.070 0.0000000000
40448  29.366  -53.243  64.974 0.0000000000
41584  28.416  -52.756  63.714 0.0000000000
40449  28.129  -53.562  64.611 0.0000000000
38306  25.452  -54.278  64.054 0.0000000000
40465  25.699  -53.801  63.438 0.0000000000
39402  24.228  -53.607  62.499 0.0000000000
64059  44.731  -31.856  53.151 0.0000000000
63125  44.143  -32.405  51.007 0.0000000000
63130  44.580  -33.024  50.210 0.0000000000
60959  45.765  -34.845  47.567 0.0000000000
37004  24.331  -56.108  79.819 0.0000000000
37049  23.997  -55.976  78.201 0.0000000000
37026  23.784  -56.033  78.976 0.0000000000
37008  20.339  -56.271  79.320 0.0000000000
37029  20.637  -55.927  78.341 0.0000000000
37052  20.933  -55.544  77.581 0.0000000000
38158  19.893  -55.183  76.147 0.0000000000
38172  19.328  -54.921  75.153 0.0000000000
38159  18.948  -55.220  75.857 0.0000000000
65873  53.386  -29.072  52.540 0.0000000000
66800  52.439  -28.826  56.102 0.0000000000
66801  51.502  -28.663  56.262 0.0000000000
66834  48.639  -28.430  54.743 0.0000000000
66802  50.476  -28.608  56.391 0.0000000000
66775  48.622  -28.842  58.852 0.0000000000
66792  48.510  -28.961  57.823 0.0000000000
65799  47.129  -29.624  57.736 0.0000000000
65815  45.766  -30.350  57.244 0.0000000000
64887  46.821  -30.415  58.846 0.0000000000
62976  47.485  -33.034  60.157 0.0000000000
62995  46.604  -32.822  59.112 0.0000000000
61934  47.824  -33.399  58.078 0.0000000000
63047  48.209  -32.732  55.904 0.0000000000
63028  49.033  -32.901  56.450 0.0000000000
62938  52.163  -32.020  63.828 0.0000000000
62948  51.624  -32.386  63.313 0.0000000000
61852  51.994  -33.459  62.680 0.0000000000
59860  50.088  -35.250  58.062 0.0000000000
60815  50.466  -34.460  58.890 0.0000000000
60831  50.013  -34.447  57.497 0.0000000000
60862  49.160  -34.075  55.005 0.0000000000
60863  48.214  -34.401  54.962 0.0000000000
60881  46.397  -34.458  54.184 0.0000000000
60847  47.705  -34.720  55.939 0.0000000000
58899  45.318  -35.999  57.109 0.0000000000
59892  45.150  -35.202  56.198 0.0000000000
59894  43.660  -35.890  55.819 0.0000000000
58915  43.360  -36.722  55.833 0.0000000000
56526  48.389  -38.200  67.015 0.0000000000
53370  43.914  -40.881  68.678 0.0000000000
54356  45.058  -40.593  69.277 0.0000000000
54386  44.439  -40.001  67.350 0.0000000000
56566  43.902  -38.829  63.811 0.0000000000
56547  44.915  -38.750  65.066 0.0000000000
56564  45.368  -38.409  64.611 0.0000000000
57694  46.694  -37.691  64.459 0.0000000000
57724  45.686  -37.750  62.836 0.0000000000
56607  45.628  -37.802  61.079 0.0000000000
56608  44.733  -38.162  61.394 0.0000000000
56666  41.505  -38.153  58.429 0.0000000000
56665  42.507  -38.373  58.337 0.0000000000
56687  41.688  -38.191  57.446 0.0000000000
56730  40.943  -38.217  55.675 0.0000000000
56731  39.947  -38.082  55.635 0.0000000000
57853  39.489  -37.843  55.674 0.0000000000
57833  36.606  -37.645  56.775 0.0000000000
57856  36.856  -37.445  55.718 0.0000000000
53461  36.081  -41.058  61.164 0.0000000000
54452  36.085  -40.410  60.505 0.0000000000
54453  35.069  -40.925  60.284 0.0000000000
55549  32.849  -39.992  57.171 0.0000000000
43708  36.609  -50.692  65.146 0.0000000000
44791  35.807  -49.486  64.228 0.0000000000
44806  35.721  -50.063  63.857 0.0000000000
43775  33.216  -49.825  60.105 0.0000000000
44827  34.087  -49.479  61.146 0.0000000000
44857  32.922  -49.110  59.204 0.0000000000
47043  33.411  -47.663  60.039 0.0000000000
45965  32.257  -48.460  58.184 0.0000000000
44845  26.979  -49.439  58.958 0.0000000000
43780  29.767  -50.106  59.692 0.0000000000
44863  27.684  -49.110  58.229 0.0000000000
45994  28.567  -47.860  56.334 0.0000000000
47091  29.790  -47.023  55.887 0.0000000000
67954  47.440  -27.489  46.539 0.0000000000
68958  49.161  -26.862  46.202 0.0000000000
64084  41.366  -31.786  47.405 0.0000000000
35900  29.143  -56.510  74.773 0.0000000000
37109  28.130  -56.436  73.366 0.0000000000
35901  28.488  -56.541  74.991 0.0000000000
35884  27.996  -56.574  76.387 0.0000000000
37045  27.699  -56.416  76.986 0.0000000000
35899  29.761  -56.408  74.582 0.0000000000
44682  40.897  -48.449  71.453 0.0000000000
45757  41.092  -47.606  72.425 0.0000000000
45801  40.966  -47.881  71.157 0.0000000000
47940  41.018  -46.915  71.060 0.0000000000
49093  41.076  -45.556  70.610 0.0000000000
51333  40.835  -43.883  69.713 0.0000000000
50225  39.735  -44.745  69.147 0.0000000000
50237  38.674  -44.711  67.879 0.0000000000
50253  38.110  -44.718  67.038 0.0000000000
51364  37.586  -44.008  65.909 0.0000000000
50254  37.523  -44.717  66.286 0.0000000000
49159  36.427  -45.740  65.157 0.0000000000
48049  35.381  -46.777  64.098 0.0000000000
41638  23.824  -52.478  60.425 0.0000000000
42747  24.065  -51.785  59.843 0.0000000000
40538  23.172  -53.410  58.839 0.0000000000
66886  47.053  -28.110  51.818 0.0000000000
66921  46.840  -28.227  49.669 0.0000000000
66904  46.260  -28.178  50.800 0.0000000000
66923  44.366  -28.669  49.690 0.0000000000
38300  25.654  -54.546  64.639 0.0000000000
39377  24.595  -53.984  64.182 0.0000000000
38294  25.296  -54.475  64.816 0.0000000000
39370  24.893  -54.240  65.037 0.0000000000
40422  24.615  -53.339  66.486 0.0000000000
40350  24.307  -53.784  71.808 0.0000000000
40368  23.951  -53.392  70.835 0.0000000000
40351  23.228  -53.388  71.629 0.0000000000
40370  22.294  -52.821  70.549 0.0000000000
40355  19.005  -53.351  71.031 0.0000000000
39316  38.706  -53.664  70.655 0.0000000000
40392  38.640  -53.056  69.244 0.0000000000
40393  37.908  -53.125  68.309 0.0000000000
39326  37.319  -53.799  68.870 0.0000000000
39337  36.299  -53.745  67.963 0.0000000000
39339  34.578  -54.160  67.792 0.0000000000
37177  29.754  -56.031  69.353 0.0000000000
38261  30.421  -55.544  68.938 0.0000000000
37189  29.402  -55.999  68.715 0.0000000000
38283  28.968  -55.413  67.356 0.0000000000
39359  28.350  -54.883  66.328 0.0000000000
39374  27.487  -54.167  64.829 0.0000000000
38291  27.277  -54.988  65.763 0.0000000000
38299  26.266  -54.716  64.863 0.0000000000
63115  47.223  -33.079  51.397 0.0000000000
62023  46.264  -33.257  50.141 0.0000000000
62028  47.396  -33.706  49.502 0.0000000000
60957  47.265  -35.256  47.912 0.0000000000
35862  19.514  -56.725  80.533 0.0000000000
37031  18.478  -56.189  78.299 0.0000000000
37054  18.601  -55.907  77.290 0.0000000000
37055  17.551  -56.085  77.356 0.0000000000
66726  49.018  -29.062  61.096 0.0000000000
64865  47.550  -30.662  60.185 0.0000000000
64855  48.600  -30.583  61.341 0.0000000000
63965  48.809  -31.530  61.813 0.0000000000
61875  48.580  -33.403  60.955 0.0000000000
59767  52.360  -34.981  63.307 0.0000000000
60776  52.154  -34.190  62.190 0.0000000000
59801  51.596  -35.021  61.496 0.0000000000
59828  50.189  -35.544  59.773 0.0000000000
59844  48.824  -35.491  58.403 0.0000000000
59878  47.042  -35.178  56.783 0.0000000000
59845  47.983  -35.653  58.312 0.0000000000
58871  46.994  -36.321  58.703 0.0000000000
57790  45.550  -37.291  58.555 0.0000000000
54401  42.305  -40.491  66.650 0.0000000000
54400  43.528  -39.855  66.386 0.0000000000
54410  42.511  -39.858  65.422 0.0000000000
55467  42.532  -39.325  63.619 0.0000000000
56596  42.997  -38.800  62.223 0.0000000000
56609  43.584  -38.508  61.260 0.0000000000
56610  42.532  -38.621  61.160 0.0000000000
56628  40.972  -38.551  60.393 0.0000000000
56667  40.392  -37.889  58.490 0.0000000000
57810  39.428  -37.577  57.100 0.0000000000
57794  38.901  -37.760  58.179 0.0000000000
56670  37.252  -38.439  58.571 0.0000000000
56671  36.345  -38.883  58.660 0.0000000000
52467  33.907  -42.613  60.278 0.0000000000
54465  33.752  -41.192  59.273 0.0000000000
53475  33.300  -42.060  59.357 0.0000000000
53499  31.747  -41.877  57.555 0.0000000000
53529  31.599  -41.590  55.367 0.0000000000
41600  34.630  -51.628  63.014 0.0000000000
43729  34.978  -50.601  62.657 0.0000000000
42687  33.774  -51.075  61.959 0.0000000000
42728  33.148  -50.416  60.666 0.0000000000
43777  32.537  -50.020  59.695 0.0000000000
44880  26.386  -49.215  56.925 0.0000000000
43856  26.785  -50.510  55.349 0.0000000000
67948  53.740  -27.746  46.611 0.0000000000
67965  52.395  -27.107  45.899 0.0000000000
68973  51.028  -26.247  45.620 0.0000000000
37167  27.797  -56.574  69.172 0.0000000000
38263  26.742  -55.764  68.083 0.0000000000
37156  27.311  -56.167  69.607 0.0000000000
38235  26.735  -55.515  70.206 0.0000000000
38226  26.167  -55.040  71.912 0.0000000000
37110  27.429  -56.104  72.870 0.0000000000
38211  25.839  -55.082  72.870 0.0000000000
39277  25.573  -54.716  72.270 0.0000000000
39278  24.745  -54.401  72.685 0.0000000000
39266  23.846  -54.412  73.619 0.0000000000
39255  23.229  -54.573  74.390 0.0000000000
37140  35.153  -55.555  71.668 0.0000000000
37161  34.895  -55.473  70.582 0.0000000000
37141  34.343  -55.645  71.627 0.0000000000
37153  33.155  -55.851  71.097 0.0000000000
35975  31.703  -56.038  70.940 0.0000000000
35944  31.732  -56.273  72.518 0.0000000000
35965  31.210  -56.256  71.328 0.0000000000
35977  30.118  -56.244  70.464 0.0000000000
35978  29.377  -56.512  70.261 0.0000000000
35980  28.303  -56.717  69.604 0.0000000000
59935  46.549  -34.932  50.901 0.0000000000
59968  46.348  -35.639  49.591 0.0000000000
59969  45.244  -35.663  49.566 0.0000000000
64832  51.539  -29.941  63.905 0.0000000000
61807  52.326  -33.289  65.434 0.0000000000
59749  52.310  -35.204  64.493 0.0000000000
58791  51.712  -35.911  64.814 0.0000000000
58792  51.099  -36.464  64.467 0.0000000000
52367  43.855  -41.979  70.533 0.0000000000
53371  42.939  -41.208  68.544 0.0000000000
52370  41.602  -42.812  69.476 0.0000000000
53372  41.658  -41.713  68.328 0.0000000000
53385  41.972  -41.002  67.481 0.0000000000
53413  40.954  -40.910  66.167 0.0000000000
54421  40.149  -40.574  64.804 0.0000000000
54431  39.169  -40.627  63.742 0.0000000000
54444  38.011  -40.158  61.692 0.0000000000
53440  37.958  -41.007  63.266 0.0000000000
53442  36.677  -41.575  62.456 0.0000000000
52453  35.420  -42.396  61.847 0.0000000000
51383  36.511  -43.433  64.119 0.0000000000
51397  35.280  -43.421  62.418 0.0000000000
51408  34.976  -42.944  61.765 0.0000000000
51410  33.839  -44.136  61.009 0.0000000000
50375  32.987  -44.684  60.216 0.0000000000
49271  32.325  -45.480  59.045 0.0000000000
42713  29.635  -51.269  61.729 0.0000000000
43744  29.976  -50.863  61.037 0.0000000000
43745  28.959  -50.982  61.213 0.0000000000
43782  27.431  -49.942  59.864 0.0000000000
44846  26.112  -49.657  58.585 0.0000000000
43784  24.844  -50.871  59.666 0.0000000000
43814  24.765  -51.065  57.884 0.0000000000
66917  51.027  -28.616  49.634 0.0000000000
66952  50.182  -28.452  47.837 0.0000000000
66936  49.557  -28.515  48.693 0.0000000000
66954  48.116  -28.472  47.755 0.0000000000
66971  46.759  -28.187  46.925 0.0000000000
66939  46.385  -28.451  48.654 0.0000000000
66972  45.764  -28.129  46.883 0.0000000000
39331  25.822  -54.659  68.069 0.0000000000
40407  24.867  -53.545  67.723 0.0000000000
41544  24.154  -52.700  66.855 0.0000000000
41523  23.399  -52.715  68.843 0.0000000000
41534  23.753  -52.573  67.701 0.0000000000
43627  40.274  -50.122  71.640 0.0000000000
43640  40.406  -49.990  70.805 0.0000000000
44723  39.419  -49.589  68.976 0.0000000000
45851  38.478  -49.033  68.074 0.0000000000
45865  37.595  -49.022  67.108 0.0000000000
44739  37.834  -49.830  67.217 0.0000000000
43707  37.149  -50.743  65.798 0.0000000000
42662  36.350  -51.397  64.836 0.0000000000
40414  36.869  -52.648  66.472 0.0000000000
41552  36.406  -52.109  65.344 0.0000000000
41576  35.607  -51.760  64.040 0.0000000000
40460  34.888  -52.190  63.737 0.0000000000
41579  33.633  -51.981  63.384 0.0000000000
41580  32.650  -51.994  63.443 0.0000000000
38244  34.620  -55.243  69.896 0.0000000000
39330  34.111  -54.447  68.502 0.0000000000
39340  33.564  -54.246  67.930 0.0000000000
39342  31.667  -54.486  67.774 0.0000000000
39355  32.231  -53.960  67.113 0.0000000000
40418  32.825  -53.566  66.329 0.0000000000
40432  32.280  -53.164  65.680 0.0000000000
41565  31.086  -52.490  64.331 0.0000000000
41605  29.892  -51.915  63.032 0.0000000000
41606  28.879  -52.119  63.067 0.0000000000
42694  27.680  -52.093  62.452 0.0000000000
41624  26.120  -52.349  62.005 0.0000000000
40463  27.071  -53.480  63.674 0.0000000000
41609  25.933  -52.895  62.528 0.0000000000
41625  25.200  -52.651  61.975 0.0000000000
40514  23.382  -53.319  60.632 0.0000000000
65876  44.001  -30.177  53.293 0.0000000000
65890  42.978  -30.476  51.443 0.0000000000
64065  43.043  -31.435  51.325 0.0000000000
62040  44.811  -33.835  48.711 0.0000000000
60960  44.464  -34.425  47.348 0.0000000000
58996  46.536  -36.516  48.015 0.0000000000
39203  27.972  -55.172  77.913 0.0000000000
37000  27.494  -55.784  78.134 0.0000000000
37046  26.640  -56.306  77.452 0.0000000000
37002  26.162  -56.000  79.371 0.0000000000
37047  25.705  -56.162  77.841 0.0000000000
37066  24.878  -55.989  77.297 0.0000000000
38168  23.314  -55.134  75.974 0.0000000000
38169  22.373  -54.980  75.882 0.0000000000
36984  22.958  -56.198  80.324 0.0000000000
38128  22.627  -55.669  78.108 0.0000000000
38156  21.832  -55.123  76.512 0.0000000000
39247  21.133  -54.660  75.086 0.0000000000
39258  20.217  -54.329  74.039 0.0000000000
66897  53.225  -29.250  50.788 0.0000000000
66881  52.081  -28.673  51.418 0.0000000000
66882  51.195  -28.441  51.434 0.0000000000
66869  49.999  -28.101  52.503 0.0000000000
66813  53.280  -28.993  54.686 0.0000000000
66854  50.796  -28.342  53.397 0.0000000000
66870  48.967  -27.971  52.635 0.0000000000
66871  47.899  -28.158  52.772 0.0000000000
66857  47.723  -28.394  53.866 0.0000000000
66859  45.919  -29.063  54.357 0.0000000000
66803  49.494  -28.680  56.557 0.0000000000
66819  47.472  -28.975  56.040 0.0000000000
65843  45.477  -29.456  55.010 0.0000000000
65844  44.791  -30.085  55.363 0.0000000000
64038  44.424  -31.327  55.381 0.0000000000
63072  45.455  -32.320  55.161 0.0000000000
64004  45.985  -31.868  58.697 0.0000000000
63030  45.847  -32.644  56.794 0.0000000000
63086  46.835  -32.385  54.109 0.0000000000
63085  47.797  -32.632  53.932 0.0000000000
63095  48.127  -33.350  52.773 0.0000000000
60896  48.004  -33.985  51.780 0.0000000000
63955  51.280  -31.327  63.337 0.0000000000
62961  50.287  -32.744  62.421 0.0000000000
61894  49.850  -33.977  60.484 0.0000000000
61892  51.152  -34.176  61.178 0.0000000000
61913  50.276  -34.276  59.595 0.0000000000
61932  49.612  -33.638  58.320 0.0000000000
61967  49.622  -33.331  56.269 0.0000000000
60878  48.897  -33.819  54.413 0.0000000000
60897  47.720  -34.179  52.022 0.0000000000
60899  46.062  -34.538  52.317 0.0000000000
60900  44.921  -34.522  52.535 0.0000000000
60849  45.690  -34.899  55.936 0.0000000000
60883  44.170  -34.615  54.591 0.0000000000
57678  50.392  -37.130  65.906 0.0000000000
57692  48.727  -37.211  64.440 0.0000000000
55397  46.914  -39.533  68.698 0.0000000000
55436  44.925  -39.422  66.591 0.0000000000
55435  45.849  -39.145  66.710 0.0000000000
56527  47.377  -38.547  66.816 0.0000000000
56543  47.899  -37.952  66.324 0.0000000000
57693  47.612  -37.391  64.421 0.0000000000
57706  47.954  -37.083  63.435 0.0000000000
57738  47.288  -37.254  61.475 0.0000000000
57771  45.751  -37.684  59.677 0.0000000000
56662  44.938  -37.707  58.550 0.0000000000
56625  44.046  -38.473  60.252 0.0000000000
56664  43.495  -38.414  58.254 0.0000000000
56708  43.390  -37.975  56.679 0.0000000000
56749  42.155  -37.648  55.427 0.0000000000
57855  37.940  -37.419  55.629 0.0000000000
56754  37.763  -38.210  54.224 0.0000000000
55492  37.406  -39.734  60.616 0.0000000000
55504  36.104  -39.518  59.453 0.0000000000
55533  35.023  -39.070  58.095 0.0000000000
54475  34.023  -40.402  58.899 0.0000000000
56694  34.227  -39.190  57.794 0.0000000000
46968  36.545  -47.969  65.789 0.0000000000
46981  35.590  -47.888  64.364 0.0000000000
46995  35.058  -47.886  63.541 0.0000000000
44821  34.843  -50.031  62.427 0.0000000000
45925  34.692  -48.842  62.348 0.0000000000
47015  34.413  -47.852  62.312 0.0000000000
47031  33.623  -47.415  60.848 0.0000000000
48124  33.031  -46.544  59.801 0.0000000000
49306  31.749  -46.125  57.884 0.0000000000
43760  30.356  -50.500  60.299 0.0000000000
43779  30.819  -50.117  59.584 0.0000000000
44860  30.834  -49.304  58.266 0.0000000000
44878  28.348  -48.715  57.567 0.0000000000
44877  29.395  -48.774  57.633 0.0000000000
44875  31.197  -48.839  57.812 0.0000000000
45976  31.856  -48.023  57.655 0.0000000000
48165  31.275  -46.513  57.032 0.0000000000
67951  50.511  -27.485  46.411 0.0000000000
68974  49.989  -26.268  45.863 0.0000000000
71012  49.124  -24.531  45.753 0.0000000000
64967  41.854  -30.786  48.927 0.0000000000
46939  38.602  -48.138  68.392 0.0000000000
46920  39.546  -47.889  69.414 0.0000000000
47980  38.304  -47.182  68.004 0.0000000000
47981  37.720  -47.171  67.304 0.0000000000
65874  45.011  -29.041  53.231 0.0000000000
38274  26.844  -55.735  67.435 0.0000000000
40327  22.116  -53.892  73.192 0.0000000000
37138  36.742  -55.320  71.821 0.0000000000
37149  36.654  -55.235  71.303 0.0000000000
38234  36.781  -55.088  70.858 0.0000000000
38242  36.585  -54.908  70.304 0.0000000000
37193  27.159  -55.777  67.217 0.0000000000
60924  47.880  -34.570  50.596 0.0000000000
59965  48.120  -34.696  49.896 0.0000000000
59952  47.696  -35.046  50.207 0.0000000000
65728  50.577  -29.347  62.780 0.0000000000
65727  51.023  -29.105  63.306 0.0000000000
58807  50.129  -36.600  63.069 0.0000000000
58819  49.774  -36.566  62.254 0.0000000000
57736  48.768  -36.765  61.448 0.0000000000
57720  48.918  -36.884  61.969 0.0000000000
54439  39.472  -40.078  62.866 0.0000000000
54438  40.051  -39.829  62.841 0.0000000000
55476  39.802  -39.671  62.367 0.0000000000
55480  40.214  -39.298  61.845 0.0000000000
55481  39.448  -39.527  61.728 0.0000000000
55490  39.135  -39.316  61.030 0.0000000000
55482  38.603  -39.813  61.591 0.0000000000
42689  32.370  -51.421  61.978 0.0000000000
66933  52.646  -29.045  48.884 0.0000000000
66950  52.274  -28.639  47.962 0.0000000000
37064  26.784  -56.456  76.433 0.0000000000
37094  26.456  -56.084  74.914 0.0000000000
37065  25.661  -56.141  76.693 0.0000000000
35907  33.494  -55.557  72.495 0.0000000000
35927  32.393  -55.981  72.683 0.0000000000
35948  28.875  -56.638  71.896 0.0000000000
49077  41.831  -45.455  71.549 0.0000000000
49076  42.197  -45.184  71.907 0.0000000000
50200  42.362  -44.557  71.634 0.0000000000
50199  42.700  -44.137  72.067 0.0000000000
51323  42.442  -43.933  70.996 0.0000000000
51324  41.990  -44.090  70.614 0.0000000000
52406  38.932  -42.744  66.498 0.0000000000
52417  38.699  -42.510  65.871 0.0000000000
52418  38.143  -42.733  65.451 0.0000000000
52427  37.774  -42.558  64.807 0.0000000000
49203  34.372  -46.193  62.477 0.0000000000
42733  25.674  -51.376  60.990 0.0000000000
66902  48.558  -28.034  50.600 0.0000000000
39386  24.465  -53.748  63.427 0.0000000000
40384  25.324  -53.958  69.560 0.0000000000
41525  21.570  -52.139  68.214 0.0000000000
41517  39.302  -52.209  69.339 0.0000000000
42632  38.479  -51.473  67.881 0.0000000000
40416  35.094  -53.487  66.306 0.0000000000
38247  31.809  -55.510  69.819 0.0000000000
38246  32.463  -55.372  69.794 0.0000000000
39367  28.869  -54.319  66.130 0.0000000000
40421  30.044  -54.199  66.462 0.0000000000
39385  25.149  -53.830  63.406 0.0000000000
63108  45.304  -32.054  52.836 0.0000000000
63117  45.013  -32.276  51.841 0.0000000000
36982  24.826  -56.058  80.664 0.0000000000
37005  23.386  -56.079  79.684 0.0000000000
37053  19.773  -55.645  77.168 0.0000000000
37068  19.323  -55.381  76.426 0.0000000000
65840  54.837  -29.560  54.492 0.0000000000
66788  52.565  -28.795  57.128 0.0000000000
66789  51.355  -28.632  57.213 0.0000000000
65798  47.908  -29.339  58.348 0.0000000000
65779  46.758  -30.207  58.386 0.0000000000
65778  47.309  -29.935  58.813 0.0000000000
61896  48.224  -33.722  59.682 0.0000000000
62994  47.252  -33.306  59.323 0.0000000000
61916  47.918  -33.649  59.054 0.0000000000
61951  48.534  -33.033  57.227 0.0000000000
61933  48.784  -33.430  58.169 0.0000000000
62937  52.450  -32.361  64.276 0.0000000000
62947  52.195  -32.710  63.542 0.0000000000
59861  49.456  -35.083  57.718 0.0000000000
60832  49.483  -34.585  56.914 0.0000000000
60846  48.882  -34.594  56.091 0.0000000000
58900  44.764  -36.514  57.103 0.0000000000
59881  44.321  -36.041  56.438 0.0000000000
58901  43.934  -36.703  56.460 0.0000000000
59895  43.059  -36.192  55.470 0.0000000000
56509  48.356  -38.512  68.043 0.0000000000
54369  43.831  -40.589  68.115 0.0000000000
54368  44.671  -40.475  68.528 0.0000000000
56565  44.549  -38.664  64.313 0.0000000000
56581  45.245  -38.187  63.693 0.0000000000
57709  45.498  -37.903  63.191 0.0000000000
56594  45.014  -38.040  62.675 0.0000000000
56688  40.786  -37.902  57.568 0.0000000000
56711  40.725  -38.036  56.541 0.0000000000
57829  40.169  -37.880  56.473 0.0000000000
57830  39.641  -37.727  56.230 0.0000000000
56713  36.110  -37.905  57.070 0.0000000000
57834  35.733  -37.836  56.643 0.0000000000
53462  35.520  -41.263  60.894 0.0000000000
54454  34.628  -41.215  60.144 0.0000000000
43715  36.195  -50.785  64.449 0.0000000000
44805  35.973  -50.419  64.207 0.0000000000
44839  32.750  -49.580  59.397 0.0000000000
44838  33.255  -49.458  59.873 0.0000000000
45964  32.760  -48.512  58.784 0.0000000000
44844  28.113  -49.486  59.081 0.0000000000
68960  47.061  -26.691  46.270 0.0000000000
35891  28.772  -56.492  75.674 0.0000000000
35883  28.376  -56.463  76.403 0.0000000000
37063  27.595  -56.587  76.097 0.0000000000
35881  29.433  -56.132  75.876 0.0000000000
35889  29.879  -56.251  75.140 0.0000000000
44699  40.719  -48.829  70.852 0.0000000000
45802  40.785  -48.039  70.830 0.0000000000
47955  40.283  -46.700  70.155 0.0000000000
46903  40.575  -47.450  70.531 0.0000000000
47954  40.844  -46.536  70.744 0.0000000000
47953  41.145  -46.009  70.930 0.0000000000
49094  40.548  -45.748  70.223 0.0000000000
50213  40.322  -45.098  69.756 0.0000000000
50226  39.090  -45.145  68.548 0.0000000000
51349  38.627  -43.887  67.266 0.0000000000
49158  36.956  -45.712  65.954 0.0000000000
48048  35.969  -46.806  64.806 0.0000000000
41639  23.369  -52.938  60.086 0.0000000000
41654  23.435  -52.641  59.502 0.0000000000
65918  43.344  -29.214  49.128 0.0000000000
39361  25.167  -54.305  65.985 0.0000000000
40437  24.549  -53.584  65.340 0.0000000000
39345  25.225  -54.067  66.834 0.0000000000
40337  24.040  -53.977  72.460 0.0000000000
40352  22.123  -53.125  71.376 0.0000000000
40371  21.534  -52.805  70.582 0.0000000000
40372  20.586  -52.812  70.433 0.0000000000
40354  19.968  -53.199  71.121 0.0000000000
39281  19.354  -53.938  72.652 0.0000000000
39274  38.562  -53.630  72.595 0.0000000000
39324  38.546  -53.594  69.943 0.0000000000
39325  37.917  -53.765  69.477 0.0000000000
38254  37.391  -54.042  69.520 0.0000000000
38256  36.172  -54.625  69.426 0.0000000000
39327  36.595  -54.066  68.795 0.0000000000
39328  35.808  -54.283  68.620 0.0000000000
39338  35.438  -53.992  67.706 0.0000000000
39329  34.940  -54.423  68.516 0.0000000000
37190  28.854  -56.095  68.327 0.0000000000
38272  28.633  -55.794  67.675 0.0000000000
38284  28.187  -55.509  66.933 0.0000000000
38290  27.832  -55.076  66.202 0.0000000000
37209  26.521  -55.299  66.074 0.0000000000
38292  26.632  -55.049  65.606 0.0000000000
63122  47.366  -33.359  50.704 0.0000000000
62021  47.634  -33.600  50.197 0.0000000000
59980  47.436  -35.512  48.379 0.0000000000
62037  47.634  -34.178  49.047 0.0000000000
59995  47.115  -35.708  47.283 0.0000000000
59027  47.219  -36.236  47.068 0.0000000000
36988  19.099  -56.605  79.998 0.0000000000
37010  18.368  -56.417  79.206 0.0000000000
65748  48.546  -29.780  60.745 0.0000000000
65739  49.156  -29.696  61.539 0.0000000000
64847  50.222  -30.331  62.601 0.0000000000
62963  48.313  -32.683  61.234 0.0000000000
62962  49.476  -32.557  62.085 0.0000000000
59784  52.101  -34.746  62.371 0.0000000000
59785  51.572  -35.507  62.594 0.0000000000
58837  49.743  -36.081  60.418 0.0000000000
58836  50.320  -35.907  60.685 0.0000000000
58850  49.675  -35.794  59.824 0.0000000000
59843  49.641  -35.428  58.856 0.0000000000
58869  48.953  -35.656  58.970 0.0000000000
58870  48.268  -35.921  58.973 0.0000000000
58853  47.170  -36.737  59.443 0.0000000000
58872  46.152  -36.731  58.481 0.0000000000
57770  46.620  -37.111  59.487 0.0000000000
54411  41.238  -40.602  65.810 0.0000000000
55459  42.133  -39.524  64.145 0.0000000000
55472  42.953  -39.078  63.087 0.0000000000
56597  41.871  -38.977  61.879 0.0000000000
56646  40.159  -38.261  59.559 0.0000000000
56668  39.379  -37.927  58.737 0.0000000000
56647  39.064  -38.430  59.558 0.0000000000
56648  37.925  -38.752  59.556 0.0000000000
51438  33.104  -43.125  59.755 0.0000000000
52478  33.431  -42.637  59.794 0.0000000000
52479  32.875  -42.628  59.341 0.0000000000
53512  31.564  -41.702  56.672 0.0000000000
52546  31.322  -42.779  54.908 0.0000000000
42686  34.389  -51.039  62.344 0.0000000000
42730  32.278  -50.790  60.839 0.0000000000
42729  32.813  -50.626  60.723 0.0000000000
43757  32.917  -50.271  60.255 0.0000000000
43758  32.240  -50.450  60.248 0.0000000000
67949  52.687  -27.709  46.527 0.0000000000
67966  51.366  -26.974  45.900 0.0000000000
37130  27.480  -56.094  71.691 0.0000000000
38225  26.830  -55.587  71.297 0.0000000000
38236  26.305  -55.016  71.031 0.0000000000
37092  28.115  -56.472  74.363 0.0000000000
37093  27.241  -56.217  74.256 0.0000000000
38195  26.571  -55.698  73.425 0.0000000000
38212  25.159  -55.006  73.463 0.0000000000
38182  24.639  -55.241  74.947 0.0000000000
39254  24.095  -54.796  74.377 0.0000000000
37106  34.355  -55.473  72.278 0.0000000000
37088  34.874  -54.927  72.977 0.0000000000
37124  35.205  -55.516  72.043 0.0000000000
35963  32.864  -56.016  71.634 0.0000000000
37154  32.357  -55.904  70.847 0.0000000000
35964  32.172  -56.122  71.399 0.0000000000
35911  30.957  -56.195  73.521 0.0000000000
35928  31.668  -56.160  72.928 0.0000000000
35957  29.872  -56.572  71.606 0.0000000000
35956  30.617  -56.472  71.781 0.0000000000
35966  30.386  -56.393  71.143 0.0000000000
35969  28.461  -56.677  70.375 0.0000000000
35979  28.821  -56.692  69.952 0.0000000000
59954  45.655  -35.262  50.444 0.0000000000
60733  52.425  -34.151  64.999 0.0000000000
60721  52.001  -34.041  65.682 0.0000000000
58774  51.694  -35.658  65.791 0.0000000000
58773  51.936  -35.352  65.514 0.0000000000
57690  51.141  -36.553  65.305 0.0000000000
46869  41.420  -46.977  72.167 0.0000000000
52368  43.118  -42.338  70.114 0.0000000000
53363  43.218  -41.631  69.447 0.0000000000
52377  42.702  -41.950  69.422 0.0000000000
51339  41.075  -43.247  69.469 0.0000000000
53387  40.261  -42.092  67.329 0.0000000000
52388  40.688  -42.289  68.201 0.0000000000
53386  40.838  -41.725  67.632 0.0000000000
53402  41.132  -41.066  66.640 0.0000000000
53423  39.352  -41.288  65.025 0.0000000000
53422  39.973  -41.037  65.523 0.0000000000
54422  39.394  -40.891  64.499 0.0000000000
54432  38.424  -40.805  63.374 0.0000000000
53433  36.841  -41.768  63.131 0.0000000000
52452  36.031  -41.920  62.166 0.0000000000
52441  36.231  -42.348  62.862 0.0000000000
50270  36.980  -44.485  65.393 0.0000000000
51382  37.084  -43.451  64.807 0.0000000000
50290  36.536  -44.141  64.594 0.0000000000
51389  35.548  -43.763  63.024 0.0000000000
51409  34.395  -43.534  61.402 0.0000000000
49236  33.597  -45.660  61.176 0.0000000000
50351  33.457  -44.719  60.821 0.0000000000
49255  32.462  -45.046  59.424 0.0000000000
49254  32.698  -45.507  59.649 0.0000000000
42714  28.647  -51.422  61.809 0.0000000000
43746  28.259  -51.152  61.391 0.0000000000
43763  26.839  -50.543  60.501 0.0000000000
42763  24.006  -51.724  58.820 0.0000000000
42782  24.601  -51.554  57.855 0.0000000000
42781  25.186  -51.703  57.344 0.0000000000
43813  25.198  -50.791  57.502 0.0000000000
66935  50.576  -28.584  48.726 0.0000000000
66938  47.469  -28.400  48.665 0.0000000000
66970  47.770  -28.224  46.934 0.0000000000
66922  45.644  -28.390  49.711 0.0000000000
66973  44.764  -28.222  46.613 0.0000000000
39387  23.507  -53.505  63.322 0.0000000000
38248  26.680  -55.590  69.103 0.0000000000
38264  26.303  -55.211  68.389 0.0000000000
38249  26.307  -55.172  68.949 0.0000000000
40406  25.448  -54.177  67.919 0.0000000000
41533  24.404  -52.998  67.196 0.0000000000
40386  23.635  -53.093  70.103 0.0000000000
40397  23.921  -53.114  69.332 0.0000000000
41504  23.262  -52.822  69.650 0.0000000000
41535  22.383  -51.961  67.296 0.0000000000
41448  39.412  -52.233  72.562 0.0000000000
42588  39.829  -51.003  71.958 0.0000000000
43665  39.296  -50.443  68.818 0.0000000000
44724  38.868  -49.754  68.416 0.0000000000
45838  39.012  -48.921  68.657 0.0000000000
45852  38.044  -49.213  67.565 0.0000000000
44738  38.340  -49.866  67.781 0.0000000000
43697  37.978  -51.133  66.841 0.0000000000
43698  37.622  -50.745  66.501 0.0000000000
42661  36.848  -51.412  65.476 0.0000000000
40402  37.687  -52.752  67.604 0.0000000000
40428  35.973  -52.495  65.312 0.0000000000
41559  35.947  -51.866  64.582 0.0000000000
41560  35.488  -52.154  64.348 0.0000000000
41577  35.132  -51.920  63.617 0.0000000000
40442  35.048  -52.346  64.105 0.0000000000
40444  33.800  -52.705  64.652 0.0000000000
41562  34.116  -52.339  63.958 0.0000000000
38259  33.078  -54.758  68.969 0.0000000000
38258  34.281  -54.768  69.223 0.0000000000
38270  31.044  -55.044  68.387 0.0000000000
39343  30.725  -54.777  67.688 0.0000000000
40420  30.684  -54.006  66.434 0.0000000000
41566  30.003  -52.692  64.355 0.0000000000
41582  30.499  -52.197  63.668 0.0000000000
41607  27.979  -52.369  62.967 0.0000000000
41608  26.970  -52.572  62.725 0.0000000000
41623  26.724  -52.061  61.987 0.0000000000
40450  27.356  -53.902  64.391 0.0000000000
39383  26.507  -53.964  63.859 0.0000000000
40483  25.491  -53.434  62.924 0.0000000000
41610  25.411  -53.061  62.459 0.0000000000
40513  23.890  -52.965  61.186 0.0000000000
40499  24.385  -53.197  61.907 0.0000000000
64945  44.042  -30.703  53.885 0.0000000000
64954  43.135  -30.913  51.836 0.0000000000
64951  43.650  -30.920  52.858 0.0000000000
63131  43.652  -32.852  50.058 0.0000000000
63126  43.208  -32.313  50.502 0.0000000000
62032  43.350  -33.202  49.337 0.0000000000
62029  46.563  -33.538  49.460 0.0000000000
62030  45.435  -33.389  49.641 0.0000000000
62039  45.974  -33.897  48.807 0.0000000000
59997  45.187  -35.132  46.915 0.0000000000
60969  44.232  -34.587  46.464 0.0000000000
59982  45.920  -36.120  48.782 0.0000000000
59981  46.898  -35.961  48.702 0.0000000000
39213  28.338  -55.098  77.497 0.0000000000
38117  27.417  -55.426  78.322 0.0000000000
37022  27.289  -56.111  77.995 0.0000000000
37001  26.884  -55.700  78.740 0.0000000000
37023  26.439  -56.079  78.428 0.0000000000
37048  24.859  -56.105  78.142 0.0000000000
38140  23.216  -55.660  77.712 0.0000000000
38154  23.928  -55.614  76.926 0.0000000000
36969  21.781  -56.559  81.295 0.0000000000
36985  22.119  -56.299  80.371 0.0000000000
37006  22.441  -56.052  79.486 0.0000000000
37028  21.830  -55.726  78.356 0.0000000000
38142  21.315  -55.311  77.055 0.0000000000
38170  21.472  -54.856  75.602 0.0000000000
38186  20.360  -54.506  74.580 0.0000000000
38171  20.476  -54.764  75.237 0.0000000000
39259  19.467  -54.347  73.828 0.0000000000
38160  18.185  -55.384  75.765 0.0000000000
65902  53.994  -29.444  50.910 0.0000000000
66898  52.424  -28.912  50.625 0.0000000000
66880  52.887  -29.008  51.531 0.0000000000
66852  52.797  -28.837  53.108 0.0000000000
66867  51.882  -28.593  52.294 0.0000000000
66883  50.252  -28.193  51.488 0.0000000000
66868  50.963  -28.347  52.393 0.0000000000
65826  53.719  -29.231  55.568 0.0000000000
66815  51.583  -28.599  55.280 0.0000000000
66831  51.671  -28.549  54.269 0.0000000000
66855  49.801  -28.185  53.540 0.0000000000
66856  48.767  -28.185  53.696 0.0000000000
66835  47.609  -28.664  54.945 0.0000000000
66858  46.707  -28.705  54.076 0.0000000000
66790  50.349  -28.641  57.304 0.0000000000
66791  49.440  -28.735  57.499 0.0000000000
66805  47.762  -29.193  57.122 0.0000000000
65828  46.900  -29.179  56.087 0.0000000000
65842  46.092  -29.238  55.240 0.0000000000
65829  46.312  -29.359  55.887 0.0000000000
65830  45.395  -29.966  56.222 0.0000000000
64916  45.136  -30.780  56.772 0.0000000000
64029  44.655  -31.452  56.070 0.0000000000
63073  44.710  -31.914  55.219 0.0000000000
63050  45.043  -32.204  56.118 0.0000000000
64874  46.983  -30.713  59.477 0.0000000000
63988  46.580  -31.812  59.506 0.0000000000
61953  46.633  -32.991  57.179 0.0000000000
63013  45.877  -32.555  57.902 0.0000000000
61970  46.553  -32.866  56.440 0.0000000000
63049  46.006  -32.695  55.875 0.0000000000
63071  46.454  -32.497  55.017 0.0000000000
63070  47.516  -32.619  54.904 0.0000000000
63069  48.444  -32.858  54.785 0.0000000000
63084  48.487  -33.157  53.836 0.0000000000
62008  48.039  -33.713  52.329 0.0000000000
62006  48.309  -33.584  53.281 0.0000000000
64845  51.550  -30.617  63.741 0.0000000000
61853  51.145  -33.177  62.507 0.0000000000
62949  50.820  -32.315  62.872 0.0000000000
61854  50.647  -33.017  62.470 0.0000000000
60790  51.327  -34.529  60.974 0.0000000000
60802  51.091  -34.674  60.352 0.0000000000
60830  50.273  -34.164  57.974 0.0000000000
61931  50.136  -33.728  58.669 0.0000000000
61914  49.643  -33.956  59.341 0.0000000000
61949  50.109  -33.703  57.669 0.0000000000
61950  49.522  -33.269  57.269 0.0000000000
61966  50.019  -33.591  56.909 0.0000000000
60879  48.429  -33.985  53.902 0.0000000000
60887  48.080  -33.875  52.697 0.0000000000
60888  47.672  -34.209  52.982 0.0000000000
60898  47.066  -34.426  52.193 0.0000000000
60890  45.661  -34.453  53.360 0.0000000000
60891  44.536  -34.418  53.580 0.0000000000
59879  45.862  -35.435  56.771 0.0000000000
60867  43.919  -35.125  55.378 0.0000000000
60866  44.920  -34.779  55.435 0.0000000000
60892  43.428  -34.540  53.781 0.0000000000
57666  49.468  -37.592  66.722 0.0000000000
54367  45.641  -40.174  68.845 0.0000000000
54355  45.772  -40.424  69.689 0.0000000000
54384  46.242  -39.763  68.505 0.0000000000
55418  46.616  -39.446  67.867 0.0000000000
54409  43.305  -39.644  65.637 0.0000000000
54399  44.304  -39.696  66.644 0.0000000000
55437  44.293  -39.498  66.198 0.0000000000
56546  45.549  -38.622  65.500 0.0000000000
55445  45.401  -38.979  66.176 0.0000000000
56528  46.552  -38.663  66.408 0.0000000000
55434  46.630  -39.100  67.079 0.0000000000
56544  47.152  -38.054  65.902 0.0000000000
57722  47.162  -37.269  62.537 0.0000000000
56623  45.678  -37.791  60.528 0.0000000000
57755  45.714  -37.781  60.244 0.0000000000
56641  45.043  -37.935  59.051 0.0000000000
56626  42.979  -38.500  60.252 0.0000000000
56685  43.641  -38.131  57.281 0.0000000000
56709  42.785  -38.134  56.386 0.0000000000
57828  43.272  -37.837  56.402 0.0000000000
57811  38.487  -37.610  57.484 0.0000000000
57831  38.702  -37.430  56.416 0.0000000000
57832  37.679  -37.437  56.559 0.0000000000
57879  37.232  -37.680  54.833 0.0000000000
55483  37.897  -39.895  61.229 0.0000000000
54462  35.644  -40.000  59.797 0.0000000000
55519  35.902  -39.215  58.781 0.0000000000
55520  35.317  -39.320  58.635 0.0000000000
53485  33.439  -41.502  59.159 0.0000000000
54476  33.439  -40.757  58.642 0.0000000000
55562  32.673  -39.765  56.144 0.0000000000
55535  33.636  -39.714  57.963 0.0000000000
55548  33.381  -39.263  56.825 0.0000000000
45866  37.198  -48.858  66.527 0.0000000000
45880  36.792  -48.832  66.008 0.0000000000
45895  35.928  -48.857  64.572 0.0000000000
43739  34.473  -50.382  62.102 0.0000000000
45940  33.929  -48.771  60.896 0.0000000000
45932  34.357  -48.755  61.613 0.0000000000
47030  33.945  -47.822  61.434 0.0000000000
47054  32.878  -47.486  58.965 0.0000000000
47055  32.466  -46.766  58.544 0.0000000000
48139  32.276  -46.131  58.619 0.0000000000
44843  29.229  -49.662  59.010 0.0000000000
44842  30.309  -49.719  58.938 0.0000000000
44841  31.306  -49.704  58.918 0.0000000000
45981  27.070  -48.572  56.483 0.0000000000
44879  27.313  -48.770  57.370 0.0000000000
45979  28.964  -48.300  56.963 0.0000000000
44876  30.416  -48.823  57.669 0.0000000000
45966  31.668  -48.546  57.825 0.0000000000
45977  31.039  -48.087  57.357 0.0000000000
47090  30.457  -46.939  56.401 0.0000000000
68984  53.843  -26.035  45.024 0.0000000000
66968  49.815  -28.125  47.036 0.0000000000
66967  50.870  -28.095  47.095 0.0000000000
68975  48.991  -26.053  45.999 0.0000000000
70037  49.593  -25.354  45.768 0.0000000000
64959  42.283  -30.805  50.177 0.0000000000
65905  42.802  -30.169  50.871 0.0000000000
37043  29.052  -55.968  76.612 0.0000000000
37020  28.438  -55.884  77.217 0.0000000000
45820  40.039  -48.558  69.749 0.0000000000
47965  39.689  -46.881  69.539 0.0000000000
49120  38.566  -45.993  68.259 0.0000000000
49139  37.534  -45.982  66.863 0.0000000000
48001  36.794  -47.318  66.173 0.0000000000
65903  44.125  -28.854  50.948 0.0000000000
65904  43.510  -29.241  50.595 0.0000000000
37210  26.177  -55.246  66.043 0.0000000000
37205  26.428  -55.337  66.498 0.0000000000
39280  23.078  -53.887  72.827 0.0000000000
40340  21.343  -53.446  72.177 0.0000000000
40329  20.642  -53.743  72.762 0.0000000000
38208  37.741  -54.765  72.075 0.0000000000
39294  38.276  -54.324  71.853 0.0000000000
38224  37.684  -54.757  71.551 0.0000000000
38241  37.383  -54.336  70.037 0.0000000000
37179  28.416  -56.445  68.639 0.0000000000
37191  28.178  -56.145  67.902 0.0000000000
37202  27.897  -55.858  67.383 0.0000000000
37203  27.460  -55.651  66.926 0.0000000000
37204  26.899  -55.541  66.630 0.0000000000
62016  47.924  -33.737  51.344 0.0000000000
62020  47.939  -33.792  50.586 0.0000000000
60935  48.093  -34.479  49.794 0.0000000000
36990  17.500  -56.659  80.085 0.0000000000
66709  50.215  -28.662  62.382 0.0000000000
65738  49.831  -29.527  62.228 0.0000000000
58817  51.303  -35.960  63.314 0.0000000000
59786  51.121  -35.742  62.331 0.0000000000
58818  50.753  -36.088  62.558 0.0000000000
58838  48.614  -36.580  60.571 0.0000000000
57752  48.063  -36.837  60.668 0.0000000000
57753  47.465  -37.044  60.416 0.0000000000
54429  41.117  -39.703  63.671 0.0000000000
55469  41.013  -39.584  63.182 0.0000000000
55474  41.367  -39.327  62.578 0.0000000000
56598  41.260  -39.152  61.985 0.0000000000
55479  40.861  -39.262  62.091 0.0000000000
56613  40.185  -39.042  61.310 0.0000000000
56631  38.192  -39.113  60.181 0.0000000000
55502  37.780  -39.255  60.178 0.0000000000
42688  33.231  -51.261  61.941 0.0000000000
37143  28.034  -56.491  70.979 0.0000000000
38197  25.040  -55.190  74.196 0.0000000000
35925  33.804  -55.553  72.424 0.0000000000
35941  33.899  -55.817  72.110 0.0000000000
37126  33.695  -55.767  71.888 0.0000000000
35942  33.304  -55.844  72.221 0.0000000000
35930  30.148  -56.552  73.034 0.0000000000
35958  29.241  -56.614  71.393 0.0000000000
47926  41.674  -46.181  71.948 0.0000000000
47909  41.934  -45.774  72.381 0.0000000000
49050  42.183  -45.285  72.592 0.0000000000
51316  43.079  -43.528  72.218 0.0000000000
52354  43.505  -42.844  71.762 0.0000000000
51330  42.862  -43.182  70.803 0.0000000000
51348  39.337  -43.538  67.844 0.0000000000
51347  39.975  -43.246  68.339 0.0000000000
52390  39.591  -42.797  67.317 0.0000000000
52404  39.934  -42.335  67.181 0.0000000000
53404  39.651  -42.065  66.428 0.0000000000
53416  38.930  -41.928  65.327 0.0000000000
53424  38.537  -41.769  64.691 0.0000000000
53425  37.897  -41.875  64.252 0.0000000000
52434  37.409  -42.280  64.130 0.0000000000
50291  35.809  -44.486  63.897 0.0000000000
50292  35.283  -45.007  63.424 0.0000000000
50328  34.864  -44.468  62.476 0.0000000000
50329  34.446  -44.541  61.988 0.0000000000
49218  34.547  -45.023  62.375 0.0000000000
42732  26.551  -51.156  61.032 0.0000000000
43764  25.836  -50.776  60.434 0.0000000000
66919  49.017  -28.303  49.613 0.0000000000
66941  44.232  -28.863  48.345 0.0000000000
39319  25.922  -54.711  68.995 0.0000000000
41505  22.650  -52.563  69.354 0.0000000000
40366  39.316  -52.995  70.987 0.0000000000
41474  39.668  -52.286  71.352 0.0000000000
42612  40.065  -50.992  70.450 0.0000000000
42613  39.687  -51.083  69.547 0.0000000000
42644  38.108  -51.539  67.170 0.0000000000
41541  37.817  -52.031  67.006 0.0000000000
40404  35.946  -53.530  67.032 0.0000000000
40445  32.803  -52.714  64.869 0.0000000000
38269  32.153  -54.703  68.444 0.0000000000
39357  30.045  -54.663  67.044 0.0000000000
40433  31.139  -53.418  65.745 0.0000000000
41567  29.061  -52.891  64.305 0.0000000000
40462  27.813  -53.173  63.845 0.0000000000
39376  26.215  -54.462  64.405 0.0000000000
39384  25.984  -54.198  63.894 0.0000000000
39401  24.888  -53.584  62.882 0.0000000000
40484  24.783  -53.406  62.556 0.0000000000
39418  23.854  -53.566  61.821 0.0000000000
64060  44.207  -31.537  52.983 0.0000000000
64064  43.832  -31.779  51.945 0.0000000000
63118  44.294  -32.166  51.610 0.0000000000
60958  46.780  -35.049  47.686 0.0000000000
59996  46.173  -35.444  47.005 0.0000000000
37003  25.310  -56.097  79.740 0.0000000000
37025  24.662  -56.157  78.974 0.0000000000
37050  23.382  -55.876  78.372 0.0000000000
38127  23.030  -55.766  78.235 0.0000000000
36987  20.044  -56.640  80.332 0.0000000000
38143  20.555  -55.341  76.851 0.0000000000
65860  53.974  -29.231  53.542 0.0000000000
66851  53.390  -29.009  53.431 0.0000000000
66829  53.357  -28.986  53.919 0.0000000000
65827  53.157  -29.032  56.024 0.0000000000
66816  50.573  -28.512  55.419 0.0000000000
66833  49.662  -28.338  54.570 0.0000000000
66817  49.564  -28.519  55.579 0.0000000000
66774  49.473  -28.569  58.476 0.0000000000
66793  47.828  -29.268  57.750 0.0000000000
65814  46.298  -29.779  56.942 0.0000000000
65800  46.319  -30.288  57.823 0.0000000000
64906  45.684  -30.942  57.816 0.0000000000
62964  47.648  -32.138  60.730 0.0000000000
62977  46.871  -32.495  59.725 0.0000000000
61935  46.865  -33.232  58.060 0.0000000000
61969  47.360  -32.922  56.546 0.0000000000
61968  48.082  -32.867  56.711 0.0000000000
63029  48.524  -32.822  56.565 0.0000000000
63046  49.118  -32.975  55.539 0.0000000000
63946  52.179  -31.421  64.382 0.0000000000
63947  51.822  -31.359  63.823 0.0000000000
59842  50.459  -34.992  58.942 0.0000000000
59841  50.663  -34.731  59.346 0.0000000000
60816  50.308  -34.570  58.263 0.0000000000
60845  49.805  -34.043  56.322 0.0000000000
60864  47.098  -34.509  55.036 0.0000000000
59880  44.951  -35.746  56.639 0.0000000000
59893  44.456  -35.424  56.019 0.0000000000
60868  43.457  -35.452  55.306 0.0000000000
60885  42.549  -35.421  54.453 0.0000000000
59909  43.152  -35.705  55.267 0.0000000000
59910  42.560  -35.935  54.905 0.0000000000
56525  49.016  -37.966  67.582 0.0000000000
57667  48.627  -37.735  66.221 0.0000000000
53362  44.178  -41.248  69.566 0.0000000000
53361  45.062  -40.797  69.697 0.0000000000
55457  43.730  -39.147  64.589 0.0000000000
55446  44.766  -39.095  65.755 0.0000000000
56563  46.116  -38.159  64.862 0.0000000000
56562  46.706  -37.954  65.233 0.0000000000
57695  46.182  -37.904  64.293 0.0000000000
57708  46.046  -37.759  63.617 0.0000000000
57723  46.297  -37.524  62.713 0.0000000000
57739  46.379  -37.523  61.735 0.0000000000
57740  45.607  -37.757  62.059 0.0000000000
56710  41.785  -38.249  56.510 0.0000000000
56752  40.163  -38.273  54.762 0.0000000000
57854  38.936  -37.664  55.524 0.0000000000
53450  36.499  -41.230  61.704 0.0000000000
54446  36.482  -40.797  61.195 0.0000000000
54463  35.194  -40.352  59.810 0.0000000000
54488  32.665  -40.722  57.746 0.0000000000
54499  32.081  -40.708  56.548 0.0000000000
44774  36.808  -49.830  65.749 0.0000000000
45894  36.388  -48.886  65.313 0.0000000000
44790  36.204  -49.892  64.663 0.0000000000
44814  35.283  -49.862  63.023 0.0000000000
43756  33.429  -50.069  60.561 0.0000000000
43755  33.791  -49.821  60.876 0.0000000000
44828  33.704  -49.441  60.542 0.0000000000
45941  33.573  -48.724  60.199 0.0000000000
45952  33.214  -48.548  59.439 0.0000000000
47066  32.592  -48.012  58.434 0.0000000000
43781  28.631  -50.028  59.853 0.0000000000
44862  28.764  -49.176  58.301 0.0000000000
46012  27.172  -48.563  54.944 0.0000000000
45980  27.976  -48.307  56.793 0.0000000000
45993  29.448  -47.748  56.464 0.0000000000
45992  30.301  -47.537  56.696 0.0000000000
67953  48.454  -27.528  46.523 0.0000000000
67952  49.439  -27.547  46.537 0.0000000000
63142  41.670  -32.416  48.430 0.0000000000
64075  41.641  -31.690  48.826 0.0000000000
63148  41.472  -32.341  47.733 0.0000000000
35914  28.832  -56.555  73.874 0.0000000000
35892  28.190  -56.589  75.847 0.0000000000
35898  30.362  -56.245  74.303 0.0000000000
35912  30.268  -56.410  73.735 0.0000000000
35913  29.595  -56.526  73.840 0.0000000000
44669  40.590  -49.100  72.061 0.0000000000
44668  40.919  -48.444  71.873 0.0000000000
45774  41.156  -47.839  71.863 0.0000000000
46880  41.282  -47.087  71.642 0.0000000000
46891  41.073  -47.254  71.252 0.0000000000
47939  41.270  -46.387  71.274 0.0000000000
49092  41.480  -45.503  70.992 0.0000000000
50211  41.507  -44.724  70.578 0.0000000000
50212  40.896  -44.724  70.104 0.0000000000
50224  40.408  -44.382  69.594 0.0000000000
51341  39.683  -43.846  68.594 0.0000000000
51363  38.255  -43.551  66.363 0.0000000000
51374  37.693  -43.378  65.520 0.0000000000
49183  35.833  -45.721  64.437 0.0000000000
42718  24.942  -52.181  61.424 0.0000000000
41653  23.735  -52.232  59.804 0.0000000000
42764  23.636  -52.243  59.088 0.0000000000
40537  23.782  -53.430  58.142 0.0000000000
39472  23.324  -54.488  58.420 0.0000000000
66903  47.450  -28.036  50.683 0.0000000000
66905  44.891  -28.542  50.962 0.0000000000
65927  43.345  -29.301  47.907 0.0000000000
38301  25.082  -54.248  64.159 0.0000000000
38287  25.452  -54.657  65.470 0.0000000000
40451  24.454  -53.723  64.575 0.0000000000
40452  23.750  -52.995  64.473 0.0000000000
40438  24.040  -52.777  65.719 0.0000000000
40349  24.969  -53.964  71.549 0.0000000000
40369  23.025  -53.032  70.687 0.0000000000
41485  22.043  -52.564  69.941 0.0000000000
41486  21.201  -52.538  69.805 0.0000000000
39308  38.805  -53.702  71.473 0.0000000000
40394  37.314  -53.395  68.203 0.0000000000
39336  36.920  -53.590  68.259 0.0000000000
39352  34.981  -53.899  67.144 0.0000000000
37176  30.673  -55.693  69.612 0.0000000000
38262  29.790  -55.761  68.799 0.0000000000
38271  29.705  -55.446  68.042 0.0000000000
39358  29.019  -54.902  66.835 0.0000000000
40436  28.256  -53.941  65.193 0.0000000000
39368  27.995  -54.396  65.521 0.0000000000
39369  27.256  -54.548  65.153 0.0000000000
38298  26.825  -54.735  65.173 0.0000000000
38305  25.893  -54.486  64.381 0.0000000000
63116  46.342  -32.645  51.552 0.0000000000
63123  46.659  -33.087  50.769 0.0000000000
62038  46.999  -33.962  48.790 0.0000000000
60943  47.342  -34.701  48.382 0.0000000000
35850  19.855  -56.880  81.123 0.0000000000
37009  19.305  -56.321  79.260 0.0000000000
37032  17.526  -56.337  78.354 0.0000000000
65759  48.244  -29.511  59.972 0.0000000000
65760  47.689  -30.055  59.642 0.0000000000
65749  48.026  -30.128  60.232 0.0000000000
64864  48.045  -30.615  60.680 0.0000000000
63974  47.655  -31.081  60.562 0.0000000000
63966  47.936  -31.495  60.975 0.0000000000
62975  48.222  -33.307  60.725 0.0000000000
61895  48.745  -33.761  60.253 0.0000000000
60760  52.492  -34.138  62.968 0.0000000000
59802  51.027  -35.654  61.832 0.0000000000
59813  50.800  -35.534  60.683 0.0000000000
59827  50.869  -35.034  59.809 0.0000000000
59862  48.499  -35.309  57.633 0.0000000000
59877  48.131  -35.056  56.832 0.0000000000
59863  47.393  -35.520  57.698 0.0000000000
58886  46.640  -35.905  57.958 0.0000000000
58887  45.808  -36.379  57.772 0.0000000000
57806  45.270  -37.000  57.890 0.0000000000
54388  42.544  -40.671  67.337 0.0000000000
55448  43.256  -39.485  65.147 0.0000000000
54419  42.224  -39.663  64.642 0.0000000000
55458  42.814  -39.431  64.482 0.0000000000
55466  43.265  -39.110  63.774 0.0000000000
56583  43.594  -38.769  63.085 0.0000000000
56595  44.057  -38.441  62.316 0.0000000000
56627  41.963  -38.462  60.271 0.0000000000
56611  41.657  -38.658  61.040 0.0000000000
56645  41.228  -38.284  59.411 0.0000000000
57792  40.060  -37.695  57.610 0.0000000000
57793  39.449  -37.684  57.946 0.0000000000
56689  37.925  -37.795  57.795 0.0000000000
56669  38.290  -38.048  58.484 0.0000000000
56690  37.416  -37.989  57.869 0.0000000000
56691  36.489  -38.185  57.673 0.0000000000
56714  35.667  -38.162  57.162 0.0000000000
53464  34.255  -42.029  60.300 0.0000000000
53473  34.367  -41.497  60.070 0.0000000000
53474  33.854  -41.786  59.715 0.0000000000
53486  32.861  -41.759  58.809 0.0000000000
53498  32.245  -41.645  58.077 0.0000000000
53511  31.978  -41.271  57.348 0.0000000000
42674  35.533  -51.347  63.639 0.0000000000
43722  35.486  -50.707  63.285 0.0000000000
42675  35.088  -51.279  63.027 0.0000000000
42708  33.885  -50.698  61.654 0.0000000000
42709  33.348  -50.704  61.231 0.0000000000
43741  33.651  -50.415  61.196 0.0000000000
44840  32.143  -49.645  59.073 0.0000000000
44881  25.791  -50.034  56.794 0.0000000000
44891  26.301  -49.790  55.991 0.0000000000
45997  26.548  -49.183  55.589 0.0000000000
43881  26.895  -50.146  54.905 0.0000000000
46013  26.725  -48.982  55.172 0.0000000000
67964  53.438  -27.217  45.960 0.0000000000
68972  52.101  -26.262  45.511 0.0000000000
70035  51.530  -25.591  45.346 0.0000000000
70036  50.622  -25.379  45.521 0.0000000000
70028  45.823  -25.856  45.797 0.0000000000
37168  27.276  -56.175  68.666 0.0000000000
39310  26.469  -55.213  69.698 0.0000000000
39295  25.502  -54.420  71.559 0.0000000000
39296  24.899  -54.099  71.926 0.0000000000
39265  24.565  -54.792  73.779 0.0000000000
39279  23.649  -54.085  72.910 0.0000000000
39256  22.169  -54.464  74.505 0.0000000000
37139  35.996  -55.440  71.734 0.0000000000
37150  35.872  -55.398  71.291 0.0000000000
37160  35.775  -55.343  70.722 0.0000000000
37151  35.071  -55.554  71.196 0.0000000000
37152  34.182  -55.651  71.129 0.0000000000
37142  33.550  -55.805  71.595 0.0000000000
37164  31.795  -55.743  70.347 0.0000000000
37107  32.067  -56.104  72.821 0.0000000000
37128  31.878  -56.270  72.602 0.0000000000
35955  31.481  -56.357  71.903 0.0000000000
35945  30.806  -56.469  72.425 0.0000000000
35976  30.978  -56.045  70.771 0.0000000000
37165  30.818  -55.825  70.206 0.0000000000
37166  30.175  -56.012  69.938 0.0000000000
35989  29.689  -56.303  69.941 0.0000000000
35990  29.187  -56.495  69.634 0.0000000000
35991  28.627  -56.621  69.294 0.0000000000
35992  28.192  -56.660  68.983 0.0000000000
59953  46.815  -35.132  50.537 0.0000000000
64830  52.111  -30.746  64.923 0.0000000000
63937  52.444  -31.663  65.024 0.0000000000
62928  52.528  -32.361  64.869 0.0000000000
61806  52.475  -32.686  65.224 0.0000000000
61823  52.575  -33.122  64.684 0.0000000000
60746  52.562  -34.167  64.015 0.0000000000
59732  52.134  -34.971  65.521 0.0000000000
59750  51.885  -35.723  64.263 0.0000000000
58805  51.476  -36.063  64.040 0.0000000000
57704  50.072  -36.761  63.625 0.0000000000
51332  41.569  -43.676  70.043 0.0000000000
52380  40.420  -42.798  68.456 0.0000000000
52379  41.068  -42.482  68.859 0.0000000000
52378  42.043  -42.113  69.082 0.0000000000
53384  42.673  -40.818  67.717 0.0000000000
53401  41.751  -40.779  66.815 0.0000000000
54402  41.614  -40.722  66.473 0.0000000000
53414  40.500  -41.115  66.061 0.0000000000
54412  40.473  -40.815  65.568 0.0000000000
54440  38.293  -40.475  62.513 0.0000000000
54441  37.518  -40.817  62.181 0.0000000000
53441  37.401  -41.176  62.755 0.0000000000
53449  37.090  -41.084  62.083 0.0000000000
53451  35.796  -41.607  61.519 0.0000000000
53452  35.265  -41.877  61.259 0.0000000000
50309  35.647  -43.975  63.325 0.0000000000
51388  35.895  -43.319  63.304 0.0000000000
51396  35.754  -42.890  62.783 0.0000000000
52442  35.720  -42.570  62.439 0.0000000000
52454  34.848  -42.485  61.310 0.0000000000
52466  34.369  -42.567  60.782 0.0000000000
51424  34.051  -43.082  60.699 0.0000000000
51425  33.489  -43.626  60.341 0.0000000000
51426  32.953  -44.129  59.937 0.0000000000
50376  32.650  -44.592  59.683 0.0000000000
42691  30.298  -51.561  62.288 0.0000000000
42712  30.667  -51.206  61.544 0.0000000000
43762  27.997  -50.649  60.810 0.0000000000
43798  24.678  -50.954  58.358 0.0000000000
43797  25.335  -50.230  58.570 0.0000000000
44865  25.780  -49.746  57.715 0.0000000000
66953  49.148  -28.496  47.782 0.0000000000
66956  46.056  -28.499  47.679 0.0000000000
39344  25.546  -54.428  67.402 0.0000000000
40423  24.126  -52.728  66.377 0.0000000000
40385  24.453  -53.422  69.935 0.0000000000
41545  23.463  -52.303  66.513 0.0000000000
41554  23.101  -52.245  65.406 0.0000000000
41447  39.653  -51.704  72.194 0.0000000000
44659  40.070  -49.379  72.812 0.0000000000
44683  40.634  -49.321  71.365 0.0000000000
44711  40.319  -49.231  70.200 0.0000000000
43648  40.013  -50.162  70.000 0.0000000000
44712  39.852  -49.426  69.579 0.0000000000
45837  39.520  -48.774  69.202 0.0000000000
44755  37.375  -49.789  66.544 0.0000000000
43682  37.741  -50.277  66.880 0.0000000000
44773  37.241  -50.291  66.144 0.0000000000
42668  35.925  -51.358  64.205 0.0000000000
41532  37.615  -52.484  67.204 0.0000000000
41542  37.326  -52.224  66.542 0.0000000000
41543  36.803  -52.389  66.019 0.0000000000
41551  37.017  -51.957  65.834 0.0000000000
41578  34.494  -52.053  63.522 0.0000000000
41561  34.527  -52.317  63.912 0.0000000000
41603  32.004  -51.781  62.745 0.0000000000
39353  34.257  -53.791  67.101 0.0000000000
39341  32.642  -54.293  67.772 0.0000000000
39354  33.262  -53.905  67.065 0.0000000000
40446  31.682  -52.813  65.013 0.0000000000
41564  32.201  -52.353  64.228 0.0000000000
41581  31.578  -52.068  63.558 0.0000000000
41604  30.946  -51.855  62.887 0.0000000000
42692  29.276  -51.692  62.389 0.0000000000
42693  28.320  -51.883  62.394 0.0000000000
42717  25.482  -51.967  61.486 0.0000000000
40464  26.194  -53.715  63.471 0.0000000000
40482  26.409  -53.210  63.085 0.0000000000
40481  26.816  -53.091  63.164 0.0000000000
41626  24.467  -52.520  61.308 0.0000000000
40500  23.704  -53.407  61.418 0.0000000000
39451  22.793  -54.145  59.163 0.0000000000
65889  43.412  -29.956  52.005 0.0000000000
64955  42.690  -30.896  51.079 0.0000000000
64069  42.631  -31.666  50.537 0.0000000000
64068  43.305  -31.930  51.088 0.0000000000
63132  42.608  -32.557  49.651 0.0000000000
63124  45.503  -32.850  50.729 0.0000000000
60945  45.369  -34.328  48.152 0.0000000000
60946  44.693  -34.193  48.100 0.0000000000
62050  44.188  -33.983  48.101 0.0000000000
60961  43.647  -34.068  47.074 0.0000000000
59967  47.291  -35.449  49.490 0.0000000000
58995  47.281  -36.214  47.989 0.0000000000
59011  46.957  -36.644  47.222 0.0000000000
38125  28.042  -55.545  77.736 0.0000000000
38126  27.719  -55.763  77.975 0.0000000000
37021  27.969  -56.014  77.662 0.0000000000
38152  25.215  -55.932  76.351 0.0000000000
38153  24.856  -55.790  76.511 0.0000000000
38167  24.286  -55.356  75.908 0.0000000000
37067  24.291  -55.928  77.632 0.0000000000
38184  22.804  -54.795  75.193 0.0000000000
37027  22.922  -55.889  78.748 0.0000000000
37051  21.552  -55.476  77.624 0.0000000000
38141  22.163  -55.409  77.464 0.0000000000
39246  21.570  -54.635  74.984 0.0000000000
39257  21.053  -54.422  74.477 0.0000000000
39270  19.900  -54.050  73.237 0.0000000000
38187  19.732  -54.557  74.507 0.0000000000
37069  18.718  -55.520  76.469 0.0000000000
66914  53.651  -29.317  50.180 0.0000000000
66915  52.944  -29.158  49.878 0.0000000000
66916  51.991  -28.889  49.706 0.0000000000
66899  51.534  -28.618  50.539 0.0000000000
66866  52.612  -28.793  52.173 0.0000000000
66900  50.588  -28.386  50.529 0.0000000000
66884  49.251  -27.962  51.566 0.0000000000
65825  54.662  -29.486  55.445 0.0000000000
65841  53.980  -29.290  54.627 0.0000000000
66830  52.596  -28.753  54.075 0.0000000000
66814  52.657  -28.787  55.161 0.0000000000
66872  46.797  -28.369  52.965 0.0000000000
66873  45.640  -28.766  53.218 0.0000000000
65862  45.117  -29.219  53.832 0.0000000000
66804  48.547  -28.868  56.799 0.0000000000
66836  46.616  -29.031  55.149 0.0000000000
66837  46.010  -29.176  54.935 0.0000000000
65863  44.466  -29.869  54.189 0.0000000000
64944  44.231  -30.373  54.176 0.0000000000
64932  44.280  -30.647  54.739 0.0000000000
65831  44.926  -30.249  55.947 0.0000000000
64925  44.667  -30.715  55.894 0.0000000000
64045  44.297  -31.386  54.467 0.0000000000
64053  44.541  -31.676  53.729 0.0000000000
63099  45.201  -32.047  53.639 0.0000000000
64888  46.342  -30.931  58.644 0.0000000000
64889  45.875  -31.349  58.320 0.0000000000
63031  45.271  -32.154  57.140 0.0000000000
63087  45.815  -32.274  54.291 0.0000000000
63098  46.095  -32.181  53.414 0.0000000000
63097  47.068  -32.416  53.165 0.0000000000
63106  47.165  -32.692  52.237 0.0000000000
63105  47.767  -33.324  52.016 0.0000000000
63096  47.878  -32.819  52.947 0.0000000000
62009  47.934  -33.684  51.910 0.0000000000
62015  48.014  -33.892  51.531 0.0000000000
60909  47.789  -34.334  51.249 0.0000000000
63956  50.582  -31.241  62.866 0.0000000000
62950  50.178  -32.059  62.598 0.0000000000
61874  49.184  -33.469  61.245 0.0000000000
61871  51.938  -33.938  61.944 0.0000000000
61872  51.360  -33.920  61.592 0.0000000000
61893  50.711  -34.204  60.669 0.0000000000
60803  50.760  -34.613  59.891 0.0000000000
61990  49.444  -33.518  55.359 0.0000000000
62003  49.069  -33.608  54.642 0.0000000000
63083  48.828  -33.394  54.356 0.0000000000
60910  47.343  -34.534  51.417 0.0000000000
60911  46.580  -34.743  51.314 0.0000000000
60889  46.754  -34.387  53.167 0.0000000000
60848  46.571  -34.803  55.972 0.0000000000
60865  45.993  -34.576  55.174 0.0000000000
57691  50.137  -36.967  64.510 0.0000000000
55396  47.517  -39.263  69.054 0.0000000000
55417  47.525  -39.113  68.186 0.0000000000
55420  45.378  -39.576  67.182 0.0000000000
55419  46.027  -39.441  67.341 0.0000000000
55433  47.208  -39.028  67.473 0.0000000000
56510  47.773  -38.690  67.510 0.0000000000
57680  48.066  -37.545  65.458 0.0000000000
57681  47.239  -37.666  65.122 0.0000000000
57721  48.118  -37.003  62.328 0.0000000000
57754  46.325  -37.548  60.578 0.0000000000
57807  44.613  -37.366  57.636 0.0000000000
56643  43.291  -38.483  59.260 0.0000000000
56642  44.291  -38.381  59.184 0.0000000000
56663  44.413  -38.000  58.215 0.0000000000
56684  44.184  -37.855  57.610 0.0000000000
57827  43.755  -37.523  56.757 0.0000000000
57851  43.551  -37.142  56.210 0.0000000000
57852  43.082  -37.496  55.895 0.0000000000
56729  41.819  -38.092  55.733 0.0000000000
57878  38.197  -37.732  54.919 0.0000000000
55503  37.086  -39.269  59.793 0.0000000000
54451  36.875  -40.119  60.675 0.0000000000
55493  36.700  -39.775  60.232 0.0000000000
56650  36.651  -39.131  59.267 0.0000000000
56692  35.515  -38.725  57.919 0.0000000000
54464  34.339  -40.800  59.525 0.0000000000
55521  34.435  -39.913  58.857 0.0000000000
54487  33.169  -40.304  58.035 0.0000000000
55534  34.547  -39.325  58.179 0.0000000000
56693  34.691  -38.900  57.716 0.0000000000
46955  37.428  -48.090  66.948 0.0000000000
46956  36.943  -48.043  66.387 0.0000000000
46980  36.127  -47.880  65.093 0.0000000000
46996  34.644  -47.507  63.011 0.0000000000
44815  34.873  -49.494  62.533 0.0000000000
44822  34.533  -49.632  61.889 0.0000000000
45924  34.980  -48.933  63.034 0.0000000000
47014  34.711  -48.242  62.871 0.0000000000
48068  34.486  -46.773  62.739 0.0000000000
48088  34.146  -46.843  62.108 0.0000000000
48107  33.761  -46.685  61.413 0.0000000000
48108  33.424  -46.614  60.623 0.0000000000
48138  32.636  -46.245  59.110 0.0000000000
49287  31.840  -45.606  58.260 0.0000000000
43743  30.974  -50.817  60.842 0.0000000000
43759  31.330  -50.471  60.188 0.0000000000
43778  31.772  -50.107  59.570 0.0000000000
44859  31.755  -49.162  58.320 0.0000000000
47077  31.558  -47.329  57.428 0.0000000000
48164  31.733  -46.619  57.658 0.0000000000
49307  31.416  -45.672  57.436 0.0000000000
66951  51.219  -28.478  47.902 0.0000000000
68957  49.931  -27.029  46.145 0.0000000000
67967  50.563  -26.830  45.941 0.0000000000
71011  50.061  -24.560  45.578 0.0000000000
71006  46.393  -25.495  45.828 0.0000000000
65919  42.553  -29.899  49.736 0.0000000000
64968  41.599  -31.346  48.484 0.0000000000
64974  41.545  -31.163  47.994 0.0000000000
37090  33.061  -55.316  72.999 0.0000000000
37108  31.914  -56.196  72.758 0.0000000000
37127  32.101  -56.168  72.643 0.0000000000
37137  37.307  -55.087  71.879 0.0000000000
38139  23.847  -55.804  77.614 0.0000000000
38185  22.068  -54.740  75.238 0.0000000000
40461  34.767  -52.297  63.889 0.0000000000
41460  39.629  -52.199  71.968 0.0000000000
41473  39.898  -51.717  71.080 0.0000000000
41483  23.176  -52.889  70.140 0.0000000000
41496  40.002  -51.470  70.786 0.0000000000
41553  35.834  -52.257  64.909 0.0000000000
41669  23.590  -52.617  58.669 0.0000000000
42655  37.741  -51.535  66.655 0.0000000000
42707  34.167  -50.611  61.871 0.0000000000
42748  23.746  -52.105  59.412 0.0000000000
43776  33.034  -49.895  59.938 0.0000000000
44698  40.880  -48.312  71.074 0.0000000000
44910  26.729  -49.637  55.050 0.0000000000
45775  40.902  -48.292  72.172 0.0000000000
45787  41.091  -47.729  71.450 0.0000000000
45982  26.512  -49.000  56.131 0.0000000000
46892  40.888  -47.369  70.943 0.0000000000
47078  30.932  -47.157  56.913 0.0000000000
47891  41.905  -45.703  72.722 0.0000000000
47925  41.937  -46.042  71.813 0.0000000000
48152  32.064  -46.473  58.159 0.0000000000
49064  42.148  -45.423  72.226 0.0000000000
49270  32.574  -45.746  59.264 0.0000000000
50236  39.258  -44.369  68.424 0.0000000000
52416  39.296  -42.303  66.291 0.0000000000
53373  41.045  -41.989  68.283 0.0000000000
53430  38.948  -41.143  64.387 0.0000000000
55456  44.370  -39.012  65.065 0.0000000000
55506  34.786  -40.197  59.403 0.0000000000
55522  33.870  -40.173  58.598 0.0000000000
55536  33.055  -40.155  57.729 0.0000000000
56529  45.937  -38.735  66.136 0.0000000000
56580  45.802  -38.076  64.214 0.0000000000
56672  35.780  -39.049  58.476 0.0000000000
56712  40.131  -37.956  56.213 0.0000000000
56728  42.341  -37.792  55.656 0.0000000000
57789  46.312  -36.876  58.825 0.0000000000
57791  44.853  -37.596  58.264 0.0000000000
57808  44.048  -37.754  57.318 0.0000000000
57813  36.998  -37.824  57.419 0.0000000000
57875  42.280  -37.388  55.288 0.0000000000
58790  52.003  -35.440  65.242 0.0000000000
58829  48.711  -36.720  61.164 0.0000000000
58839  47.985  -36.767  60.362 0.0000000000
58888  45.097  -36.826  57.617 0.0000000000
58916  42.745  -36.758  55.356 0.0000000000
59010  47.390  -36.087  47.621 0.0000000000
59800  51.916  -34.559  61.916 0.0000000000
59814  50.292  -35.764  60.373 0.0000000000
59826  51.003  -34.928  59.835 0.0000000000
59829  49.663  -35.657  59.506 0.0000000000
59936  46.198  -34.960  50.898 0.0000000000
59950  48.118  -34.606  50.121 0.0000000000
59951  48.031  -34.802  50.111 0.0000000000
60777  51.775  -34.353  61.639 0.0000000000
60791  51.041  -34.471  60.520 0.0000000000
60908  48.014  -34.183  51.037 0.0000000000
60926  47.098  -34.791  51.008 0.0000000000
61822  52.552  -32.622  64.977 0.0000000000
61917  47.219  -33.414  58.753 0.0000000000
61952  47.557  -33.117  57.296 0.0000000000
62004  48.659  -33.583  54.126 0.0000000000
62019  48.112  -34.024  50.840 0.0000000000
62022  47.034  -33.372  50.105 0.0000000000
62026  48.117  -34.150  50.248 0.0000000000
62027  47.972  -34.028  49.732 0.0000000000
62915  52.422  -32.367  65.354 0.0000000000
62927  52.500  -32.353  65.137 0.0000000000
63014  45.376  -32.016  57.682 0.0000000000
63051  44.654  -31.752  55.714 0.0000000000
63088  44.926  -32.031  54.419 0.0000000000
63104  47.962  -33.516  52.267 0.0000000000
63121  47.689  -33.577  50.654 0.0000000000
63133  41.892  -32.243  49.137 0.0000000000
63151  41.648  -32.700  46.860 0.0000000000
63967  47.598  -31.750  60.669 0.0000000000
63976  46.976  -32.256  59.983 0.0000000000
63987  46.825  -31.322  59.678 0.0000000000
64005  45.583  -31.705  58.033 0.0000000000
64028  44.930  -31.542  56.699 0.0000000000
64046  44.050  -31.072  54.100 0.0000000000
64063  44.580  -31.914  52.554 0.0000000000
64082  41.456  -31.783  48.166 0.0000000000
64875  46.655  -31.188  59.342 0.0000000000
64905  46.048  -30.658  58.028 0.0000000000
64917  44.778  -31.100  56.396 0.0000000000
64924  45.007  -30.395  56.226 0.0000000000
64933  44.079  -30.949  54.325 0.0000000000
65801  45.942  -30.551  57.740 0.0000000000
65812  53.158  -28.983  56.670 0.0000000000
65861  53.394  -29.024  53.158 0.0000000000
65864  44.177  -30.277  53.884 0.0000000000
66820  46.827  -29.123  55.785 0.0000000000
66874  44.972  -28.944  52.926 0.0000000000
70027  46.650  -25.989  45.960 0.0000000000
