#!ascii label  , from subject sub-MOT05 vox2ras=TkReg
793
80549  17.593  -14.846  8.345 0.2500000000
79571  17.139  -15.440  7.074 0.2500000000
80559  18.600  -15.700  7.923 0.7500000000
85315  16.818  -10.844  8.245 0.2500000000
84378  16.980  -11.786  8.608 0.1250000000
83430  17.137  -12.764  8.485 0.2500000000
81484  17.266  -14.408  8.887 0.2500000000
81532  17.006  -14.810  6.626 0.7500000000
81518  17.305  -15.019  7.459 0.3750000000
80558  18.897  -15.730  7.536 0.8750000000
80572  17.439  -15.279  6.979 0.8750000000
79584  19.786  -16.652  7.215 0.8750000000
84393  16.995  -12.063  7.749 0.3750000000
83450  17.374  -12.874  7.914 0.3750000000
83449  17.745  -12.950  7.452 0.8750000000
82508  17.659  -13.878  7.717 0.7500000000
81529  19.227  -14.519  6.851 1.0000000000
82506  18.269  -14.276  7.219 1.0000000000
81516  18.006  -14.606  7.401 0.8750000000
80570  19.371  -15.615  7.093 1.0000000000
81531  17.448  -15.150  7.175 0.8750000000
79583  20.278  -16.363  6.709 1.0000000000
86320  16.606  -9.815  7.818 0.2500000000
85334  17.395  -11.616  7.257 0.7500000000
84408  17.739  -12.175  7.028 0.8750000000
83464  18.150  -13.005  7.047 0.8750000000
84392  17.369  -12.085  7.544 0.7500000000
81543  19.687  -14.181  6.499 1.0000000000
82518  19.082  -13.623  6.583 1.0000000000
83463  18.609  -13.194  6.688 1.0000000000
79604  20.689  -15.689  6.221 1.0000000000
79605  20.447  -15.017  6.229 1.0000000000
80569  19.961  -15.749  6.641 1.0000000000
86294  16.529  -9.660  8.495 0.1250000000
85351  17.103  -10.283  7.211 0.6250000000
85373  18.137  -11.219  6.175 1.0000000000
85350  17.505  -11.177  6.867 0.8750000000
84407  18.267  -12.530  6.689 1.0000000000
79629  21.201  -14.969  5.611 1.0000000000
80601  20.661  -14.347  5.853 1.0000000000
124479  19.689  -13.479  6.232 1.0000000000
124483  19.335  -12.924  6.138 1.0000000000
79619  21.910  -15.766  5.611 1.0000000000
79621  20.679  -14.944  6.044 1.0000000000
80584  22.773  -15.809  5.384 1.0000000000
79602  22.362  -16.392  5.613 1.0000000000
89205  19.178  -6.823  6.283 0.2500000000
87298  15.957  -8.656  8.311 0.2500000000
87317  16.356  -8.761  7.498 0.3750000000
86337  17.399  -10.001  6.483 1.0000000000
87316  16.828  -8.843  6.724 0.6250000000
85372  19.097  -11.590  5.697 1.0000000000
79637  21.255  -14.833  5.542 1.0000000000
80609  20.892  -14.211  5.609 1.0000000000
124474  20.721  -12.591  5.348 1.0000000000
81565  22.250  -14.308  5.089 1.0000000000
81555  23.111  -14.169  5.253 1.0000000000
80583  23.246  -15.206  5.398 1.0000000000
89218  19.046  -6.893  5.571 0.5000000000
89206  18.257  -6.827  6.455 0.3750000000
89187  17.405  -6.939  7.517 0.3750000000
89207  17.428  -7.339  6.600 0.5000000000
89220  17.859  -7.674  6.034 0.5000000000
87334  18.410  -9.108  5.287 0.8750000000
86356  18.217  -10.201  5.621 1.0000000000
87355  19.158  -8.989  5.058 1.0000000000
85371  20.342  -12.096  5.287 1.0000000000
86355  19.432  -10.253  5.251 1.0000000000
82538  22.179  -13.100  5.090 1.0000000000
84444  20.936  -11.999  4.968 1.0000000000
82536  23.395  -13.372  5.307 1.0000000000
82550  22.305  -13.720  5.083 1.0000000000
81542  23.708  -14.317  5.531 0.8750000000
89217  19.904  -6.845  5.468 0.5000000000
89236  19.146  -7.517  5.169 0.6250000000
88282  19.745  -7.911  4.712 0.6250000000
88283  19.184  -8.177  4.996 1.0000000000
88284  18.641  -8.241  5.280 0.7500000000
86375  20.275  -9.906  4.889 1.0000000000
84426  23.356  -11.572  5.256 1.0000000000
84440  22.708  -11.446  4.932 1.0000000000
84442  21.451  -11.410  4.718 1.0000000000
85392  20.990  -10.666  4.673 1.0000000000
83491  23.029  -12.432  5.168 1.0000000000
83492  22.397  -12.361  4.974 1.0000000000
83493  21.781  -12.389  4.930 1.0000000000
83478  23.740  -12.488  5.410 0.8750000000
82530  24.144  -13.428  5.671 0.8750000000
89235  19.795  -7.131  4.953 0.5000000000
88281  20.521  -7.490  4.520 0.8750000000
86372  22.498  -9.285  4.790 1.0000000000
86373  21.730  -9.380  4.573 1.0000000000
85389  23.141  -10.408  5.170 1.0000000000
85391  21.577  -10.480  4.587 1.0000000000
86370  23.859  -9.514  5.472 1.0000000000
84424  24.900  -11.456  5.857 1.0000000000
84425  24.031  -11.584  5.540 1.0000000000
85369  24.106  -10.446  5.588 1.0000000000
89234  20.586  -6.696  4.723 0.5000000000
88299  20.871  -6.896  4.481 0.8750000000
88280  21.229  -7.123  4.476 1.0000000000
88262  22.834  -7.429  4.997 1.0000000000
87351  21.897  -8.189  4.595 1.0000000000
87332  24.249  -8.011  5.296 1.0000000000
87331  25.471  -8.373  5.350 1.0000000000
86353  23.847  -8.796  5.399 1.0000000000
85368  25.324  -10.404  5.771 1.0000000000
86352  24.648  -9.280  5.595 1.0000000000
92140  21.952  -3.458  4.332 1.0000000000
92141  20.608  -3.973  4.457 0.3750000000
124500  21.607  -4.262  4.299 0.8750000000
88278  22.424  -5.941  4.700 1.0000000000
88260  24.902  -7.257  4.922 1.0000000000
93098  22.068  -2.265  4.408 0.8750000000
124515  22.702  -4.158  4.425 1.0000000000
93083  23.963  -3.235  4.398 1.0000000000
89214  24.130  -5.162  4.973 1.0000000000
89213  24.839  -6.186  4.884 1.0000000000
90137  24.998  -5.264  5.018 1.0000000000
88277  25.685  -7.008  5.108 1.0000000000
94023  21.707  -1.752  4.392 0.7500000000
93097  23.273  -2.614  4.246 1.0000000000
91126  25.241  -4.598  4.677 1.0000000000
124503  24.695  -4.088  4.689 1.0000000000
92128  24.853  -3.516  4.340 1.0000000000
97737  22.453  2.377  3.955 0.1250000000
97746  22.964  3.009  3.252 0.1250000000
97757  22.329  2.609  2.197 0.2500000000
97756  22.503  3.151  2.555 0.1250000000
97766  22.274  2.586  0.769 0.5000000000
98791  21.566  3.335  1.122 0.2500000000
98800  21.549  3.309  0.139 0.3750000000
98782  22.724  3.900  2.496 0.2500000000
98783  21.868  3.899  1.870 0.2500000000
99797  21.821  4.844  1.324 0.2500000000
98801  21.096  3.905  0.388 0.2500000000
99814  21.160  4.415  -0.296 0.2500000000
98810  21.213  3.837  -0.279 0.3750000000
99798  21.511  4.622  0.932 0.2500000000
98809  21.718  3.589  -0.775 0.3750000000
99821  21.933  4.536  -1.021 0.2500000000
81483  17.383  -14.779  9.131 0.1250000000
82494  17.460  -13.773  8.209 0.2500000000
83409  16.946  -12.620  9.043 0.1250000000
87352  21.128  -8.380  4.417 0.8750000000
79561  18.116  -15.952  9.307 0.1250000000
78559  19.765  -17.627  7.681 0.7500000000
84359  16.999  -11.753  8.903 0.1250000000
78558  20.342  -17.674  7.161 1.0000000000
81463  17.162  -14.208  9.242 0.1250000000
78570  21.434  -17.163  6.264 1.0000000000
78589  22.006  -17.293  5.923 1.0000000000
78587  23.344  -17.182  5.812 1.0000000000
87299  15.615  -8.035  8.901 0.3750000000
89167  16.594  -6.943  8.591 0.2500000000
80582  24.027  -15.253  5.800 0.8750000000
81541  24.520  -14.403  5.916 0.8750000000
84423  26.002  -11.423  5.794 0.8750000000
91136  19.996  -4.405  4.843 0.1250000000
124513  20.804  -4.471  4.641 0.1250000000
89251  21.053  -6.589  4.514 0.6250000000
86351  25.797  -9.471  5.556 1.0000000000
124509  20.970  -4.343  4.501 0.3750000000
90138  21.911  -4.982  4.488 0.8750000000
87349  26.009  -7.685  4.857 1.0000000000
88276  26.369  -7.204  4.480 1.0000000000
89230  25.976  -6.202  4.912 1.0000000000
94022  22.439  -1.342  4.192 0.8750000000
94021  23.787  -1.441  3.909 1.0000000000
93081  24.634  -2.857  3.944 1.0000000000
91135  25.874  -4.258  3.894 1.0000000000
97736  23.162  2.640  4.176 0.1250000000
97738  21.846  2.077  3.912 0.1250000000
96763  22.515  1.263  3.182 0.6250000000
96783  22.644  2.079  1.694 0.6250000000
97765  22.733  2.205  0.448 0.5000000000
97774  22.593  2.356  -0.147 0.5000000000
98775  23.343  3.891  3.158 0.2500000000
99796  22.310  4.797  1.955 0.2500000000
97775  22.095  2.868  -0.361 0.5000000000
97786  22.216  2.859  -1.273 0.5000000000
100663  22.210  5.272  1.459 0.1250000000
99804  21.591  5.150  0.583 0.2500000000
99820  22.805  4.821  -0.994 0.2500000000
97795  22.569  2.810  -2.042 0.3750000000
98808  23.254  4.235  -1.476 0.2500000000
100668  22.125  5.532  0.911 0.1250000000
80548  17.874  -15.231  8.650 0.1250000000
80560  17.887  -15.062  7.700 0.3750000000
80547  18.298  -15.532  8.323 0.5000000000
82469  17.160  -13.697  8.855 0.1250000000
79569  19.265  -16.388  7.595 0.7500000000
80571  18.376  -15.196  7.589 0.8750000000
78572  20.220  -17.175  7.088 1.0000000000
82520  18.347  -13.478  6.986 1.0000000000
81530  18.486  -14.725  7.273 1.0000000000
79582  20.993  -16.608  6.380 1.0000000000
79603  21.546  -16.289  5.978 1.0000000000
124485  19.177  -12.241  5.876 1.0000000000
79627  22.112  -15.272  5.269 1.0000000000
124475  20.068  -13.480  6.032 1.0000000000
124484  19.633  -12.704  5.855 1.0000000000
79618  22.334  -15.637  5.422 1.0000000000
89189  15.804  -7.398  8.368 0.3750000000
88251  16.438  -7.995  7.142 0.5000000000
87335  17.498  -8.878  5.904 0.8750000000
80600  22.549  -14.991  5.208 1.0000000000
124476  21.359  -13.755  5.299 1.0000000000
80618  20.933  -13.136  5.434 1.0000000000
124478  21.307  -13.241  5.321 1.0000000000
82551  21.782  -13.597  5.107 1.0000000000
88264  17.579  -7.973  6.154 0.6250000000
89237  18.828  -7.801  5.262 0.6250000000
86376  19.654  -9.468  5.011 1.0000000000
87354  19.721  -8.827  4.823 1.0000000000
84443  21.064  -11.453  4.782 1.0000000000
86354  20.189  -10.843  5.070 1.0000000000
82537  22.727  -13.323  5.149 1.0000000000
87353  20.390  -8.656  4.583 1.0000000000
86374  21.000  -9.576  4.511 1.0000000000
85370  23.633  -11.012  5.395 1.0000000000
85390  22.291  -10.410  4.698 1.0000000000
83477  24.561  -12.479  5.761 0.8750000000
87350  22.663  -8.164  4.845 1.0000000000
85388  23.563  -9.888  5.364 1.0000000000
86371  23.258  -9.160  5.157 1.0000000000
88279  22.144  -6.872  4.750 1.0000000000
88261  23.280  -6.682  4.752 1.0000000000
87333  23.356  -8.040  5.097 1.0000000000
89231  22.509  -4.825  4.495 1.0000000000
124514  22.888  -4.324  4.497 1.0000000000
92139  23.504  -3.983  4.611 1.0000000000
124501  23.939  -4.461  4.790 1.0000000000
93096  24.357  -2.301  3.897 1.0000000000
124507  24.337  -3.951  4.699 1.0000000000
97747  22.408  2.478  3.168 0.1250000000
97727  21.894  2.103  4.542 0.1250000000
97748  22.085  2.027  3.257 0.3750000000
97758  22.249  1.916  2.880 0.5000000000
100681  22.038  5.330  -0.505 0.2500000000
99830  22.335  4.125  -1.768 0.2500000000
79549  18.022  -16.007  9.841 0.1250000000
79570  19.156  -16.936  8.184 0.6250000000
78571  20.812  -17.500  6.694 1.0000000000
124512  21.122  -4.686  4.695 0.5000000000
89233  21.204  -6.107  4.663 0.6250000000
89232  21.784  -5.480  4.596 0.7500000000
124508  21.424  -4.651  4.549 0.7500000000
94020  24.858  -1.519  3.201 1.0000000000
93095  25.174  -2.648  3.477 1.0000000000
96754  21.706  1.492  3.925 0.3750000000
95824  23.054  1.169  2.735 0.7500000000
96773  22.608  1.758  2.540 0.7500000000
96782  22.931  1.917  0.996 0.7500000000
98817  22.850  3.681  -2.213 0.2500000000
73455  21.746  -22.112  8.384 0.7500000000
73453  23.597  -21.844  7.533 0.7500000000
74463  21.021  -21.364  8.339 0.7500000000
75405  20.433  -20.394  8.239 0.7500000000
74461  22.715  -21.034  7.650 0.7500000000
74462  21.873  -21.196  7.923 0.7500000000
75404  21.200  -20.383  7.773 0.7500000000
74460  23.335  -20.730  7.371 0.7500000000
75403  22.005  -20.274  7.396 0.7500000000
77472  20.164  -18.684  7.872 0.7500000000
78560  19.351  -17.618  8.187 0.6250000000
76377  21.380  -19.587  7.285 0.7500000000
76400  21.041  -18.939  7.144 0.8750000000
75402  22.723  -20.328  7.226 0.7500000000
75428  22.336  -19.822  7.015 0.7500000000
76399  21.520  -18.982  6.784 0.8750000000
77488  21.088  -18.394  6.777 0.8750000000
75426  23.588  -20.034  7.085 0.7500000000
76398  22.256  -19.124  6.629 0.7500000000
77485  23.385  -18.408  6.542 0.7500000000
77486  22.567  -18.193  6.310 0.8750000000
77507  22.129  -17.829  6.116 0.8750000000
78568  23.547  -17.677  6.228 0.8750000000
79581  23.803  -17.071  5.917 0.8750000000
79601  23.290  -16.443  5.597 0.8750000000
78565  26.329  -17.011  6.200 0.3750000000
79579  25.522  -16.241  6.320 0.6250000000
79580  24.339  -16.359  6.095 0.7500000000
79599  26.949  -16.650  5.926 0.5000000000
79578  26.395  -16.101  6.200 0.5000000000
80567  25.814  -15.401  6.310 0.7500000000
80568  24.909  -15.370  6.132 0.7500000000
80580  27.793  -15.760  5.483 0.1250000000
80566  26.534  -15.401  6.289 0.3750000000
81528  25.388  -14.560  6.231 0.6250000000
80598  28.723  -15.524  4.662 0.1250000000
81539  27.965  -14.901  5.541 0.1250000000
82515  27.410  -14.186  6.021 0.1250000000
82526  27.966  -13.874  5.387 0.1250000000
82528  26.153  -13.254  6.137 0.6250000000
83475  26.592  -12.415  5.703 0.6250000000
83476  25.547  -12.406  5.974 0.7500000000
82525  28.651  -13.782  4.645 0.1250000000
83489  28.672  -12.621  4.191 0.1250000000
83474  27.718  -12.548  5.084 0.1250000000
84439  27.711  -11.452  4.548 0.5000000000
84422  27.032  -11.488  5.355 0.5000000000
85366  27.284  -10.745  4.968 0.6250000000
85367  26.517  -10.412  5.484 0.7500000000
94906  21.683  -0.460  4.444 0.5000000000
85387  27.245  -10.018  5.018 0.6250000000
86350  26.654  -9.409  5.212 0.6250000000
87330  25.912  -9.210  5.343 0.8750000000
86368  27.689  -9.487  3.477 0.5000000000
86369  27.299  -9.339  4.469 0.6250000000
87347  27.383  -8.537  3.825 0.6250000000
87348  26.595  -8.379  4.778 0.7500000000
94912  22.280  -0.214  4.041 0.7500000000
90136  26.138  -5.528  4.425 0.8750000000
91125  26.248  -4.955  3.971 0.8750000000
88275  27.115  -7.727  4.115 0.7500000000
89229  26.672  -6.434  3.918 0.8750000000
90149  26.822  -5.831  3.408 0.8750000000
91134  26.572  -4.819  3.040 0.8750000000
88296  27.256  -7.727  3.185 0.6250000000
86385  27.840  -9.561  2.476 0.2500000000
87367  27.478  -8.718  2.769 0.3750000000
95812  23.016  0.557  3.420 0.7500000000
94911  23.314  -0.435  3.640 0.8750000000
94910  24.165  -0.733  3.405 0.8750000000
93112  25.794  -2.720  2.585 0.7500000000
92138  26.024  -3.641  3.076 0.8750000000
89250  27.072  -6.795  3.272 0.6250000000
90148  27.073  -6.513  2.717 0.7500000000
88311  27.112  -8.019  2.120 0.3750000000
91143  26.765  -4.937  1.989 0.7500000000
87379  27.522  -8.840  1.795 0.2500000000
95813  22.055  0.813  3.837 0.6250000000
94917  23.960  -0.111  3.143 0.8750000000
94916  24.526  -0.452  2.602 0.7500000000
92149  26.483  -3.900  1.882 0.7500000000
90158  26.904  -6.041  2.185 0.5000000000
89270  26.899  -7.113  0.770 0.2500000000
89261  26.818  -6.524  1.268 0.5000000000
89260  26.862  -7.158  1.695 0.5000000000
88320  27.038  -8.099  1.044 0.2500000000
95823  23.892  0.603  2.438 0.7500000000
95822  24.509  0.034  2.008 0.7500000000
94931  24.816  -0.529  1.594 0.7500000000
94044  25.447  -1.552  1.295 0.7500000000
94045  25.133  -1.028  1.544 0.7500000000
95836  24.415  0.284  1.247 0.7500000000
93122  25.887  -2.456  1.687 0.7500000000
93132  25.782  -2.524  0.643 0.7500000000
91149  26.715  -4.860  1.072 0.5000000000
92157  26.523  -4.038  0.725 0.3750000000
89271  26.904  -6.349  0.645 0.2500000000
90165  26.789  -5.751  1.247 0.3750000000
91155  26.695  -4.837  0.188 0.3750000000
96772  23.169  1.502  1.919 0.6250000000
94948  24.706  -0.600  0.408 0.7500000000
94947  25.211  -1.139  0.726 0.7500000000
92164  26.497  -4.101  -0.178 0.3750000000
93131  26.217  -3.366  0.210 0.3750000000
89278  27.091  -6.164  0.316 0.1250000000
90181  26.899  -5.443  -0.242 0.1250000000
95837  23.627  1.154  0.930 0.6250000000
95847  23.954  0.366  0.082 0.6250000000
93139  25.724  -2.886  -0.668 0.3750000000
94057  25.239  -1.657  0.089 0.3750000000
92170  26.229  -4.005  -1.015 0.2500000000
93138  26.196  -3.586  -0.420 0.3750000000
90187  27.307  -5.460  -1.536 0.1250000000
90188  26.791  -5.429  -0.899 0.1250000000
90180  27.302  -5.889  -0.539 0.1250000000
96792  23.095  1.845  0.137 0.6250000000
94965  24.014  -0.245  -0.991 0.3750000000
94058  24.698  -1.081  -0.661 0.3750000000
93144  24.970  -2.761  -1.917 0.2500000000
94070  25.041  -1.847  -1.178 0.3750000000
91175  26.601  -4.717  -2.189 0.1250000000
92171  25.648  -3.526  -1.611 0.3750000000
90186  28.112  -5.509  -1.773 0.1250000000
91167  26.486  -4.945  -1.469 0.1250000000
96803  22.827  1.895  -0.974 0.3750000000
95848  23.427  1.136  -0.359 0.3750000000
94966  23.558  0.337  -1.272 0.3750000000
95862  23.611  0.496  -0.793 0.3750000000
94083  23.885  -1.468  -2.526 0.3750000000
94981  23.700  -0.634  -2.122 0.3750000000
93145  24.333  -2.261  -2.591 0.3750000000
94071  24.380  -1.145  -1.625 0.3750000000
92193  27.020  -4.148  -3.772 0.1250000000
92178  25.455  -3.559  -2.531 0.1250000000
91174  27.344  -4.962  -2.556 0.1250000000
95879  23.437  0.726  -2.363 0.2500000000
94995  23.349  -0.198  -2.960 0.2500000000
94982  23.439  0.148  -1.863 0.3750000000
95863  23.368  0.959  -1.420 0.3750000000
93155  23.619  -1.327  -3.972 0.1250000000
94994  23.510  -0.863  -2.730 0.3750000000
93154  23.908  -2.055  -3.472 0.1250000000
92194  26.227  -3.608  -4.192 0.1250000000
93153  24.664  -2.895  -3.062 0.1250000000
96818  23.153  1.790  -2.013 0.3750000000
95894  23.642  0.458  -3.172 0.2500000000
93166  23.636  -0.975  -4.504 0.1250000000
95014  23.543  -0.024  -4.676 0.1250000000
93175  24.167  -1.273  -4.728 0.1250000000
94119  23.973  -0.642  -4.788 0.1250000000
92201  27.196  -3.663  -4.723 0.1250000000
93174  25.038  -2.214  -5.077 0.1250000000
95904  24.497  0.325  -3.144 0.1250000000
94117  25.470  -1.798  -4.928 0.1250000000
94107  25.100  -0.859  -3.901 0.1250000000
93181  26.589  -2.691  -5.576 0.1250000000
92206  26.813  -3.064  -5.612 0.1250000000
77487  21.688  -18.098  6.331 0.8750000000
78567  24.399  -17.477  6.435 0.6250000000
88297  26.907  -7.171  3.783 0.8750000000
95811  23.585  0.194  3.230 0.8750000000
94033  25.048  -1.156  2.113 0.8750000000
94032  25.483  -1.876  2.345 0.7500000000
93111  26.225  -3.070  1.974 0.7500000000
92186  25.408  -3.382  -3.630 0.1250000000
94096  23.300  -0.643  -3.902 0.2500000000
94118  24.749  -1.163  -4.580 0.1250000000
93173  26.330  -2.265  -5.143 0.1250000000
82516  26.644  -14.046  6.250 0.5000000000
82517  25.884  -13.992  6.350 0.6250000000
82529  25.122  -13.484  6.126 0.7500000000
84457  28.086  -11.081  3.857 0.3750000000
85386  27.695  -10.354  4.235 0.3750000000
93164  24.654  -2.639  -4.144 0.1250000000
86395  28.104  -9.584  1.656 0.1250000000
72468  22.457  -22.984  8.194 0.7500000000
73433  21.341  -22.332  8.573 0.7500000000
74443  20.631  -21.519  8.675 0.7500000000
74464  20.460  -21.090  8.595 0.7500000000
72467  23.263  -22.965  7.801 0.7500000000
73454  22.650  -22.001  8.031 0.7500000000
72466  24.289  -23.128  7.368 0.7500000000
77464  19.661  -18.583  8.372 0.6250000000
76378  20.689  -19.398  7.694 0.7500000000
74483  24.178  -20.981  7.262 0.6250000000
75425  24.584  -20.128  7.084 0.6250000000
76396  23.959  -19.205  6.916 0.6250000000
77483  25.236  -18.278  6.750 0.5000000000
77482  26.386  -18.215  6.362 0.3750000000
78566  25.385  -17.231  6.525 0.5000000000
78586  27.216  -17.608  5.708 0.1250000000
79598  27.544  -16.625  5.453 0.1250000000
80579  28.154  -15.456  5.013 0.1250000000
81554  29.120  -14.626  4.469 0.1250000000
82535  29.471  -13.639  4.073 0.1250000000
82549  29.454  -12.917  3.768 0.1250000000
94011  21.924  -0.808  4.338 0.3750000000
83490  28.057  -12.111  4.433 0.1250000000
85404  28.109  -10.394  3.173 0.2500000000
87390  27.741  -8.750  1.167 0.1250000000
88324  27.481  -7.241  0.313 0.1250000000
89277  27.347  -6.587  0.174 0.1250000000
89284  27.598  -6.251  -0.371 0.1250000000
96764  22.121  1.537  3.370 0.3750000000
90179  27.951  -6.095  -0.916 0.1250000000
90185  28.698  -5.255  -2.262 0.1250000000
90178  28.645  -5.444  -1.370 0.1250000000
91187  27.629  -4.158  -4.007 0.1250000000
92200  28.282  -3.809  -4.761 0.1250000000
96817  23.846  1.636  -2.272 0.2500000000
95878  24.321  1.002  -2.251 0.1250000000
95877  24.831  0.878  -1.712 0.1250000000
94094  25.162  -0.534  -3.377 0.1250000000
92205  27.707  -3.211  -5.603 0.1250000000
93163  26.659  -1.898  -4.973 0.1250000000
79600  23.691  -15.828  5.698 0.7500000000
93099  21.189  -2.171  4.321 0.3750000000
78588  22.791  -17.380  5.883 0.8750000000
77471  20.552  -18.329  7.266 0.8750000000
94019  25.383  -2.160  2.950 0.8750000000
96819  22.583  2.342  -1.583 0.3750000000
98816  23.355  3.169  -2.290 0.1250000000
97794  23.191  2.633  -2.399 0.2500000000
73456  21.219  -21.998  8.509 0.7500000000
75406  19.873  -20.174  8.577 0.7500000000
78552  19.441  -17.954  8.218 0.6250000000
76376  21.885  -19.565  6.991 0.8750000000
75427  22.846  -19.814  6.900 0.7500000000
76397  23.092  -19.147  6.693 0.7500000000
77484  24.229  -18.357  6.717 0.7500000000
78569  23.044  -17.904  6.254 0.8750000000
80581  27.196  -15.855  6.067 0.2500000000
81525  27.629  -14.729  6.006 0.2500000000
81526  27.049  -14.888  6.235 0.3750000000
81527  26.210  -14.714  6.365 0.6250000000
81538  28.391  -14.703  4.908 0.1250000000
82514  27.769  -14.420  5.763 0.1250000000
82527  27.081  -13.380  5.780 0.5000000000
83473  28.272  -13.202  4.842 0.1250000000
92137  26.495  -4.317  2.507 0.7500000000
89249  27.063  -7.180  2.517 0.5000000000
92150  26.162  -3.322  2.401 0.7500000000
88325  27.153  -7.537  0.352 0.1250000000
94930  25.172  -0.897  1.122 0.7500000000
93121  26.169  -3.234  1.195 0.6250000000
90173  26.904  -5.642  0.450 0.3750000000
91160  26.508  -4.855  -0.605 0.3750000000
90172  27.185  -5.935  0.044 0.1250000000
92177  26.018  -4.253  -1.967 0.2500000000
91166  26.877  -5.109  -1.961 0.1250000000
90195  27.749  -5.332  -2.074 0.1250000000
92185  26.396  -4.145  -2.997 0.1250000000
94095  23.463  -1.119  -3.274 0.3750000000
94082  24.584  -1.870  -2.020 0.3750000000
92184  27.117  -4.450  -3.168 0.1250000000
91173  28.256  -5.042  -3.097 0.1250000000
91182  27.635  -4.566  -3.412 0.1250000000
96834  23.580  1.057  -2.442 0.2500000000
95005  22.991  0.159  -4.006 0.2500000000
93165  24.042  -1.817  -4.460 0.1250000000
92203  25.571  -2.616  -4.898 0.1250000000
92195  25.469  -2.928  -4.578 0.1250000000
92202  26.212  -2.833  -5.023 0.1250000000
95905  24.065  0.517  -3.753 0.1250000000
95003  24.581  -0.128  -3.772 0.1250000000
94980  25.269  0.169  -1.814 0.1250000000
95893  24.051  0.699  -2.799 0.1250000000
72441  21.606  -23.039  8.613 0.7500000000
71521  22.948  -23.592  7.971 0.7500000000
76370  19.578  -19.557  8.748 0.5000000000
76379  20.061  -19.475  8.262 0.6250000000
76395  24.931  -19.237  6.882 0.6250000000
84456  28.673  -11.410  3.371 0.1250000000
83507  29.419  -12.236  3.499 0.1250000000
84438  28.257  -11.733  4.078 0.1250000000
91181  28.367  -4.340  -3.786 0.1250000000
91186  27.878  -4.023  -4.339 0.1250000000
73434  20.860  -22.202  8.733 0.7500000000
75387  20.092  -20.736  8.716 0.5000000000
71497  23.268  -24.824  8.196 0.6250000000
71520  23.631  -24.183  7.774 0.6250000000
71518  25.422  -24.469  6.865 0.3750000000
72485  25.837  -23.336  6.623 0.2500000000
72486  25.099  -22.868  6.958 0.3750000000
94913  21.663  0.147  4.306 0.3750000000
73474  24.664  -22.027  7.133 0.5000000000
74482  25.108  -21.130  6.882 0.5000000000
75424  25.496  -20.220  6.649 0.3750000000
71519  24.630  -24.304  7.384 0.6250000000
70506  22.932  -25.453  8.739 0.6250000000
74444  20.270  -21.459  9.039 0.3750000000
73435  20.333  -22.573  9.474 0.3750000000
71498  22.549  -24.158  8.373 0.6250000000
72442  20.916  -23.234  9.061 0.6250000000
69465  25.539  -26.546  7.497 0.3750000000
70522  24.871  -25.520  7.436 0.5000000000
70505  24.016  -25.411  8.058 0.6250000000
75388  19.628  -20.535  9.190 0.2500000000
70521  26.125  -25.429  6.951 0.3750000000
71534  26.277  -24.354  6.616 0.2500000000
73473  25.583  -22.150  6.702 0.2500000000
74481  26.030  -21.212  6.437 0.3750000000
76394  25.866  -19.278  6.442 0.2500000000
89166  17.398  -7.077  8.341 0.1250000000
77505  27.162  -18.668  5.708 0.2500000000
124506  21.430  -5.523  4.688 0.3750000000
93100  20.384  -2.789  4.487 0.2500000000
89186  18.382  -6.909  7.305 0.1250000000
89142  16.022  -6.690  9.520 0.2500000000
78553  19.152  -17.867  8.706 0.2500000000
76371  19.290  -19.538  9.295 0.3750000000
70523  24.299  -24.864  7.658 0.6250000000
72465  25.071  -23.634  7.034 0.2500000000
69466  24.994  -26.270  7.579 0.3750000000
70504  24.502  -25.761  7.803 0.5000000000
75443  26.349  -20.283  6.158 0.2500000000
88205  17.267  -7.584  8.709 0.1250000000
70484  22.015  -25.368  9.275 0.5000000000
69451  24.603  -26.310  7.953 0.2500000000
68468  24.488  -27.341  8.572 0.3750000000
69452  23.784  -26.402  8.705 0.5000000000
70483  22.594  -25.655  9.132 0.5000000000
70485  20.940  -25.567  9.644 0.3750000000
71478  20.655  -24.384  9.536 0.5000000000
70507  22.244  -24.806  8.844 0.5000000000
71477  21.245  -24.900  9.337 0.5000000000
71500  20.887  -23.834  9.263 0.3750000000
71499  21.480  -24.231  8.996 0.5000000000
69415  20.018  -26.344  10.810 0.1250000000
69434  21.074  -26.233  9.856 0.3750000000
72443  20.571  -23.487  9.448 0.2500000000
67466  21.536  -28.309  10.482 0.1250000000
68425  20.995  -27.129  10.367 0.2500000000
68449  22.461  -27.160  9.618 0.3750000000
67509  25.322  -28.102  8.107 0.2500000000
68448  23.438  -27.112  9.146 0.3750000000
69431  23.311  -26.465  9.030 0.5000000000
68426  20.304  -27.087  10.810 0.1250000000
69413  21.196  -26.637  10.036 0.3750000000
70467  19.994  -25.431  10.534 0.1250000000
72426  19.928  -23.670  10.419 0.1250000000
74445  19.887  -21.711  9.748 0.2500000000
68480  25.631  -27.463  7.764 0.2500000000
69432  22.749  -26.194  9.265 0.5000000000
68467  25.096  -27.080  7.892 0.3750000000
68469  23.980  -27.052  8.905 0.3750000000
69433  21.739  -26.325  9.717 0.3750000000
70486  20.329  -25.108  9.915 0.1250000000
69414  20.550  -26.293  10.200 0.2500000000
70466  20.365  -25.637  9.998 0.1250000000
72425  20.148  -23.426  9.862 0.1250000000
67467  20.850  -27.855  10.746 0.1250000000
68450  21.666  -27.163  10.040 0.3750000000
67510  24.688  -28.342  8.637 0.2500000000
71479  20.057  -24.414  10.139 0.1250000000
67491  22.078  -28.022  9.976 0.2500000000
67490  23.076  -28.072  9.574 0.2500000000
77465  19.355  -18.860  8.930 0.2500000000
67492  21.425  -27.706  10.323 0.1250000000
77454  19.119  -18.659  9.399 0.1250000000
94012  21.353  -1.215  4.566 0.1250000000
94006  20.740  -1.140  4.987 0.1250000000
94907  21.260  -0.228  4.824 0.1250000000
95804  21.334  0.757  4.443 0.1250000000
94903  21.068  -0.439  5.343 0.1250000000
93084  20.226  -1.730  4.500 0.1250000000
95800  21.023  0.556  5.352 0.1250000000
95797  21.346  0.722  6.282 0.1250000000
93101  19.528  -3.205  4.690 0.1250000000
93085  19.253  -2.300  4.682 0.1250000000
89216  20.708  -6.588  5.332 0.1250000000
76362  19.178  -19.374  9.790 0.1250000000
124498  21.214  -5.457  4.893 0.1250000000
93086  18.642  -3.060  5.051 0.1250000000
93071  19.799  -1.708  5.156 0.1250000000
94003  20.832  -1.246  5.493 0.1250000000
94899  21.610  0.180  6.674 0.1250000000
96734  21.269  1.357  5.640 0.1250000000
79560  18.536  -16.467  8.793 0.1250000000
78541  18.800  -17.674  9.461 0.1250000000
75389  19.292  -20.077  9.668 0.1250000000
124505  21.266  -5.578  4.687 0.1250000000
77442  18.996  -18.542  9.965 0.1250000000
96747  21.349  1.558  4.722 0.1250000000
93997  21.256  -1.009  6.041 0.1250000000
96733  21.940  1.400  6.160 0.1250000000
69464  26.471  -26.480  7.549 0.1250000000
70520  27.108  -25.538  7.523 0.1250000000
70536  26.545  -24.815  6.778 0.1250000000
72484  26.825  -23.508  6.384 0.1250000000
73472  26.581  -22.256  6.072 0.1250000000
73486  27.999  -22.092  6.134 0.1250000000
73488  26.992  -21.668  5.698 0.1250000000
74497  26.734  -21.174  5.895 0.1250000000
75441  27.876  -20.489  5.438 0.1250000000
76415  27.535  -19.519  5.436 0.1250000000
67489  24.067  -28.045  9.150 0.1250000000
68479  26.082  -27.323  7.643 0.1250000000
69449  27.198  -26.537  8.056 0.1250000000
71532  27.483  -24.350  7.126 0.1250000000
72483  27.689  -23.647  6.905 0.1250000000
73471  27.521  -22.746  6.217 0.1250000000
75423  28.565  -20.680  5.949 0.1250000000
77504  27.874  -18.547  5.209 0.1250000000
76414  28.610  -19.561  5.437 0.1250000000
76416  26.716  -19.394  5.890 0.1250000000
71533  26.988  -24.378  6.798 0.1250000000
75442  27.060  -20.358  5.610 0.1250000000
67523  25.758  -27.896  7.822 0.1250000000
66450  24.926  -29.173  8.330 0.1250000000
68466  26.705  -27.361  7.973 0.1250000000
71517  27.213  -24.802  7.189 0.1250000000
74496  27.352  -21.185  5.630 0.1250000000
73487  27.428  -21.950  5.757 0.1250000000
74495  28.016  -21.385  5.737 0.1250000000
76393  29.042  -20.162  6.053 0.1250000000
66449  25.728  -29.223  7.995 0.1250000000
70519  27.700  -25.331  7.967 0.1250000000
67508  26.151  -28.180  7.855 0.1250000000
67522  25.911  -27.740  7.710 0.1250000000
68447  24.039  -27.386  8.995 0.3750000000
69450  25.049  -26.576  7.689 0.2500000000
69453  23.222  -26.120  8.970 0.3750000000
70503  27.571  -25.883  8.188 0.1250000000
70535  26.800  -25.013  7.000 0.1250000000
71516  27.714  -24.708  7.581 0.1250000000
75401  23.124  -20.248  7.112 0.7500000000
77506  22.348  -17.668  6.064 0.8750000000
79572  16.629  -15.446  7.144 0.2500000000
79573  16.269  -15.399  7.095 0.2500000000
79585  17.101  -15.751  6.392 0.2500000000
79586  16.660  -15.485  6.577 0.2500000000
79587  16.355  -15.472  6.870 0.2500000000
79606  17.085  -15.835  5.962 0.8750000000
79607  16.886  -15.677  6.061 0.2500000000
79620  21.116  -15.190  5.804 1.0000000000
79628  21.675  -15.212  5.408 1.0000000000
79635  21.923  -15.086  5.188 1.0000000000
79636  21.565  -14.982  5.334 1.0000000000
80561  17.429  -14.906  7.644 0.2500000000
80562  16.633  -15.183  7.206 0.2500000000
80573  16.613  -15.139  6.533 0.7500000000
80574  16.294  -15.194  6.875 0.2500000000
80585  20.240  -15.761  6.475 1.0000000000
80586  20.006  -15.110  6.507 1.0000000000
80587  17.199  -15.505  6.027 0.8750000000
80588  16.828  -15.287  6.080 0.7500000000
80599  23.233  -14.607  5.310 1.0000000000
80602  20.250  -14.187  6.166 1.0000000000
80607  22.085  -14.820  5.088 1.0000000000
80608  21.763  -14.761  4.998 1.0000000000
80610  20.478  -13.358  5.715 1.0000000000
80615  21.842  -14.864  5.145 1.0000000000
80616  21.593  -14.621  5.249 1.0000000000
80617  21.188  -14.225  5.475 1.0000000000
80619  20.671  -12.808  5.453 1.0000000000
81507  17.468  -14.766  8.694 0.2500000000
81508  17.457  -14.486  8.333 0.2500000000
81517  17.672  -14.859  7.620 0.8750000000
81519  16.541  -14.975  7.092 0.3750000000
81533  16.623  -14.949  6.867 0.7500000000
81540  27.612  -15.260  5.975 0.2500000000
81544  17.294  -15.244  6.401 0.8750000000
81545  17.238  -15.040  6.058 0.7500000000
81556  22.964  -13.921  5.212 1.0000000000
81566  22.091  -14.378  4.920 1.0000000000
81576  21.822  -14.233  5.067 1.0000000000
81577  21.331  -14.089  5.294 1.0000000000
82507  18.025  -13.865  7.265 1.0000000000
82519  18.589  -13.902  6.935 1.0000000000
82561  21.814  -13.926  5.060 1.0000000000
82562  21.596  -13.902  5.163 1.0000000000
83462  18.756  -13.564  6.733 1.0000000000
83479  18.918  -13.081  6.436 1.0000000000
83494  21.310  -12.008  4.857 1.0000000000
84427  18.822  -12.447  6.199 1.0000000000
84428  18.087  -11.890  6.580 1.0000000000
84441  22.031  -11.436  4.689 1.0000000000
85335  17.137  -11.078  7.608 0.7500000000
85393  20.638  -11.158  4.909 1.0000000000
86338  16.816  -9.516  7.143 0.6250000000
87230  15.782  -6.924  10.212 0.2500000000
87267  15.672  -7.708  9.423 0.3750000000
88169  15.944  -6.758  10.233 0.2500000000
88170  15.774  -6.790  10.003 0.2500000000
88178  16.728  -7.462  9.345 0.1250000000
88179  16.320  -7.109  9.955 0.2500000000
88180  15.603  -7.016  9.514 0.2500000000
88206  15.572  -7.420  8.954 0.3750000000
88233  15.855  -7.921  7.821 0.3750000000
88234  15.657  -7.836  8.500 0.3750000000
88250  17.068  -8.044  6.567 0.5000000000
88263  18.021  -8.166  5.665 0.6250000000
88298  21.050  -6.752  4.454 0.6250000000
89132  16.179  -6.683  9.913 0.2500000000
89133  15.937  -6.630  10.012 0.2500000000
89140  17.015  -7.167  9.033 0.1250000000
89141  16.575  -6.938  9.326 0.2500000000
89168  15.877  -6.933  8.773 0.3750000000
89188  16.461  -7.257  7.712 0.3750000000
89208  16.808  -7.575  6.994 0.5000000000
89219  18.383  -7.473  5.721 0.5000000000
89252  20.892  -6.649  4.516 0.6250000000
90157  26.924  -6.748  2.269 0.5000000000
90193  28.651  -5.301  -2.787 0.1250000000
90194  28.176  -5.307  -2.444 0.1250000000
92207  26.494  -2.876  -5.479 0.1250000000
93082  24.220  -2.893  4.188 1.0000000000
93176  23.804  -0.851  -4.756 0.1250000000
94108  23.352  -0.383  -4.432 0.1250000000
94120  23.612  -0.552  -4.705 0.1250000000
94993  25.176  -0.183  -2.748 0.1250000000
95004  24.210  0.266  -4.203 0.1250000000
95012  24.595  -0.577  -4.227 0.1250000000
95013  24.180  -0.138  -4.513 0.1250000000
95892  24.697  0.510  -2.441 0.1250000000
95906  23.602  0.443  -4.193 0.1250000000
95916  23.970  0.397  -4.369 0.1250000000
95917  23.796  0.258  -4.564 0.1250000000
96774  22.325  1.615  3.001 0.6250000000
96804  22.446  2.374  -1.216 0.3750000000
96833  23.729  0.874  -2.604 0.2500000000
97785  22.374  2.448  -0.824 0.5000000000
97793  23.672  2.690  -2.070 0.1250000000
98784  21.599  4.378  1.317 0.2500000000
98792  21.370  4.133  1.051 0.2500000000
98818  22.163  3.618  -1.652 0.2500000000
99805  21.206  4.617  0.426 0.2500000000
99813  21.447  5.117  -0.206 0.2500000000
99822  21.411  4.112  -0.652 0.2500000000
99829  22.633  4.282  -1.533 0.2500000000
100680  22.365  5.147  -0.757 0.2500000000
124477  20.052  -13.711  6.162 1.0000000000
124480  21.325  -12.688  5.183 1.0000000000
124481  19.173  -13.100  6.314 1.0000000000
124482  20.920  -12.475  5.216 1.0000000000
124497  21.289  -5.023  4.820 0.5000000000
124502  24.291  -4.350  4.787 1.0000000000
