#!ascii label  , from subject sub-MOT05 vox2ras=TkReg
278
26433  41.104  -66.298  21.095 0.0000000000
19869  36.314  -73.050  10.432 0.0000000000
23121  44.212  -70.079  16.409 0.0000000000
23100  38.049  -69.575  16.346 0.0000000000
18618  41.296  -73.182  10.611 0.0000000000
21009  42.524  -71.594  13.154 0.0000000000
17409  40.316  -74.156  12.103 0.0000000000
22077  37.434  -71.197  13.335 0.0000000000
24259  35.182  -68.776  15.973 0.0000000000
24182  43.008  -68.839  19.382 0.0000000000
23124  41.781  -70.013  15.969 0.0000000000
22074  41.002  -71.085  13.255 0.0000000000
19866  39.585  -72.739  9.860 0.0000000000
16304  40.303  -74.418  7.424 0.0000000000
28793  43.474  -63.937  20.201 0.0000000000
25273  45.493  -67.322  21.018 0.0000000000
23048  46.419  -69.855  18.481 0.0000000000
25317  36.468  -68.109  19.364 0.0000000000
18588  40.848  -73.742  13.832 0.0000000000
21027  36.822  -72.044  12.255 0.0000000000
22078  36.111  -70.712  13.569 0.0000000000
23071  44.272  -69.418  17.458 0.0000000000
23095  43.048  -69.603  16.660 0.0000000000
19852  41.972  -72.057  12.083 0.0000000000
22085  41.714  -71.134  12.694 0.0000000000
21035  41.291  -72.119  11.535 0.0000000000
21024  40.016  -71.780  12.098 0.0000000000
19865  40.486  -72.733  10.099 0.0000000000
18664  40.154  -73.700  7.121 0.0000000000
24133  46.890  -67.855  21.380 0.0000000000
23001  46.188  -69.109  20.048 0.0000000000
23023  47.224  -69.446  19.979 0.0000000000
24219  38.598  -68.842  17.709 0.0000000000
24203  36.941  -68.542  18.380 0.0000000000
25365  33.493  -67.436  16.374 0.0000000000
25352  33.815  -67.364  17.369 0.0000000000
20980  43.479  -71.569  15.194 0.0000000000
22053  43.306  -70.887  14.760 0.0000000000
19831  42.906  -71.768  14.320 0.0000000000
18597  41.553  -72.848  12.448 0.0000000000
18609  41.324  -73.296  11.476 0.0000000000
23146  38.330  -70.412  14.965 0.0000000000
24241  36.441  -69.081  16.644 0.0000000000
23148  36.093  -69.952  14.587 0.0000000000
23149  34.903  -69.405  14.679 0.0000000000
18626  36.185  -73.389  9.004 0.0000000000
24137  42.286  -68.073  20.742 0.0000000000
24217  40.630  -69.073  17.686 0.0000000000
23098  39.981  -69.524  16.477 0.0000000000
22054  42.466  -70.575  14.621 0.0000000000
22055  41.373  -70.693  14.271 0.0000000000
23145  39.448  -70.460  15.015 0.0000000000
22076  38.647  -71.284  13.507 0.0000000000
21025  38.949  -72.011  12.179 0.0000000000
19867  38.504  -72.760  10.444 0.0000000000
17448  41.078  -73.773  9.327 0.0000000000
19885  40.178  -73.186  9.039 0.0000000000
19912  38.909  -73.168  8.358 0.0000000000
19914  37.442  -73.255  9.096 0.0000000000
28795  42.158  -63.790  20.175 0.0000000000
27606  42.100  -64.987  20.500 0.0000000000
26456  44.712  -65.929  20.516 0.0000000000
25275  43.774  -67.349  20.877 0.0000000000
24160  44.008  -68.725  20.388 0.0000000000
23026  45.117  -69.304  19.029 0.0000000000
23092  45.134  -70.031  17.216 0.0000000000
19753  45.286  -71.505  17.463 0.0000000000
20960  44.732  -71.181  16.483 0.0000000000
25335  35.419  -68.171  18.390 0.0000000000
26460  41.245  -65.767  20.904 0.0000000000
27578  40.438  -65.936  21.133 0.0000000000
19856  36.870  -72.731  11.113 0.0000000000
21028  35.988  -71.804  12.289 0.0000000000
23094  43.911  -69.625  16.741 0.0000000000
23122  43.559  -70.024  16.093 0.0000000000
19853  41.425  -72.501  11.519 0.0000000000
21034  41.808  -71.935  11.926 0.0000000000
21053  40.773  -72.464  10.886 0.0000000000
19864  41.066  -72.762  10.574 0.0000000000
17496  39.870  -74.354  5.170 0.0000000000
24156  47.301  -68.881  20.661 0.0000000000
24239  38.327  -69.131  16.988 0.0000000000
24202  37.933  -68.620  18.417 0.0000000000
19817  43.207  -71.847  14.931 0.0000000000
19818  42.743  -72.271  14.602 0.0000000000
17402  40.097  -74.475  13.392 0.0000000000
18587  41.605  -72.973  13.417 0.0000000000
18598  40.884  -73.486  12.596 0.0000000000
18610  40.844  -73.724  11.780 0.0000000000
22058  37.914  -70.770  14.174 0.0000000000
23147  37.231  -70.192  14.850 0.0000000000
22059  36.834  -70.519  14.086 0.0000000000
23157  35.379  -70.113  14.024 0.0000000000
23158  34.312  -69.781  13.897 0.0000000000
23150  33.860  -69.082  14.390 0.0000000000
24161  42.976  -68.706  20.087 0.0000000000
24162  41.782  -68.593  20.238 0.0000000000
24183  42.331  -68.794  19.408 0.0000000000
24237  40.081  -69.177  17.117 0.0000000000
23125  40.787  -70.036  15.903 0.0000000000
22071  43.009  -71.207  14.229 0.0000000000
22037  42.732  -70.321  15.292 0.0000000000
22072  42.628  -71.137  13.689 0.0000000000
22056  40.250  -70.885  14.242 0.0000000000
23144  40.557  -70.474  15.090 0.0000000000
22057  39.070  -70.884  14.246 0.0000000000
22075  39.810  -71.277  13.485 0.0000000000
21037  39.615  -72.229  11.412 0.0000000000
21055  39.235  -72.560  10.766 0.0000000000
19854  38.312  -72.683  10.938 0.0000000000
15183  37.698  -75.929  7.104 0.0000000000
16305  39.943  -74.801  7.141 0.0000000000
16298  39.904  -75.296  8.249 0.0000000000
16297  40.379  -74.572  7.963 0.0000000000
17449  40.820  -74.081  8.594 0.0000000000
18624  40.676  -73.377  9.163 0.0000000000
18642  40.444  -73.587  8.294 0.0000000000
18665  39.580  -73.420  7.048 0.0000000000
19911  39.638  -73.281  8.051 0.0000000000
19930  39.141  -73.265  7.757 0.0000000000
19913  38.055  -73.222  8.806 0.0000000000
18645  38.192  -73.320  7.975 0.0000000000
29964  41.811  -63.163  20.026 0.0000000000
28794  42.669  -63.737  20.149 0.0000000000
28765  42.486  -64.271  20.266 0.0000000000
27632  43.109  -64.251  20.224 0.0000000000
26455  45.728  -66.457  20.982 0.0000000000
27603  45.088  -65.220  20.562 0.0000000000
26429  45.104  -66.694  20.864 0.0000000000
26430  44.231  -66.585  20.704 0.0000000000
25274  44.701  -67.339  20.968 0.0000000000
24135  44.328  -68.097  20.864 0.0000000000
24134  45.106  -68.032  20.983 0.0000000000
23024  46.647  -69.477  19.444 0.0000000000
23002  45.486  -69.153  19.936 0.0000000000
23049  46.105  -69.666  18.458 0.0000000000
23050  45.470  -69.523  18.305 0.0000000000
23068  46.204  -69.884  17.986 0.0000000000
18515  44.021  -72.894  17.822 0.0000000000
19754  44.665  -72.085  17.437 0.0000000000
20941  45.161  -71.421  17.125 0.0000000000
24258  35.867  -69.074  16.046 0.0000000000
24222  35.804  -68.609  17.457 0.0000000000
24223  35.164  -68.422  17.190 0.0000000000
25336  34.192  -67.241  18.439 0.0000000000
22086  37.367  -71.561  12.856 0.0000000000
23052  43.735  -69.085  18.226 0.0000000000
24197  42.921  -68.916  18.750 0.0000000000
23072  43.400  -69.306  17.387 0.0000000000
23096  42.097  -69.635  16.661 0.0000000000
21021  42.196  -71.644  12.499 0.0000000000
22084  42.225  -71.220  12.831 0.0000000000
21022  41.799  -71.569  12.241 0.0000000000
21023  41.042  -71.552  12.233 0.0000000000
21010  40.302  -71.461  12.755 0.0000000000
21036  40.556  -72.089  11.453 0.0000000000
17477  40.281  -74.028  6.893 0.0000000000
18686  40.144  -73.915  6.533 0.0000000000
18687  39.765  -73.779  5.938 0.0000000000
25296  46.099  -67.625  21.084 0.0000000000
24158  45.794  -68.431  20.735 0.0000000000
24157  46.699  -68.519  20.763 0.0000000000
24181  46.965  -68.824  19.967 0.0000000000
24188  37.380  -68.427  19.027 0.0000000000
24244  34.052  -68.102  16.289 0.0000000000
24243  34.715  -68.355  16.624 0.0000000000
25364  34.097  -67.882  16.857 0.0000000000
26505  33.369  -66.461  17.043 0.0000000000
20979  43.781  -71.246  15.519 0.0000000000
22035  43.915  -70.659  15.827 0.0000000000
20994  43.563  -71.105  15.017 0.0000000000
19832  42.574  -72.098  13.575 0.0000000000
18586  42.156  -72.507  13.469 0.0000000000
19843  42.306  -72.022  12.633 0.0000000000
19844  41.771  -72.435  12.135 0.0000000000
23128  37.665  -69.945  15.668 0.0000000000
23101  37.224  -69.472  16.243 0.0000000000
23129  36.586  -69.563  15.626 0.0000000000
23130  35.600  -69.242  15.361 0.0000000000
23156  35.959  -70.280  14.058 0.0000000000
24268  34.869  -68.922  15.387 0.0000000000
24269  34.145  -68.805  15.156 0.0000000000
24261  33.715  -68.126  15.636 0.0000000000
19890  35.697  -73.261  9.682 0.0000000000
25277  41.693  -67.309  21.100 0.0000000000
25278  40.597  -67.328  21.274 0.0000000000
24138  41.189  -68.052  20.891 0.0000000000
24238  39.256  -69.131  17.052 0.0000000000
23099  39.009  -69.550  16.397 0.0000000000
23142  42.312  -70.288  15.385 0.0000000000
22073  42.018  -70.776  13.432 0.0000000000
23143  41.589  -70.390  15.204 0.0000000000
23126  39.749  -70.029  15.788 0.0000000000
23127  38.702  -70.035  15.729 0.0000000000
21012  38.295  -71.652  12.873 0.0000000000
21011  39.362  -71.612  12.817 0.0000000000
21013  37.683  -71.603  12.878 0.0000000000
21026  37.709  -71.985  12.422 0.0000000000
19855  37.842  -72.707  11.004 0.0000000000
19868  37.387  -72.994  10.373 0.0000000000
17435  41.075  -74.261  10.342 0.0000000000
16306  39.313  -75.488  7.494 0.0000000000
17441  41.018  -74.286  9.447 0.0000000000
18623  41.047  -73.332  9.744 0.0000000000
19884  40.749  -73.067  9.708 0.0000000000
18643  40.029  -73.433  7.727 0.0000000000
19886  39.459  -73.096  8.914 0.0000000000
19887  38.765  -72.999  9.318 0.0000000000
19888  37.858  -73.118  9.596 0.0000000000
19889  36.820  -73.262  9.473 0.0000000000
18646  36.972  -73.404  8.484 0.0000000000
29965  40.988  -62.603  20.019 0.0000000000
29939  40.931  -63.360  20.274 0.0000000000
28766  41.556  -64.061  20.326 0.0000000000
26459  41.710  -65.750  20.801 0.0000000000
27602  46.022  -65.406  21.045 0.0000000000
27604  44.099  -64.974  20.314 0.0000000000
26457  43.707  -65.775  20.409 0.0000000000
26431  43.233  -66.543  20.722 0.0000000000
26432  42.206  -66.488  20.934 0.0000000000
25276  42.756  -67.338  20.881 0.0000000000
24136  43.358  -68.086  20.692 0.0000000000
23004  43.790  -68.957  19.668 0.0000000000
23003  44.627  -69.086  19.783 0.0000000000
23027  44.267  -69.130  18.977 0.0000000000
23051  44.690  -69.311  18.211 0.0000000000
23070  45.015  -69.662  17.595 0.0000000000
22019  44.773  -70.400  16.713 0.0000000000
22008  46.024  -70.223  17.642 0.0000000000
20959  45.212  -70.681  16.901 0.0000000000
24221  36.740  -68.795  17.519 0.0000000000
24204  36.219  -68.511  18.070 0.0000000000
25351  34.621  -68.005  17.526 0.0000000000
17420  41.205  -73.838  10.867 0.0000000000
17460  40.482  -74.066  7.581 0.0000000000
17478  40.056  -74.345  6.311 0.0000000000
18625  36.658  -73.337  8.990 0.0000000000
18641  40.847  -73.611  9.017 0.0000000000
18644  38.797  -73.266  7.806 0.0000000000
18647  35.690  -73.616  8.328 0.0000000000
19833  42.040  -72.423  12.893 0.0000000000
19910  40.094  -73.387  8.258 0.0000000000
19929  39.336  -73.320  7.492 0.0000000000
20940  45.668  -70.940  17.386 0.0000000000
20995  43.276  -71.365  14.700 0.0000000000
21008  42.770  -71.490  13.929 0.0000000000
21038  38.512  -72.495  11.329 0.0000000000
21039  37.366  -72.413  11.687 0.0000000000
21040  36.396  -72.303  11.745 0.0000000000
21054  40.111  -72.428  10.715 0.0000000000
21056  38.787  -72.635  10.853 0.0000000000
21978  47.406  -69.782  20.195 0.0000000000
22018  45.444  -70.342  17.237 0.0000000000
22052  43.689  -70.967  15.239 0.0000000000
22060  36.247  -70.359  14.070 0.0000000000
22083  42.427  -71.387  12.984 0.0000000000
23000  47.430  -69.344  20.470 0.0000000000
23005  43.325  -68.842  19.563 0.0000000000
23025  45.897  -69.401  19.161 0.0000000000
23028  43.514  -68.945  19.082 0.0000000000
23053  42.905  -69.037  18.023 0.0000000000
23069  45.692  -69.865  17.702 0.0000000000
23093  44.607  -69.840  16.961 0.0000000000
24159  44.936  -68.656  20.511 0.0000000000
24180  47.295  -69.157  20.287 0.0000000000
24220  37.656  -68.829  17.645 0.0000000000
24240  37.403  -69.161  16.907 0.0000000000
24242  35.523  -68.728  16.656 0.0000000000
24260  34.446  -68.510  15.843 0.0000000000
25334  36.244  -68.366  18.568 0.0000000000
25337  33.647  -66.870  17.765 0.0000000000
25350  35.230  -68.328  17.654 0.0000000000
26428  45.489  -66.792  20.956 0.0000000000
26458  42.692  -65.734  20.574 0.0000000000
27605  43.143  -64.910  20.304 0.0000000000
27631  43.589  -64.476  20.255 0.0000000000
28764  43.896  -64.403  20.266 0.0000000000
29938  41.464  -63.516  20.206 0.0000000000
