#!ascii label  , from subject sub-MOT05 vox2ras=TkReg
1924
14151  34.940  -77.909  -0.439 0.2000000030
14150  35.630  -77.327  -0.252 0.2000000030
14170  35.158  -77.050  -1.697 0.2000000030
12999  35.081  -77.945  -0.067 0.2000000030
15335  33.814  -76.400  -2.585 0.1000000015
14130  36.440  -76.938  0.999 0.3000000119
15319  35.933  -76.306  -1.318 0.2000000030
14189  34.585  -77.222  -2.104 0.1000000015
14171  34.509  -77.754  -1.221 0.2000000030
15333  35.159  -76.290  -2.530 0.1000000015
15348  34.556  -75.996  -3.028 0.1000000015
16469  34.779  -75.323  -3.391 0.1000000015
17641  34.527  -74.328  -3.710 0.1000000015
16470  34.018  -75.351  -3.021 0.1000000015
20095  34.712  -72.707  -3.545 0.1000000015
17642  33.938  -74.041  -3.167 0.1000000015
20096  34.164  -72.828  -3.111 0.1000000015
21228  35.381  -70.926  -2.736 0.2000000030
20076  34.566  -72.002  -2.755 0.1000000015
17630  35.851  -74.476  -1.966 0.1000000015
18821  35.629  -73.600  -1.239 0.1000000015
17640  35.321  -74.467  -3.226 0.1000000015
16455  35.755  -75.441  -2.331 0.1000000015
16468  35.243  -75.515  -3.018 0.1000000015
18849  35.181  -73.289  -3.656 0.1000000015
21227  36.240  -71.325  -2.595 0.1000000015
22281  37.491  -70.473  -2.218 0.2000000030
21226  37.110  -71.065  -2.342 0.2000000030
22256  38.095  -70.177  -0.660 0.1000000015
21243  35.930  -70.297  -2.769 0.2000000030
22255  38.684  -69.669  -0.076 0.2000000030
23336  38.735  -69.256  0.096 0.1000000015
24461  39.312  -68.680  0.760 0.1000000015
18835  35.631  -73.404  -2.673 0.1000000015
20075  35.368  -72.308  -3.138 0.1000000015
22241  38.825  -70.001  0.116 0.2000000030
22240  39.137  -69.562  0.440 0.2000000030
23306  40.010  -69.242  2.508 0.2000000030
23320  39.860  -69.307  1.358 0.2000000030
23319  40.503  -68.959  2.189 0.1000000015
24447  39.741  -68.577  1.191 0.2000000030
20057  35.928  -72.357  -1.892 0.1000000015
21213  36.788  -71.488  -1.854 0.2000000030
22257  37.616  -70.793  -0.385 0.2000000030
22242  38.212  -70.366  0.441 0.3000000119
24414  41.036  -68.463  3.551 0.3000000119
24429  40.933  -68.387  2.677 0.2000000030
25574  40.742  -67.844  2.291 0.2000000030
25576  38.988  -67.237  2.476 0.2000000030
23322  38.421  -70.265  1.150 0.3000000119
21212  37.547  -71.034  -1.822 0.2000000030
24400  40.450  -68.569  4.221 0.3000000119
24380  41.029  -67.967  4.865 0.3000000119
26654  41.445  -66.427  5.522 0.3000000119
24398  41.613  -67.852  4.202 0.3000000119
25558  41.625  -67.400  3.676 0.2000000030
26696  40.652  -67.135  2.603 0.2000000030
26697  39.884  -66.874  2.660 0.2000000030
26656  40.054  -67.151  5.685 0.4000000060
24401  39.575  -68.727  4.459 0.3000000119
25526  40.272  -67.647  5.432 0.3000000119
23307  39.204  -69.687  2.117 0.2000000030
25524  41.771  -67.128  4.876 0.3000000119
26684  41.687  -66.725  3.912 0.2000000030
26670  41.836  -66.494  4.414 0.2000000030
26685  41.296  -66.787  3.173 0.2000000030
26634  40.655  -66.141  5.994 0.3000000119
26655  40.594  -66.959  5.661 0.3000000119
27819  41.928  -65.436  5.471 0.2000000030
28994  42.349  -64.694  5.200 0.2000000030
27818  42.131  -65.534  5.060 0.2000000030
29013  41.989  -64.745  4.604 0.1000000015
27852  41.797  -66.085  4.258 0.2000000030
29026  41.270  -65.250  3.904 0.2000000030
27853  41.548  -65.884  3.879 0.2000000030
26686  40.432  -66.361  3.062 0.2000000030
28984  40.687  -64.597  6.526 0.3000000119
30139  41.146  -63.541  6.672 0.3000000119
27799  40.973  -65.413  6.213 0.3000000119
31285  41.701  -62.620  6.614 0.2000000030
30138  42.111  -63.567  6.314 0.3000000119
27798  41.493  -65.597  5.861 0.3000000119
28982  42.412  -64.141  5.878 0.1000000015
30137  42.625  -63.496  6.023 0.1000000015
30164  42.844  -63.023  5.019 0.1000000015
30151  42.824  -63.379  5.490 0.1000000015
32402  42.981  -61.969  5.984 0.1000000015
30166  41.842  -63.947  4.216 0.1000000015
31270  40.778  -62.562  7.064 0.3000000119
31286  41.222  -62.917  6.792 0.2000000030
32391  41.152  -61.545  6.947 0.2000000030
34649  41.370  -59.711  6.718 0.2000000030
35710  41.724  -58.809  6.342 0.1000000015
33523  41.710  -60.811  6.540 0.1000000015
34648  42.055  -59.794  6.163 0.1000000015
33522  42.427  -60.622  6.127 0.1000000015
32403  42.434  -61.641  6.273 0.1000000015
31283  43.101  -62.364  5.738 0.1000000015
31293  43.065  -62.552  5.232 0.1000000015
33513  40.933  -60.576  7.091 0.2000000030
36820  42.128  -57.785  6.057 0.1000000015
36832  42.705  -58.132  5.482 0.1000000015
35723  42.364  -58.888  5.765 0.1000000015
34663  42.837  -59.903  5.665 0.1000000015
35722  43.048  -58.898  5.278 0.1000000015
33533  43.512  -60.498  5.314 0.1000000015
33534  42.987  -60.973  5.864 0.1000000015
37993  43.192  -56.424  5.901 0.1000000015
35733  43.706  -58.921  4.788 0.1000000015
34674  44.098  -59.872  4.674 0.1000000015
37994  42.501  -56.556  6.339 0.1000000015
20114  34.811  -73.106  -3.894 0.1000000015
23337  37.887  -69.548  -0.562 0.1000000015
24162  41.782  -68.593  20.238 0.5000000000
24136  43.358  -68.086  20.692 0.5000000000
24137  42.286  -68.073  20.742 0.5000000000
24138  41.189  -68.052  20.891 0.5000000000
24139  40.147  -68.033  20.954 0.5000000000
25296  46.099  -67.625  21.084 0.2000000030
24158  45.794  -68.431  20.735 0.2000000030
25273  45.493  -67.322  21.018 0.3000000119
24134  45.106  -68.032  20.983 0.3000000119
24135  44.328  -68.097  20.864 0.5000000000
25276  42.756  -67.338  20.881 0.5000000000
26432  42.206  -66.488  20.934 0.5000000000
25277  41.693  -67.309  21.100 0.5000000000
26433  41.104  -66.298  21.095 0.5000000000
25278  40.597  -67.328  21.274 0.5000000000
24164  39.512  -68.310  20.372 0.5000000000
25279  39.437  -67.481  21.219 0.5000000000
24186  39.182  -68.554  19.363 0.5000000000
24238  39.256  -69.131  17.052 0.5000000000
26455  45.728  -66.457  20.982 0.3000000119
26429  45.104  -66.694  20.864 0.3000000119
25275  43.774  -67.349  20.877 0.5000000000
27578  40.438  -65.936  21.133 0.5000000000
26434  40.040  -66.540  21.371 0.5000000000
24165  38.478  -68.247  20.058 0.5000000000
22075  39.810  -71.277  13.485 0.4000000060
22057  39.070  -70.884  14.246 0.5000000000
23145  39.448  -70.460  15.015 0.5000000000
23099  39.009  -69.550  16.397 0.5000000000
24219  38.598  -68.842  17.709 0.5000000000
21011  39.362  -71.612  12.817 0.4000000060
25295  46.505  -67.320  21.328 0.3000000119
27603  45.088  -65.220  20.562 0.4000000060
26456  44.712  -65.929  20.516 0.4000000060
26431  43.233  -66.543  20.722 0.5000000000
27606  42.100  -64.987  20.500 0.5000000000
26459  41.710  -65.750  20.801 0.5000000000
26460  41.245  -65.767  20.904 0.5000000000
27607  40.922  -65.265  20.838 0.5000000000
27579  39.711  -65.636  21.207 0.5000000000
25280  38.324  -67.274  21.153 0.5000000000
24201  38.882  -68.682  18.500 0.6000000238
23127  38.702  -70.035  15.729 0.5000000000
24239  38.327  -69.131  16.988 0.5000000000
24202  37.933  -68.620  18.417 0.5000000000
21037  39.615  -72.229  11.412 0.4000000060
21024  40.016  -71.780  12.098 0.4000000060
22076  38.647  -71.284  13.507 0.5000000000
22952  45.126  -69.455  24.616 0.1000000015
26378  44.872  -67.230  23.944 0.1000000015
26395  44.044  -66.275  23.735 0.1000000015
25237  45.776  -67.645  23.790 0.1000000015
26394  45.186  -66.666  23.661 0.1000000015
27544  44.846  -65.455  23.180 0.1000000015
26393  46.319  -66.702  23.210 0.1000000015
28705  44.176  -64.799  22.973 0.1000000015
26427  47.014  -66.553  21.874 0.2000000030
27563  46.816  -65.917  22.030 0.1000000015
26454  46.551  -66.258  21.415 0.3000000119
26457  43.707  -65.775  20.409 0.5000000000
27602  46.022  -65.406  21.045 0.4000000060
27632  43.109  -64.251  20.224 0.4000000060
28765  42.486  -64.271  20.266 0.5000000000
28766  41.556  -64.061  20.326 0.5000000000
28767  40.453  -64.191  20.618 0.5000000000
27608  39.946  -64.824  20.926 0.5000000000
23100  38.049  -69.575  16.346 0.5000000000
23146  38.330  -70.412  14.965 0.5000000000
21025  38.949  -72.011  12.179 0.4000000060
19885  40.178  -73.186  9.039 0.5000000000
21892  41.562  -70.019  25.061 0.1000000015
21890  43.318  -70.518  25.052 0.1000000015
22932  43.788  -69.496  25.205 0.1000000015
24069  44.008  -69.135  25.118 0.1000000015
25223  44.865  -67.788  24.186 0.1000000015
26379  44.271  -67.135  24.087 0.1000000015
26396  43.196  -66.002  23.804 0.1000000015
24070  43.489  -68.794  25.221 0.1000000015
25224  43.707  -67.837  24.731 0.1000000015
27545  43.745  -65.425  23.368 0.1000000015
31039  43.001  -61.854  21.303 0.2000000030
32151  42.330  -61.631  21.661 0.2000000030
26392  46.875  -66.802  22.704 0.1000000015
27564  46.317  -65.421  22.325 0.1000000015
27565  45.634  -65.095  22.621 0.1000000015
29901  44.452  -63.546  22.062 0.1000000015
31012  43.846  -62.886  21.843 0.2000000030
28727  45.814  -64.607  21.955 0.2000000030
29900  45.247  -64.081  21.845 0.1000000015
29923  44.881  -63.647  21.335 0.2000000030
31058  43.386  -62.491  20.434 0.2000000030
32170  42.588  -61.192  21.024 0.2000000030
33294  42.054  -60.662  21.022 0.2000000030
28747  45.976  -64.817  21.281 0.2000000030
28762  45.298  -64.539  20.722 0.2000000030
28763  44.307  -64.266  20.368 0.3000000119
29963  42.797  -63.109  20.026 0.3000000119
29964  41.811  -63.163  20.026 0.4000000060
28795  42.158  -63.790  20.175 0.5000000000
24188  37.380  -68.427  19.027 0.5000000000
29939  40.931  -63.360  20.274 0.4000000060
24222  35.804  -68.609  17.457 0.5000000000
24204  36.219  -68.511  18.070 0.5000000000
25317  36.468  -68.109  19.364 0.5000000000
24241  36.441  -69.081  16.644 0.5000000000
24221  36.740  -68.795  17.519 0.5000000000
24203  36.941  -68.542  18.380 0.5000000000
27580  38.528  -65.570  21.344 0.5000000000
28748  39.131  -64.839  21.132 0.5000000000
23128  37.665  -69.945  15.668 0.5000000000
23101  37.224  -69.472  16.243 0.5000000000
21012  38.295  -71.652  12.873 0.5000000000
22058  37.914  -70.770  14.174 0.5000000000
24166  37.885  -68.198  19.891 0.6000000238
19866  39.585  -72.739  9.860 0.4000000060
21912  40.769  -70.479  24.770 0.1000000015
22934  42.063  -69.463  25.403 0.1000000015
24072  41.559  -68.632  25.724 0.1000000015
26355  40.136  -67.499  26.012 0.1000000015
22933  43.102  -69.698  25.244 0.1000000015
24071  42.474  -68.752  25.507 0.1000000015
25210  42.873  -67.980  25.223 0.1000000015
27522  42.334  -66.038  23.986 0.1000000015
28707  42.482  -64.638  23.136 0.1000000015
29903  42.102  -63.441  22.687 0.1000000015
28729  43.905  -64.105  22.664 0.1000000015
31014  41.799  -62.274  22.292 0.2000000030
29902  43.419  -63.330  22.421 0.1000000015
31013  42.957  -62.468  21.968 0.2000000030
31083  42.947  -62.407  20.032 0.3000000119
32205  42.504  -61.520  20.023 0.3000000119
33310  42.201  -60.828  20.579 0.2000000030
31084  42.206  -62.232  19.888 0.3000000119
33330  42.309  -61.029  20.270 0.2000000030
32206  41.580  -61.263  19.812 0.3000000119
29965  40.988  -62.603  20.019 0.4000000060
31085  41.319  -62.040  19.825 0.4000000060
25335  35.419  -68.171  18.390 0.5000000000
25318  35.075  -67.351  19.629 0.5000000000
29940  39.819  -63.405  20.590 0.5000000000
27646  34.210  -65.356  19.175 0.5000000000
28797  34.651  -64.680  19.672 0.5000000000
27610  35.012  -65.284  20.514 0.5000000000
25301  35.384  -66.951  20.272 0.5000000000
25300  36.053  -67.300  20.341 0.6000000238
28769  38.861  -64.292  21.085 0.5000000000
28771  35.257  -64.250  20.442 0.5000000000
27609  35.468  -65.132  20.943 0.5000000000
26463  35.483  -66.240  20.733 0.6000000238
25299  37.496  -67.717  20.500 0.5000000000
26436  37.700  -66.516  21.331 0.5000000000
26462  36.737  -66.885  21.008 0.5000000000
25281  37.711  -67.214  21.103 0.5000000000
18643  40.029  -73.433  7.727 0.4000000060
19886  39.459  -73.096  8.914 0.4000000060
19865  40.486  -72.733  10.099 0.4000000060
26368  38.715  -66.565  25.736 0.1000000015
27505  39.137  -66.131  24.948 0.1000000015
25211  41.661  -67.952  25.737 0.1000000015
25212  41.010  -67.711  25.821 0.1000000015
26382  40.685  -66.460  24.752 0.1000000015
26383  39.885  -66.182  24.681 0.1000000015
26366  40.995  -67.259  25.475 0.1000000015
27524  40.406  -65.746  24.173 0.1000000015
27549  40.147  -65.104  23.781 0.1000000015
27547  41.916  -65.263  23.532 0.1000000015
28709  40.562  -64.419  23.376 0.1000000015
29883  41.170  -63.772  22.957 0.1000000015
31015  40.779  -62.105  22.506 0.2000000030
32153  40.385  -61.333  22.330 0.2000000030
33281  40.799  -60.693  21.988 0.2000000030
32171  41.997  -60.982  21.422 0.2000000030
33295  41.371  -60.396  21.400 0.2000000030
35588  37.460  -58.253  15.054 0.2000000030
33331  41.699  -60.570  20.169 0.2000000030
34526  37.170  -59.292  15.337 0.2000000030
34509  36.814  -59.251  16.205 0.2000000030
34492  36.993  -59.041  17.101 0.2000000030
34470  37.235  -59.857  18.447 0.2000000030
34527  36.722  -59.911  15.857 0.2000000030
34510  36.509  -59.905  16.677 0.2000000030
34493  36.690  -59.931  17.823 0.2000000030
33355  36.888  -60.531  18.851 0.2000000030
33335  37.761  -60.522  19.450 0.2000000030
32209  38.533  -60.985  19.864 0.4000000060
32264  36.176  -61.808  17.073 0.2000000030
33392  36.202  -60.885  17.084 0.3000000119
33374  36.286  -60.779  18.062 0.3000000119
32211  36.489  -61.488  19.743 0.4000000060
33336  37.142  -60.863  19.542 0.3000000119
32210  37.561  -61.141  19.986 0.4000000060
32186  38.277  -61.716  20.322 0.5000000000
31087  39.745  -61.909  20.114 0.4000000060
31059  40.219  -62.596  20.236 0.5000000000
28810  34.938  -63.909  18.661 0.5000000000
31120  35.657  -62.770  18.071 0.4000000060
31107  35.518  -62.566  18.926 0.4000000060
32227  35.844  -61.885  19.181 0.4000000060
31088  36.024  -61.990  19.860 0.4000000060
29943  36.402  -63.239  20.924 0.5000000000
31062  36.961  -62.474  20.725 0.5000000000
32187  37.304  -61.826  20.389 0.5000000000
29966  35.348  -63.173  19.653 0.5000000000
29944  35.695  -63.215  20.407 0.5000000000
28751  36.137  -64.218  21.216 0.5000000000
26438  35.949  -65.480  21.210 0.5000000000
27581  37.454  -65.363  21.396 0.5000000000
28749  38.214  -64.519  21.233 0.5000000000
27488  37.227  -66.255  25.974 0.1000000015
26357  37.999  -66.739  26.478 0.1000000015
26369  37.934  -66.331  25.722 0.1000000015
27528  37.170  -65.259  24.746 0.1000000015
27526  38.711  -65.534  24.502 0.1000000015
27527  37.940  -65.383  24.608 0.1000000015
28684  38.488  -64.914  24.113 0.1000000015
28712  37.858  -64.131  23.736 0.1000000015
28710  39.388  -64.573  23.706 0.1000000015
29885  39.033  -63.594  23.409 0.1000000015
29884  40.134  -63.578  23.130 0.1000000015
31016  39.700  -62.184  22.656 0.2000000030
31017  38.714  -61.992  22.687 0.2000000030
33296  40.519  -60.164  21.712 0.2000000030
34417  41.094  -59.926  20.806 0.2000000030
36701  37.500  -57.452  15.527 0.1000000015
35572  37.187  -58.326  16.151 0.2000000030
33332  40.732  -60.324  19.781 0.2000000030
37878  37.888  -56.165  15.427 0.1000000015
37867  37.602  -56.771  15.775 0.1000000015
35555  37.682  -58.036  17.377 0.1000000015
33354  37.755  -59.906  18.875 0.1000000015
32207  40.645  -61.116  19.682 0.3000000119
33353  38.256  -59.532  18.834 0.1000000015
32208  39.621  -61.094  19.768 0.2000000030
29942  37.441  -63.202  21.136 0.5000000000
31061  37.960  -62.499  20.777 0.5000000000
31060  39.121  -62.468  20.471 0.5000000000
29941  38.568  -63.601  21.022 0.5000000000
29927  36.968  -63.784  21.300 0.5000000000
29926  37.768  -63.927  21.258 0.5000000000
29925  38.198  -64.018  21.195 0.5000000000
28750  37.173  -64.479  21.381 0.5000000000
27489  36.450  -66.078  26.333 0.1000000015
27509  35.702  -65.558  25.983 0.1000000015
28666  35.745  -65.126  25.220 0.1000000015
28665  36.199  -65.198  25.014 0.1000000015
28686  36.410  -64.754  24.585 0.1000000015
28687  35.317  -64.418  24.834 0.1000000015
28685  37.597  -64.598  24.119 0.1000000015
29887  36.974  -63.148  23.531 0.1000000015
31000  37.815  -62.510  23.109 0.1000000015
31018  38.013  -61.814  22.683 0.2000000030
32154  39.439  -61.301  22.430 0.2000000030
33283  39.175  -60.511  22.201 0.2000000030
33282  40.052  -60.640  22.138 0.2000000030
33297  39.825  -60.087  21.894 0.2000000030
34395  40.766  -59.839  21.268 0.2000000030
34418  40.455  -59.450  20.891 0.2000000030
34440  41.311  -60.121  20.463 0.2000000030
36674  37.650  -57.290  17.144 0.1000000015
35536  38.260  -58.432  18.239 0.1000000015
34442  39.674  -59.332  19.516 0.1000000015
34441  40.618  -59.651  20.236 0.2000000030
34468  38.781  -59.116  18.874 0.1000000015
33334  38.752  -60.082  19.344 0.1000000015
33333  39.837  -60.230  19.540 0.2000000030
28667  34.644  -64.819  25.885 0.1000000015
29836  33.534  -63.650  26.436 0.1000000015
30985  34.071  -62.700  24.924 0.1000000015
29865  34.815  -63.604  24.715 0.1000000015
30983  35.828  -62.844  23.730 0.1000000015
29864  35.937  -63.572  24.021 0.1000000015
31001  36.862  -62.406  23.222 0.1000000015
32156  37.608  -61.259  22.546 0.1000000015
33285  37.524  -60.452  22.304 0.1000000015
33284  38.323  -60.597  22.291 0.1000000015
34383  38.748  -60.183  22.108 0.2000000030
35474  39.557  -59.314  21.436 0.2000000030
35497  39.785  -59.057  21.081 0.2000000030
35517  39.961  -59.038  20.540 0.2000000030
35518  39.592  -58.688  19.953 0.1000000015
40043  38.298  -54.476  16.464 0.1000000015
38941  37.894  -55.310  16.906 0.1000000015
37855  37.706  -56.213  17.281 0.1000000015
36673  37.872  -57.093  17.639 0.1000000015
35554  38.268  -57.790  18.031 0.1000000015
34467  39.168  -58.740  19.050 0.1000000015
30977  33.421  -62.865  25.950 0.1000000015
32124  33.706  -61.428  24.658 0.1000000015
32123  34.494  -61.812  24.062 0.1000000015
32139  35.843  -61.307  23.037 0.1000000015
32157  36.740  -60.943  22.587 0.1000000015
34385  37.454  -59.735  21.998 0.1000000015
34384  38.265  -59.989  22.045 0.2000000030
34399  37.375  -59.004  21.613 0.1000000015
34398  38.280  -59.332  21.676 0.1000000015
35476  38.202  -58.634  21.183 0.2000000030
35475  39.075  -58.998  21.372 0.2000000030
35499  38.011  -58.049  20.556 0.1000000015
35498  39.119  -58.478  20.621 0.2000000030
38923  37.495  -55.206  18.083 0.1000000015
37836  37.515  -55.810  18.433 0.1000000015
37812  37.485  -56.256  18.951 0.1000000015
37811  37.945  -56.772  18.694 0.1000000015
36604  38.551  -57.842  20.007 0.1000000015
36603  39.139  -58.187  20.047 0.1000000015
38942  37.722  -54.958  17.483 0.1000000015
37835  37.760  -56.277  18.137 0.1000000015
36652  38.828  -57.747  19.015 0.1000000015
36630  38.990  -57.982  19.583 0.1000000015
36653  38.260  -57.302  18.486 0.1000000015
35535  38.810  -58.192  18.632 0.1000000015
33252  34.136  -60.974  23.949 0.1000000015
32140  34.883  -61.118  23.457 0.1000000015
33268  35.341  -60.536  22.907 0.1000000015
34386  36.500  -59.431  22.029 0.1000000015
38901  35.778  -55.613  19.569 0.1000000015
37814  36.128  -56.269  19.719 0.1000000015
36606  36.470  -57.179  20.325 0.1000000015
36586  36.949  -57.674  20.508 0.1000000015
35477  37.103  -58.228  21.031 0.1000000015
40013  36.617  -54.364  18.647 0.1000000015
39991  35.938  -54.524  19.182 0.1000000015
37813  36.648  -56.139  19.416 0.1000000015
37788  36.582  -56.696  19.847 0.1000000015
35500  37.404  -57.832  20.514 0.1000000015
40012  37.154  -54.306  18.201 0.1000000015
38924  37.075  -54.931  18.513 0.1000000015
38900  36.686  -55.334  18.961 0.1000000015
37787  37.175  -56.667  19.503 0.1000000015
36605  37.453  -57.366  19.958 0.1000000015
34387  35.533  -59.356  22.314 0.1000000015
35461  35.144  -58.673  22.032 0.1000000015
35460  35.935  -58.894  21.888 0.1000000015
35479  34.856  -57.954  21.676 0.1000000015
35478  35.885  -58.228  21.419 0.1000000015
34400  36.576  -58.751  21.617 0.1000000015
39992  35.258  -54.715  19.729 0.1000000015
38878  35.244  -55.827  20.003 0.1000000015
37775  35.096  -56.705  20.704 0.1000000015
36588  35.316  -57.286  20.991 0.1000000015
37789  35.589  -56.513  20.240 0.1000000015
25274  44.701  -67.339  20.968 0.4000000060
26435  38.949  -66.520  21.396 0.5000000000
26430  44.231  -66.585  20.704 0.4000000060
27604  44.099  -64.974  20.314 0.4000000060
25222  45.362  -67.966  24.058 0.1000000015
28706  43.348  -64.719  23.059 0.1000000015
28746  46.378  -65.274  21.436 0.2000000030
28793  43.474  -63.937  20.201 0.4000000060
28794  42.669  -63.737  20.149 0.4000000060
26380  43.038  -66.924  24.455 0.1000000015
31038  43.699  -62.506  21.156 0.3000000119
32152  41.407  -61.279  22.005 0.2000000030
29924  44.288  -63.103  21.456 0.2000000030
31037  44.370  -63.102  21.016 0.2000000030
29936  44.562  -63.664  20.662 0.2000000030
32169  43.091  -61.819  20.740 0.3000000119
29962  43.475  -63.240  20.253 0.3000000119
32184  42.619  -61.352  20.460 0.2000000030
22935  41.044  -69.066  25.630 0.1000000015
24052  40.890  -68.388  25.884 0.1000000015
26365  42.189  -67.364  25.131 0.1000000015
27523  41.333  -65.912  24.104 0.1000000015
26381  41.764  -66.647  24.689 0.1000000015
28708  41.630  -64.334  23.124 0.1000000015
28730  42.928  -64.050  22.790 0.1000000015
29904  41.030  -62.991  22.681 0.1000000015
31086  40.465  -61.884  19.906 0.4000000060
25319  34.386  -66.834  19.271 0.5000000000
26476  34.574  -66.296  19.887 0.5000000000
26489  34.007  -66.290  18.935 0.5000000000
28796  34.944  -63.944  19.304 0.5000000000
27506  38.305  -65.999  25.118 0.1000000015
26367  39.813  -66.772  25.479 0.1000000015
27525  39.500  -65.525  24.225 0.1000000015
27548  40.983  -65.146  23.651 0.1000000015
29905  40.233  -62.773  22.753 0.1000000015
35598  37.999  -58.224  14.340 0.2000000030
34469  37.681  -59.181  18.222 0.1000000015
33405  36.557  -60.751  16.054 0.2000000030
32185  39.094  -61.598  20.151 0.4000000060
31106  35.756  -62.018  18.352 0.5000000000
32244  36.035  -61.500  17.792 0.4000000060
32226  36.145  -61.322  18.675 0.4000000060
32188  36.686  -61.994  20.337 0.5000000000
29989  36.006  -62.990  17.322 0.5000000000
31119  35.953  -62.273  17.537 0.5000000000
31064  35.645  -62.740  20.040 0.5000000000
27507  37.499  -65.831  25.248 0.1000000015
28711  38.369  -64.238  23.729 0.1000000015
29863  37.046  -63.982  23.847 0.1000000015
29886  37.932  -63.550  23.530 0.1000000015
30998  39.574  -62.977  23.009 0.1000000015
30999  38.799  -62.777  23.113 0.2000000030
32155  38.550  -61.242  22.471 0.2000000030
36691  37.501  -57.260  16.494 0.1000000015
27510  35.250  -65.515  26.391 0.1000000015
34397  39.154  -59.718  21.803 0.2000000030
38953  38.037  -55.332  15.935 0.1000000015
37866  37.695  -56.246  16.404 0.1000000015
36690  37.630  -56.810  17.012 0.1000000015
34443  39.290  -59.643  19.356 0.1000000015
29849  34.461  -63.986  25.274 0.1000000015
28651  33.755  -64.472  26.758 0.1000000015
28668  33.908  -64.197  26.137 0.1000000015
29850  33.988  -63.698  25.637 0.1000000015
29866  34.321  -63.494  25.135 0.1000000015
30984  35.166  -62.676  24.030 0.1000000015
31002  35.992  -62.235  23.436 0.1000000015
31003  35.252  -61.846  23.576 0.1000000015
32138  36.721  -61.715  22.888 0.1000000015
33286  36.700  -60.207  22.328 0.1000000015
38922  37.683  -55.590  17.566 0.1000000015
32117  33.174  -61.811  25.603 0.1000000015
32158  36.089  -60.620  22.634 0.1000000015
38899  37.260  -55.507  18.579 0.1000000015
40031  37.544  -54.322  17.687 0.1000000015
36632  37.605  -56.884  19.392 0.1000000015
36631  38.205  -57.236  19.254 0.1000000015
35534  39.199  -58.431  19.285 0.1000000015
33253  33.451  -60.267  24.390 0.1000000015
33269  34.401  -60.123  23.400 0.1000000015
33288  35.127  -59.871  22.726 0.1000000015
33287  35.873  -60.021  22.462 0.1000000015
38902  35.106  -55.380  19.926 0.1000000015
36587  36.271  -57.652  20.792 0.1000000015
36607  35.908  -57.172  20.577 0.1000000015
34388  34.607  -59.205  22.732 0.1000000015
36589  34.423  -57.329  21.600 0.1000000015
39993  34.783  -54.979  20.102 0.1000000015
37790  34.949  -56.402  20.576 0.1000000015
21996  46.255  -70.462  18.005 0.1000000015
22008  46.024  -70.223  17.642 0.1000000015
23068  46.204  -69.884  17.986 0.1000000015
23049  46.105  -69.666  18.458 0.1000000015
23002  45.486  -69.153  19.936 0.1000000015
23024  46.647  -69.477  19.444 0.1000000015
24181  46.965  -68.824  19.967 0.1000000015
19753  45.286  -71.505  17.463 0.2000000030
24157  46.699  -68.519  20.763 0.1000000015
20959  45.212  -70.681  16.901 0.2000000030
23092  45.134  -70.031  17.216 0.1000000015
22019  44.773  -70.400  16.713 0.2000000030
23050  45.470  -69.523  18.305 0.1000000015
19802  44.076  -71.482  16.050 0.2000000030
23026  45.117  -69.304  19.029 0.2000000030
23070  45.015  -69.662  17.595 0.2000000030
23051  44.690  -69.311  18.211 0.2000000030
23003  44.627  -69.086  19.783 0.3000000119
24160  44.008  -68.725  20.388 0.3000000119
23027  44.267  -69.130  18.977 0.3000000119
23004  43.790  -68.957  19.668 0.3000000119
23094  43.911  -69.625  16.741 0.2000000030
23071  44.272  -69.418  17.458 0.2000000030
20994  43.563  -71.105  15.017 0.2000000030
23052  43.735  -69.085  18.226 0.2000000030
22035  43.915  -70.659  15.827 0.2000000030
17402  40.097  -74.475  13.392 0.1000000015
20980  43.479  -71.569  15.194 0.2000000030
23121  44.212  -70.079  16.409 0.2000000030
20979  43.781  -71.246  15.519 0.2000000030
24182  43.008  -68.839  19.382 0.3000000119
24161  42.976  -68.706  20.087 0.4000000060
18571  42.171  -72.699  14.194 0.1000000015
19817  43.207  -71.847  14.931 0.1000000015
23072  43.400  -69.306  17.387 0.2000000030
18588  40.848  -73.742  13.832 0.1000000015
24183  42.331  -68.794  19.408 0.4000000060
19831  42.906  -71.768  14.320 0.2000000030
23122  43.559  -70.024  16.093 0.2000000030
18598  40.884  -73.486  12.596 0.1000000015
18610  40.844  -73.724  11.780 0.2000000030
18587  41.605  -72.973  13.417 0.1000000015
18597  41.553  -72.848  12.448 0.1000000015
22053  43.306  -70.887  14.760 0.2000000030
23095  43.048  -69.603  16.660 0.2000000030
23073  42.371  -69.264  17.465 0.4000000060
18586  42.156  -72.507  13.469 0.1000000015
23096  42.097  -69.635  16.661 0.4000000060
24184  41.315  -68.738  19.414 0.4000000060
22071  43.009  -71.207  14.229 0.3000000119
22037  42.732  -70.321  15.292 0.3000000119
19832  42.574  -72.098  13.575 0.2000000030
21009  42.524  -71.594  13.154 0.4000000060
24216  41.494  -69.068  17.882 0.4000000060
24185  40.233  -68.643  19.423 0.4000000060
22073  42.018  -70.776  13.432 0.4000000060
22072  42.628  -71.137  13.689 0.3000000119
37912  39.376  -56.364  13.844 0.1000000015
36710  37.831  -57.361  14.712 0.1000000015
24199  40.925  -68.829  18.555 0.4000000060
23124  41.781  -70.013  15.969 0.4000000060
24217  40.630  -69.073  17.686 0.5000000000
23143  41.589  -70.390  15.204 0.4000000060
22054  42.466  -70.575  14.621 0.3000000119
23142  42.312  -70.288  15.385 0.4000000060
36732  38.877  -57.222  13.842 0.1000000015
36731  39.758  -57.382  13.563 0.1000000015
24200  39.892  -68.764  18.535 0.4000000060
24218  39.549  -68.933  17.759 0.5000000000
24237  40.081  -69.177  17.117 0.5000000000
35597  38.594  -58.132  13.886 0.1000000015
34541  37.714  -58.980  14.602 0.1000000015
34539  39.212  -59.851  13.813 0.1000000015
34540  38.474  -59.166  13.994 0.1000000015
33421  37.742  -59.959  14.579 0.1000000015
20918  46.221  -71.017  18.561 0.1000000015
23048  46.419  -69.855  18.481 0.1000000015
23001  46.188  -69.109  20.048 0.1000000015
21995  46.602  -70.191  18.705 0.1000000015
23023  47.224  -69.446  19.979 0.1000000015
24133  46.890  -67.855  21.380 0.1000000015
24163  40.673  -68.501  20.286 0.4000000060
19754  44.665  -72.085  17.437 0.1000000015
24197  42.921  -68.916  18.750 0.3000000119
22036  43.178  -70.405  15.381 0.2000000030
24198  42.034  -68.926  18.484 0.4000000060
23097  40.991  -69.520  16.721 0.4000000060
21964  47.270  -70.314  20.373 0.1000000015
9784  32.050  -81.930  13.147 0.1000000015
10719  30.767  -80.845  12.600 0.1000000015
11738  31.975  -79.261  12.082 0.1000000015
9785  31.007  -81.670  12.992 0.1000000015
11721  32.451  -80.235  12.239 0.1000000015
9776  31.229  -81.756  13.830 0.1000000015
9767  30.443  -81.334  14.781 0.1000000015
9777  30.110  -81.437  13.648 0.1000000015
12773  23.128  -78.093  17.211 0.1000000015
12770  30.498  -78.804  17.626 0.1000000015
10666  30.126  -80.698  16.850 0.1000000015
10717  33.088  -81.134  12.874 0.1000000015
11657  30.309  -79.968  16.339 0.1000000015
10718  31.796  -81.091  12.541 0.1000000015
10683  30.289  -80.730  15.729 0.1000000015
10716  34.028  -80.396  12.903 0.1000000015
9756  29.933  -81.319  15.631 0.1000000015
11737  32.914  -79.352  11.959 0.1000000015
13880  22.586  -77.893  18.319 0.1000000015
13897  23.663  -77.688  17.057 0.1000000015
13896  24.257  -77.284  16.926 0.1000000015
12720  22.453  -77.831  20.684 0.1000000015
13862  22.200  -77.788  19.228 0.1000000015
12755  22.750  -78.110  17.652 0.1000000015
13879  23.269  -77.567  17.879 0.1000000015
15069  25.398  -76.929  16.719 0.1000000015
15019  28.749  -77.110  18.509 0.1000000015
12752  30.479  -78.898  18.502 0.1000000015
9783  32.743  -81.681  13.555 0.1000000015
9765  32.462  -81.415  14.254 0.1000000015
9766  31.628  -81.332  14.285 0.1000000015
10702  33.941  -80.673  13.515 0.1000000015
11736  33.869  -79.309  11.997 0.1000000015
12855  33.317  -78.517  11.606 0.1000000015
13878  23.965  -76.982  17.559 0.1000000015
13829  23.415  -77.769  21.064 0.1000000015
13844  23.065  -77.717  20.265 0.1000000015
13861  23.159  -77.501  18.975 0.1000000015
13860  23.778  -76.873  18.514 0.1000000015
15034  24.314  -76.220  18.046 0.1000000015
15053  24.783  -76.510  17.206 0.1000000015
17351  25.535  -75.016  17.948 0.1000000015
16198  27.162  -75.818  17.357 0.1000000015
15033  27.864  -76.539  17.656 0.1000000015
15032  28.593  -76.661  18.141 0.1000000015
15031  29.270  -76.684  18.345 0.1000000015
13875  29.759  -77.254  18.601 0.1000000015
13874  30.358  -77.789  18.273 0.1000000015
12813  30.817  -79.242  15.603 0.1000000015
10703  33.324  -81.260  13.775 0.1000000015
10680  32.747  -80.285  14.681 0.1000000015
10692  32.160  -80.801  14.530 0.1000000015
11679  31.165  -79.735  15.162 0.1000000015
10682  30.823  -80.363  15.190 0.1000000015
11720  33.468  -80.098  12.386 0.1000000015
17318  24.916  -74.928  18.864 0.1000000015
12702  23.537  -77.905  21.629 0.1000000015
13843  23.824  -76.912  19.673 0.1000000015
15020  24.253  -76.099  19.038 0.1000000015
16162  24.667  -75.342  19.479 0.1000000015
16180  25.163  -75.129  18.164 0.1000000015
17333  26.391  -74.439  17.977 0.1000000015
17332  27.358  -74.764  17.742 0.1000000015
16197  28.798  -74.938  17.503 0.1000000015
13828  24.151  -77.098  21.131 0.1000000015
14991  24.565  -76.269  20.853 0.1000000015
15006  24.468  -76.053  20.125 0.1000000015
16179  28.038  -75.709  17.691 0.1000000015
16178  28.822  -75.769  17.791 0.1000000015
16177  29.500  -76.134  17.785 0.1000000015
15049  30.431  -76.917  17.435 0.1000000015
15048  30.815  -77.008  16.630 0.1000000015
13893  30.625  -77.839  17.063 0.1000000015
12788  30.774  -78.283  15.971 0.1000000015
13892  30.753  -77.609  16.517 0.1000000015
13935  31.826  -77.751  15.380 0.1000000015
12812  31.237  -78.678  15.409 0.1000000015
12789  30.572  -78.901  16.344 0.1000000015
11677  33.162  -79.539  14.922 0.1000000015
10681  32.189  -80.255  14.691 0.1000000015
11678  32.093  -79.612  14.865 0.1000000015
10690  33.906  -80.669  14.172 0.1000000015
10689  34.686  -80.279  13.920 0.1000000015
11735  34.780  -79.248  12.091 0.1000000015
11719  34.310  -79.830  12.516 0.1000000015
11734  35.658  -79.108  12.261 0.1000000015
11718  35.098  -79.739  12.770 0.1000000015
17317  25.062  -74.641  19.534 0.1000000015
17334  25.422  -74.672  18.415 0.1000000015
12685  24.179  -77.907  22.418 0.1000000015
12684  24.957  -77.841  23.097 0.1000000015
13816  24.523  -77.235  22.013 0.1000000015
13827  24.769  -76.752  21.907 0.1000000015
15005  24.728  -75.760  20.737 0.1000000015
16147  24.619  -75.543  19.928 0.1000000015
16161  24.807  -75.055  19.732 0.1000000015
18505  25.728  -74.130  18.733 0.1000000015
18503  27.056  -73.821  18.192 0.1000000015
18502  27.984  -73.821  17.774 0.1000000015
18523  28.569  -73.836  17.307 0.1000000015
16196  29.316  -75.376  17.411 0.1000000015
17346  29.696  -75.071  16.829 0.1000000015
16195  29.973  -76.024  17.252 0.1000000015
16212  30.127  -75.420  16.627 0.1000000015
16194  30.445  -76.460  16.917 0.1000000015
15066  31.372  -76.837  15.820 0.1000000015
11676  34.192  -79.495  14.895 0.1000000015
13933  33.962  -77.796  14.774 0.1000000015
12810  33.589  -78.706  15.026 0.1000000015
13934  32.889  -77.819  15.113 0.1000000015
12809  34.644  -78.726  14.880 0.1000000015
12811  32.477  -78.678  15.095 0.1000000015
10678  34.573  -80.051  14.529 0.1000000015
11675  35.264  -79.327  14.746 0.1000000015
10701  34.633  -80.206  13.276 0.1000000015
12838  36.283  -78.912  12.402 0.1000000015
12647  24.910  -78.744  24.242 0.1000000015
12667  24.387  -78.455  23.630 0.1000000015
13805  25.585  -77.307  23.270 0.1000000015
14959  25.605  -76.620  22.947 0.1000000015
18478  25.569  -73.832  19.977 0.1000000015
13815  25.043  -77.161  22.536 0.1000000015
14976  25.374  -76.183  22.326 0.1000000015
16117  25.473  -75.286  21.868 0.1000000015
18459  25.752  -73.759  20.783 0.1000000015
18490  26.110  -73.397  19.504 0.1000000015
19715  26.621  -73.078  19.128 0.1000000015
19738  27.511  -73.056  18.309 0.1000000015
19693  26.732  -72.786  19.779 0.1000000015
19713  27.891  -72.449  18.463 0.1000000015
19764  28.478  -73.175  17.424 0.1000000015
17347  29.063  -74.428  17.000 0.1000000015
17364  29.567  -74.509  16.511 0.1000000015
19789  29.276  -72.892  16.495 0.1000000015
17363  30.159  -74.693  16.045 0.1000000015
17377  30.678  -74.593  15.409 0.1000000015
17362  30.891  -75.132  15.592 0.1000000015
15081  32.198  -76.943  15.181 0.1000000015
16224  31.596  -75.845  15.212 0.1000000015
13932  35.055  -78.039  14.714 0.1000000015
13947  34.026  -77.265  14.547 0.1000000015
11692  35.407  -79.741  14.231 0.1000000015
11704  35.384  -79.861  13.530 0.1000000015
11717  36.095  -79.344  12.966 0.1000000015
17268  26.730  -74.452  22.900 0.1000000015
18436  26.848  -73.597  22.362 0.1000000015
12646  25.580  -78.756  24.514 0.1000000015
12666  25.421  -78.168  23.774 0.1000000015
13804  26.131  -77.474  23.836 0.1000000015
14958  26.271  -76.487  23.510 0.1000000015
14975  25.874  -75.993  22.975 0.1000000015
17269  25.998  -74.666  22.219 0.1000000015
18458  26.468  -73.302  21.416 0.1000000015
19669  27.484  -72.428  21.207 0.1000000015
16116  25.963  -75.333  22.603 0.1000000015
17286  25.692  -74.337  21.469 0.1000000015
19670  26.835  -72.713  20.575 0.1000000015
20878  28.409  -71.633  19.828 0.1000000015
20930  29.002  -71.622  18.204 0.1000000015
19714  27.354  -72.521  19.076 0.1000000015
20906  27.750  -72.083  19.408 0.1000000015
19788  29.762  -72.471  16.272 0.1000000015
18561  30.534  -73.810  15.247 0.1000000015
17376  31.288  -74.683  14.892 0.1000000015
17392  32.693  -74.799  14.179 0.1000000015
16240  31.771  -75.261  14.735 0.1000000015
15094  33.847  -76.657  14.320 0.1000000015
15079  33.736  -77.213  14.580 0.1000000015
15095  32.946  -76.312  14.356 0.1000000015
13946  34.549  -77.310  14.509 0.1000000015
13945  35.466  -77.357  14.522 0.1000000015
12808  35.610  -78.697  14.825 0.1000000015
16081  27.785  -75.807  24.455 0.1000000015
12645  26.408  -78.499  24.995 0.1000000015
14937  27.206  -76.784  24.445 0.1000000015
16100  27.626  -75.200  24.003 0.1000000015
17254  26.927  -75.042  23.360 0.1000000015
18435  27.756  -73.500  23.027 0.1000000015
11560  25.721  -79.360  25.154 0.1000000015
13787  26.613  -77.595  24.426 0.1000000015
14938  26.624  -76.959  24.028 0.1000000015
16101  27.067  -75.641  23.792 0.1000000015
16102  26.461  -75.485  23.204 0.1000000015
18457  27.246  -73.000  22.077 0.1000000015
19645  27.942  -72.593  22.081 0.1000000015
20851  28.810  -71.674  20.534 0.1000000015
19691  28.131  -71.888  20.622 0.1000000015
20929  29.904  -71.277  18.279 0.1000000015
20948  29.661  -71.617  17.432 0.1000000015
20965  30.247  -71.834  16.491 0.1000000015
18560  31.377  -73.725  14.751 0.1000000015
15093  34.905  -76.575  14.231 0.1000000015
16238  33.258  -75.656  14.037 0.1000000015
13944  36.338  -77.348  14.676 0.1000000015
13930  36.876  -77.893  15.000 0.1000000015
13785  27.854  -77.534  25.344 0.1000000015
17235  28.452  -75.422  24.493 0.1000000015
18415  28.013  -74.162  23.666 0.1000000015
13786  27.228  -77.640  25.053 0.1000000015
17253  27.437  -74.595  23.546 0.1000000015
19644  28.821  -72.547  22.368 0.1000000015
19667  29.654  -72.077  21.663 0.1000000015
20850  29.546  -71.680  20.805 0.1000000015
20877  29.396  -71.421  19.955 0.1000000015
20947  30.626  -71.395  17.427 0.1000000015
20983  31.981  -71.854  15.695 0.1000000015
20984  31.011  -71.979  15.762 0.1000000015
19808  32.690  -72.436  15.106 0.1000000015
19809  31.465  -72.797  15.045 0.1000000015
18577  33.040  -73.912  14.245 0.1000000015
17390  34.778  -74.701  14.112 0.1000000015
17391  33.684  -74.725  13.933 0.1000000015
17389  35.833  -74.775  14.540 0.1000000015
16237  34.310  -75.681  13.959 0.1000000015
15092  35.864  -76.601  14.352 0.1000000015
13943  37.023  -77.267  14.903 0.1000000015
12805  38.360  -77.856  15.402 0.1000000015
14936  28.092  -76.870  25.067 0.1000000015
16080  28.728  -75.903  24.852 0.1000000015
18414  28.701  -73.949  23.690 0.1000000015
19643  29.891  -72.618  22.426 0.1000000015
14922  28.203  -77.389  25.369 0.1000000015
18434  29.186  -73.163  23.145 0.1000000015
20928  30.945  -71.222  18.385 0.1000000015
20964  31.325  -71.557  16.547 0.1000000015
20963  32.421  -71.513  16.572 0.1000000015
18575  35.193  -73.789  14.712 0.1000000015
19820  33.406  -73.091  14.660 0.1000000015
18576  34.101  -73.799  14.226 0.1000000015
16235  36.289  -75.788  14.457 0.1000000015
16234  36.955  -76.104  14.687 0.1000000015
15090  37.356  -76.701  14.985 0.1000000015
13927  39.369  -77.477  15.987 0.1000000015
15088  40.079  -76.888  15.128 0.1000000015
14935  29.257  -76.746  25.226 0.1000000015
16079  29.852  -75.728  24.631 0.1000000015
18413  29.749  -73.873  23.618 0.1000000015
18432  31.026  -73.495  22.761 0.1000000015
19642  30.802  -72.878  22.310 0.1000000015
17251  29.296  -74.554  24.119 0.1000000015
20849  30.455  -71.774  21.025 0.1000000015
20876  30.359  -71.436  20.158 0.1000000015
20902  31.214  -71.360  19.393 0.1000000015
20945  32.834  -71.467  17.513 0.1000000015
19787  33.891  -72.034  16.062 0.1000000015
19807  33.834  -72.417  15.484 0.1000000015
17343  40.924  -74.107  17.827 0.1000000015
18536  40.167  -74.193  17.226 0.1000000015
18537  39.807  -73.981  16.970 0.1000000015
18539  37.581  -73.524  16.210 0.1000000015
18557  37.116  -74.082  15.602 0.1000000015
19806  35.072  -73.057  15.457 0.1000000015
19819  34.348  -73.158  14.830 0.1000000015
17330  40.984  -74.811  17.898 0.1000000015
17344  40.378  -74.705  17.415 0.1000000015
18555  38.727  -74.489  16.096 0.1000000015
18558  35.947  -73.717  15.292 0.1000000015
17329  41.577  -74.402  18.238 0.1000000015
16175  41.354  -75.062  17.959 0.1000000015
16192  40.844  -75.412  17.587 0.1000000015
16210  39.003  -75.783  16.293 0.1000000015
17373  37.796  -74.932  15.384 0.1000000015
17374  36.699  -74.769  14.964 0.1000000015
17328  42.520  -74.355  18.494 0.1000000015
16190  42.171  -74.861  17.923 0.1000000015
15047  40.551  -75.870  17.295 0.1000000015
16221  37.491  -75.792  15.042 0.1000000015
15064  40.151  -76.297  17.015 0.1000000015
15078  38.100  -76.670  15.481 0.1000000015
17358  41.582  -74.956  16.220 0.1000000015
13926  40.119  -77.067  16.403 0.1000000015
16219  40.807  -75.812  15.629 0.1000000015
14956  30.760  -76.243  24.300 0.1000000015
14934  30.222  -76.752  24.950 0.1000000015
16099  30.580  -75.557  24.153 0.1000000015
16098  31.328  -75.551  23.625 0.1000000015
18412  30.654  -73.921  23.328 0.1000000015
17250  30.340  -74.775  23.991 0.1000000015
18411  31.193  -73.924  23.015 0.1000000015
19641  31.452  -73.207  22.258 0.1000000015
20848  31.175  -71.979  21.186 0.1000000015
19690  31.759  -72.037  20.915 0.1000000015
20875  31.359  -71.670  20.408 0.1000000015
20927  32.047  -71.367  18.492 0.1000000015
20961  34.135  -71.810  16.800 0.1000000015
19785  35.671  -72.741  16.330 0.1000000015
19786  34.447  -72.195  16.328 0.1000000015
18519  40.301  -73.594  17.486 0.1000000015
19783  37.959  -73.010  16.825 0.1000000015
18518  40.820  -73.561  17.859 0.1000000015
18498  43.694  -73.468  18.332 0.1000000015
17341  43.150  -73.925  18.091 0.1000000015
14955  31.610  -76.893  23.799 0.1000000015
18431  31.784  -73.929  22.569 0.1000000015
18456  32.018  -73.264  21.969 0.1000000015
17249  31.244  -74.474  23.287 0.1000000015
19665  31.595  -72.585  21.607 0.1000000015
19689  32.465  -72.368  20.807 0.1000000015
20874  32.107  -71.881  20.422 0.1000000015
20944  34.036  -71.625  17.475 0.1000000015
20926  33.155  -71.584  18.510 0.1000000015
19760  35.995  -72.108  17.550 0.1000000015
20943  34.970  -71.627  17.935 0.1000000015
19762  34.404  -71.870  16.909 0.1000000015
19757  39.704  -72.705  17.764 0.1000000015
19758  38.577  -72.648  17.409 0.1000000015
19759  37.302  -72.370  17.488 0.1000000015
19730  42.294  -73.188  19.086 0.1000000015
19756  40.336  -72.849  17.903 0.1000000015
19784  36.841  -72.818  16.706 0.1000000015
18489  42.744  -73.544  19.222 0.1000000015
18499  42.037  -73.673  18.726 0.1000000015
14974  31.985  -76.126  23.220 0.1000000015
17266  32.021  -74.933  22.947 0.1000000015
18430  32.450  -74.524  22.389 0.1000000015
18455  32.746  -73.820  21.742 0.1000000015
19664  32.388  -72.967  21.489 0.1000000015
19712  32.500  -71.952  20.248 0.1000000015
20900  33.483  -71.764  19.369 0.1000000015
20924  35.034  -71.463  18.793 0.1000000015
19735  36.674  -71.801  18.246 0.1000000015
19736  36.050  -71.714  18.237 0.1000000015
18500  41.264  -73.399  18.238 0.1000000015
17315  43.343  -73.743  19.062 0.1000000015
18515  44.021  -72.894  17.822 0.1000000015
16114  32.535  -75.701  22.674 0.1000000015
18454  33.475  -74.457  21.335 0.1000000015
18475  33.663  -73.556  20.869 0.1000000015
19688  33.367  -72.616  20.510 0.1000000015
18476  32.930  -73.046  21.088 0.1000000015
19711  32.993  -72.092  20.068 0.1000000015
19710  33.858  -72.030  20.006 0.1000000015
20925  34.171  -71.568  18.590 0.1000000015
19734  37.778  -71.908  18.269 0.1000000015
19731  41.771  -72.816  18.854 0.1000000015
19732  40.497  -72.176  18.687 0.1000000015
19729  45.021  -72.255  18.589 0.1000000015
19728  45.450  -71.616  18.120 0.1000000015
18474  34.760  -73.630  20.734 0.1000000015
19687  34.427  -72.562  20.457 0.1000000015
20873  34.599  -71.794  20.049 0.1000000015
20899  34.384  -71.656  19.420 0.1000000015
20898  35.212  -71.464  19.619 0.1000000015
20923  35.948  -71.411  18.877 0.1000000015
18471  44.452  -72.929  19.954 0.1000000015
19706  43.155  -73.054  19.776 0.1000000015
19733  38.997  -72.002  18.382 0.1000000015
19705  44.859  -72.608  19.329 0.1000000015
20871  36.447  -71.706  20.983 0.1000000015
19686  35.463  -72.619  21.058 0.1000000015
20896  37.292  -71.172  20.090 0.1000000015
20872  35.329  -71.765  20.445 0.1000000015
20895  38.442  -71.215  20.138 0.1000000015
20897  36.145  -71.217  19.923 0.1000000015
20922  36.988  -71.416  19.087 0.1000000015
19683  43.760  -72.720  20.341 0.1000000015
19684  43.135  -72.551  20.145 0.1000000015
19707  42.487  -72.618  19.579 0.1000000015
20919  39.928  -71.471  19.465 0.1000000015
20921  38.121  -71.469  19.187 0.1000000015
19704  45.602  -71.872  19.479 0.1000000015
19708  41.583  -72.044  19.341 0.1000000015
20869  38.853  -71.280  21.087 0.1000000015
20894  39.473  -71.244  20.147 0.1000000015
20892  41.370  -71.502  19.975 0.1000000015
19709  40.988  -71.725  19.444 0.1000000015
20920  39.248  -71.483  19.284 0.1000000015
12735  30.190  -78.607  19.095 0.1000000015
11644  30.310  -79.783  17.203 0.1000000015
10693  31.220  -80.760  14.749 0.1000000015
11680  30.594  -79.806  15.688 0.1000000015
12756  22.210  -78.400  17.820 0.1000000015
10656  30.363  -80.708  17.825 0.1000000015
16200  25.334  -75.453  17.729 0.1000000015
13858  29.251  -77.522  18.906 0.1000000015
10691  33.034  -81.060  14.374 0.1000000015
11693  31.677  -80.259  14.807 0.1000000015
16181  24.806  -75.352  18.422 0.1000000015
17349  26.597  -75.084  17.566 0.1000000015
15051  26.534  -76.611  16.947 0.1000000015
17350  25.877  -74.979  17.735 0.1000000015
16176  29.765  -76.286  17.703 0.1000000015
10679  33.641  -80.237  14.643 0.1000000015
18504  26.194  -73.785  18.685 0.1000000015
17331  28.243  -74.873  17.643 0.1000000015
16211  30.684  -75.910  16.295 0.1000000015
13912  31.003  -77.696  15.974 0.1000000015
17303  25.263  -74.459  20.519 0.1000000015
16130  25.075  -75.167  21.061 0.1000000015
19737  28.088  -72.824  17.906 0.1000000015
18477  26.184  -73.224  20.356 0.1000000015
20905  28.186  -71.867  18.946 0.1000000015
20950  28.545  -72.548  17.600 0.1000000015
19763  28.897  -72.685  17.110 0.1000000015
19811  29.664  -73.013  15.985 0.1000000015
16223  32.391  -76.382  14.731 0.1000000015
13931  35.990  -78.035  14.762 0.1000000015
11691  36.219  -79.195  14.526 0.1000000015
17267  27.273  -74.139  23.212 0.1000000015
17285  26.264  -74.004  22.140 0.1000000015
12665  26.060  -78.134  24.274 0.1000000015
19692  27.533  -72.162  20.017 0.1000000015
20904  29.149  -71.390  19.075 0.1000000015
19810  30.314  -72.687  15.687 0.1000000015
17393  32.008  -74.880  14.519 0.1000000015
12807  36.547  -78.653  14.857 0.1000000015
16082  27.220  -76.154  24.183 0.1000000015
19668  28.613  -72.054  21.361 0.1000000015
20903  30.158  -71.233  19.221 0.1000000015
18578  32.060  -74.074  14.479 0.1000000015
19821  32.397  -73.236  14.610 0.1000000015
16236  35.353  -75.682  14.172 0.1000000015
15091  36.664  -76.664  14.631 0.1000000015
17252  28.276  -74.823  24.114 0.1000000015
17234  29.040  -75.208  24.483 0.1000000015
19666  30.603  -72.263  21.737 0.1000000015
20982  33.048  -71.821  15.800 0.1000000015
18574  35.761  -74.136  14.838 0.1000000015
13929  37.714  -77.482  15.293 0.1000000015
13928  38.644  -77.335  15.823 0.1000000015
12819  38.883  -77.868  15.459 0.1000000015
18433  30.236  -73.259  22.991 0.1000000015
20946  31.704  -71.335  17.485 0.1000000015
20962  33.575  -71.728  16.544 0.1000000015
16222  36.785  -75.521  14.715 0.1000000015
13940  39.988  -77.269  15.732 0.1000000015
13911  39.186  -77.064  16.362 0.1000000015
15076  40.541  -76.485  15.875 0.1000000015
20901  32.361  -71.683  19.617 0.1000000015
18538  38.851  -73.794  16.505 0.1000000015
17361  39.165  -74.912  16.364 0.1000000015
18556  38.151  -74.269  15.857 0.1000000015
18540  36.525  -73.319  15.966 0.1000000015
16209  39.681  -75.608  16.862 0.1000000015
17372  38.602  -75.033  15.854 0.1000000015
17316  43.132  -73.908  19.047 0.1000000015
16191  41.457  -75.357  17.544 0.1000000015
16220  38.372  -75.827  15.630 0.1000000015
15077  38.781  -76.585  16.117 0.1000000015
15065  39.426  -76.463  16.636 0.1000000015
17327  43.256  -73.857  18.754 0.1000000015
15045  41.081  -75.909  17.004 0.1000000015
15063  40.527  -76.413  16.732 0.1000000015
17371  41.499  -74.506  15.630 0.1000000015
16218  41.260  -75.488  16.003 0.1000000015
19761  34.924  -72.020  17.086 0.1000000015
18521  38.855  -73.182  16.937 0.1000000015
18497  44.362  -72.879  18.634 0.1000000015
18472  44.224  -73.047  19.941 0.1000000015
18487  44.386  -72.976  19.596 0.1000000015
23125  40.787  -70.036  15.903 0.4000000060
22085  41.714  -71.134  12.694 0.3000000119
22055  41.373  -70.693  14.271 0.3000000119
23098  39.981  -69.524  16.477 0.4000000060
22056  40.250  -70.885  14.242 0.3000000119
23126  39.749  -70.029  15.788 0.4000000060
14089  37.287  -76.795  4.360 0.1000000015
15232  37.833  -76.475  4.355 0.1000000015
16333  39.212  -75.455  5.215 0.2000000030
18664  40.154  -73.700  7.121 0.3000000119
23147  37.231  -70.192  14.850 0.4000000060
22084  42.225  -71.220  12.831 0.3000000119
21055  39.235  -72.560  10.766 0.4000000060
18686  40.144  -73.915  6.533 0.2000000030
19911  39.638  -73.281  8.051 0.3000000119
19867  38.504  -72.760  10.444 0.4000000060
14090  36.725  -77.206  4.469 0.1000000015
17496  39.870  -74.354  5.170 0.3000000119
19854  38.312  -72.683  10.938 0.4000000060
21013  37.683  -71.603  12.878 0.4000000060
22077  37.434  -71.197  13.335 0.4000000060
14103  37.360  -76.865  3.989 0.1000000015
23129  36.586  -69.563  15.626 0.5000000000
16346  39.625  -74.985  4.679 0.2000000030
18687  39.765  -73.779  5.938 0.3000000119
19912  38.909  -73.168  8.358 0.3000000119
21026  37.709  -71.985  12.422 0.4000000060
24258  35.867  -69.074  16.046 0.4000000060
19887  38.765  -72.999  9.318 0.4000000060
22086  37.367  -71.561  12.856 0.4000000060
22078  36.111  -70.712  13.569 0.4000000060
22059  36.834  -70.519  14.086 0.5000000000
14104  36.899  -77.179  3.296 0.2000000030
15246  38.674  -75.874  3.660 0.2000000030
18710  39.631  -73.925  4.674 0.2000000030
16347  39.053  -75.562  4.248 0.2000000030
19930  39.141  -73.265  7.757 0.3000000119
19913  38.055  -73.222  8.806 0.3000000119
19855  37.842  -72.707  11.004 0.4000000060
18665  39.580  -73.420  7.048 0.3000000119
19888  37.858  -73.118  9.596 0.4000000060
21027  36.822  -72.044  12.255 0.4000000060
23148  36.093  -69.952  14.587 0.5000000000
23130  35.600  -69.242  15.361 0.5000000000
24223  35.164  -68.422  17.190 0.4000000060
19868  37.387  -72.994  10.373 0.4000000060
22087  36.700  -71.487  12.793 0.4000000060
23156  35.959  -70.280  14.058 0.5000000000
23149  34.903  -69.405  14.679 0.5000000000
24259  35.182  -68.776  15.973 0.4000000060
15247  37.990  -76.440  3.456 0.2000000030
16362  39.418  -75.037  3.991 0.2000000030
17516  39.518  -74.366  4.078 0.2000000030
18688  38.990  -73.351  6.000 0.4000000060
18711  39.175  -73.592  4.929 0.2000000030
18666  38.729  -73.342  7.168 0.3000000119
18645  38.192  -73.320  7.975 0.3000000119
24268  34.869  -68.922  15.387 0.5000000000
24243  34.715  -68.355  16.624 0.4000000060
25351  34.621  -68.005  17.526 0.4000000060
18689  37.886  -73.464  6.132 0.4000000060
19889  36.820  -73.262  9.473 0.4000000060
19856  36.870  -72.731  11.113 0.4000000060
23157  35.379  -70.113  14.024 0.5000000000
15262  38.606  -75.835  3.118 0.2000000030
15248  37.554  -76.643  2.688 0.2000000030
17537  39.353  -74.788  3.599 0.2000000030
25352  33.815  -67.364  17.369 0.4000000060
18755  39.169  -73.993  3.437 0.2000000030
19914  37.442  -73.255  9.096 0.3000000119
19869  36.314  -73.050  10.432 0.4000000060
21028  35.988  -71.804  12.289 0.4000000060
14105  36.432  -77.392  2.622 0.2000000030
16384  38.740  -75.336  2.691 0.2000000030
18712  38.279  -73.498  5.077 0.3000000119
25336  34.192  -67.241  18.439 0.4000000060
18667  37.451  -73.499  7.235 0.3000000119
22088  35.470  -71.252  12.833 0.5000000000
28811  34.563  -64.429  18.679 0.4000000060
14117  36.914  -76.929  2.154 0.2000000030
15263  38.219  -76.072  2.465 0.2000000030
19890  35.697  -73.261  9.682 0.4000000060
19857  35.873  -72.623  11.155 0.4000000060
24269  34.145  -68.805  15.156 0.5000000000
25364  34.097  -67.882  16.857 0.4000000060
16385  38.273  -75.339  1.964 0.2000000030
17538  39.044  -74.519  3.064 0.2000000030
18756  38.824  -73.858  3.390 0.2000000030
18668  36.179  -73.707  7.392 0.4000000060
22089  34.152  -71.011  12.403 0.5000000000
23158  34.312  -69.781  13.897 0.5000000000
12978  35.486  -78.021  1.680 0.2000000030
18646  36.972  -73.404  8.484 0.3000000119
21029  35.073  -71.636  12.209 0.5000000000
22079  34.859  -70.527  13.349 0.5000000000
24244  34.052  -68.102  16.289 0.5000000000
14131  35.797  -77.564  1.002 0.2000000030
29990  35.584  -63.396  17.680 0.4000000060
31141  36.387  -62.557  16.708 0.2000000030
27658  34.059  -64.974  18.268 0.4000000060
26490  33.612  -66.297  18.061 0.4000000060
15264  37.616  -76.433  2.047 0.2000000030
18735  37.692  -73.621  4.281 0.4000000060
25365  33.493  -67.436  16.374 0.4000000060
26505  33.369  -66.461  17.043 0.4000000060
15282  37.285  -76.431  1.362 0.2000000030
17563  38.249  -74.741  2.133 0.2000000030
17539  38.238  -74.216  2.815 0.2000000030
15301  37.591  -75.990  0.976 0.2000000030
28820  34.466  -64.425  17.543 0.4000000060
27659  33.705  -65.274  17.389 0.4000000060
19870  35.223  -72.873  10.462 0.3000000119
22080  33.767  -70.106  13.169 0.5000000000
23150  33.860  -69.082  14.390 0.5000000000
18713  37.074  -73.668  5.127 0.4000000060
18626  36.185  -73.389  9.004 0.4000000060
19858  35.006  -72.387  11.132 0.4000000060
18690  36.614  -73.643  6.269 0.4000000060
17579  38.058  -75.034  1.536 0.2000000030
28821  34.110  -64.629  16.973 0.4000000060
24261  33.715  -68.126  15.636 0.5000000000
24270  33.375  -68.292  14.707 0.5000000000
19871  34.202  -72.379  10.585 0.4000000060
23151  33.433  -68.724  14.152 0.5000000000
22096  33.815  -71.310  11.705 0.5000000000
21043  33.677  -71.461  11.307 0.5000000000
23144  40.557  -70.474  15.090 0.4000000060
28819  35.076  -63.917  18.018 0.4000000060
22081  33.254  -69.721  13.028 0.5000000000
21035  41.291  -72.119  11.535 0.3000000119
21023  41.042  -71.552  12.233 0.2000000030
22074  41.002  -71.085  13.255 0.2000000030
17440  41.230  -73.726  9.979 0.2000000030
19864  41.066  -72.762  10.574 0.3000000119
21053  40.773  -72.464  10.886 0.3000000119
17448  41.078  -73.773  9.327 0.2000000030
18624  40.676  -73.377  9.163 0.2000000030
19884  40.749  -73.067  9.708 0.2000000030
16332  39.762  -74.903  5.645 0.2000000030
13000  34.642  -78.557  -0.178 0.1000000015
11887  33.935  -79.423  -0.586 0.1000000015
18792  35.268  -73.433  1.355 0.1000000015
19844  41.771  -72.435  12.135 0.1000000015
21022  41.799  -71.569  12.241 0.2000000030
19853  41.425  -72.501  11.519 0.2000000030
21034  41.808  -71.935  11.926 0.2000000030
17435  41.075  -74.261  10.342 0.1000000015
17434  41.283  -73.643  10.615 0.2000000030
17421  40.820  -74.162  11.211 0.1000000015
16266  40.452  -74.942  10.665 0.1000000015
14118  36.130  -77.458  1.938 0.1000000015
12990  35.257  -78.025  0.569 0.1000000015
17598  37.140  -74.968  0.579 0.1000000015
17581  36.805  -74.603  1.600 0.1000000015
17565  36.655  -74.398  2.385 0.1000000015
18776  35.869  -74.153  2.796 0.1000000015
16440  36.693  -75.219  -0.430 0.1000000015
18791  35.869  -74.255  1.629 0.1000000015
18759  35.364  -73.788  3.521 0.1000000015
19991  34.702  -73.071  3.538 0.1000000015
19978  34.341  -72.820  4.888 0.1000000015
21133  34.460  -72.006  4.197 0.1000000015
21116  34.215  -71.581  5.621 0.1000000015
18609  41.324  -73.296  11.476 0.2000000030
17497  36.931  -73.782  4.315 0.1000000015
18627  35.291  -73.495  9.029 0.3000000119
15302  36.961  -76.216  0.462 0.1000000015
16425  37.424  -75.755  0.685 0.1000000015
17564  37.516  -74.496  2.162 0.1000000015
17519  36.431  -73.967  3.931 0.1000000015
18714  35.781  -73.826  5.271 0.2000000030
18669  34.977  -73.691  7.498 0.3000000119
19892  33.529  -72.217  9.729 0.3000000119
22113  33.081  -70.895  10.517 0.3000000119
15303  36.341  -76.500  -0.281 0.1000000015
17541  36.567  -74.154  3.214 0.1000000015
18736  35.753  -73.946  4.236 0.1000000015
18692  34.213  -73.306  6.696 0.2000000030
19916  33.510  -72.513  8.565 0.3000000119
15318  36.625  -75.845  -0.447 0.1000000015
18737  34.961  -73.638  4.513 0.1000000015
19943  33.631  -72.630  6.863 0.2000000030
21086  33.238  -71.434  9.090 0.3000000119
21117  33.750  -72.220  6.298 0.1000000015
21101  33.776  -71.489  6.841 0.2000000030
22139  33.470  -70.426  8.612 0.4000000060
22198  34.808  -71.216  4.617 0.1000000015
21100  34.212  -71.027  6.412 0.1000000015
22146  34.194  -70.338  7.460 0.3000000119
19803  43.566  -71.958  15.768 0.1000000015
24278  32.739  -68.136  13.649 0.4000000060
22090  33.053  -70.046  12.444 0.4000000060
19872  33.569  -71.877  10.434 0.3000000119
22097  33.220  -70.842  11.443 0.4000000060
22098  32.678  -69.870  11.475 0.4000000060
22129  32.777  -69.721  9.973 0.4000000060
23191  32.629  -69.242  10.658 0.4000000060
22128  33.025  -70.529  9.707 0.4000000060
23199  33.298  -69.475  9.264 0.5000000000
23209  34.110  -69.477  8.361 0.3000000119
24334  33.821  -68.592  8.905 0.5000000000
22176  34.994  -70.685  5.284 0.2000000030
22156  34.799  -70.312  6.429 0.1000000015
22217  35.675  -70.892  3.280 0.1000000015
22197  35.582  -70.564  4.296 0.1000000015
23232  35.458  -69.627  6.669 0.2000000030
22145  34.666  -70.071  7.082 0.2000000030
21187  35.938  -71.747  0.624 0.1000000015
22230  36.014  -70.932  2.416 0.1000000015
22175  35.803  -69.914  5.469 0.2000000030
21186  36.855  -71.282  -0.216 0.1000000015
22244  36.284  -71.117  1.515 0.1000000015
25381  33.018  -67.426  15.320 0.4000000060
26521  32.932  -66.498  15.874 0.3000000119
25399  32.614  -67.400  14.158 0.4000000060
23164  32.642  -69.036  12.580 0.4000000060
23160  32.701  -68.592  13.168 0.4000000060
23176  32.519  -69.040  11.600 0.4000000060
24286  32.416  -67.957  12.837 0.4000000060
23200  32.860  -69.068  9.878 0.4000000060
25460  33.072  -67.571  9.762 0.4000000060
25461  32.612  -67.677  10.467 0.4000000060
25477  33.591  -67.902  9.232 0.5000000000
25476  34.145  -67.691  8.759 0.4000000060
23216  35.008  -69.553  7.326 0.3000000119
23208  34.667  -69.207  7.940 0.4000000060
24333  34.588  -68.492  8.317 0.4000000060
23277  37.376  -69.720  3.838 0.2000000030
22196  36.480  -69.868  4.490 0.2000000030
23215  35.773  -69.207  6.993 0.2000000030
22229  36.848  -70.589  1.962 0.1000000015
22216  36.612  -70.355  3.256 0.2000000030
27692  32.526  -66.233  14.609 0.4000000060
26535  32.626  -66.602  15.020 0.4000000060
26551  32.343  -66.556  13.290 0.4000000060
26577  32.318  -66.505  11.735 0.4000000060
26562  32.313  -66.463  12.524 0.4000000060
26587  32.450  -66.432  11.045 0.4000000060
26598  33.221  -66.597  9.619 0.4000000060
26599  32.690  -66.771  10.344 0.4000000060
25459  33.666  -67.128  9.197 0.3000000119
25475  34.907  -67.390  8.208 0.4000000060
26614  34.257  -66.616  8.672 0.4000000060
24360  36.230  -68.757  6.894 0.3000000119
24342  35.727  -68.508  7.453 0.3000000119
24332  35.179  -68.178  7.930 0.4000000060
23294  37.424  -69.990  3.137 0.2000000030
23252  38.016  -68.930  5.087 0.2000000030
23254  36.560  -69.437  5.555 0.2000000030
23231  36.193  -69.302  6.300 0.2000000030
22228  37.766  -70.382  1.416 0.2000000030
21202  34.215  -71.052  -0.657 0.1000000015
21214  34.395  -71.202  -1.565 0.1000000015
22269  35.682  -69.750  -1.904 0.1000000015
27691  32.774  -65.607  14.919 0.4000000060
28856  33.543  -64.687  15.321 0.3000000119
27701  32.739  -65.200  13.742 0.4000000060
28883  32.801  -64.944  12.712 0.4000000060
27712  32.480  -65.624  12.966 0.4000000060
27746  32.470  -65.851  11.369 0.4000000060
27730  32.385  -65.798  12.070 0.4000000060
27766  32.880  -66.040  9.921 0.4000000060
27756  32.666  -65.791  10.603 0.4000000060
27764  33.969  -65.792  8.921 0.4000000060
27765  33.431  -65.699  9.469 0.3000000119
27786  36.987  -65.466  7.444 0.3000000119
26623  36.616  -66.404  7.414 0.3000000119
26624  35.650  -66.660  7.781 0.3000000119
27777  35.299  -65.770  8.012 0.3000000119
27778  34.615  -65.547  8.461 0.3000000119
24383  38.843  -68.694  4.958 0.2000000030
25501  37.749  -67.541  6.583 0.3000000119
25484  37.159  -67.057  7.079 0.2000000030
25485  36.308  -67.479  7.390 0.3000000119
25486  35.558  -67.651  7.760 0.3000000119
23276  38.421  -69.225  4.195 0.2000000030
23230  37.122  -69.041  5.811 0.2000000030
23293  38.230  -69.738  2.964 0.2000000030
28836  34.615  -64.269  16.514 0.3000000119
28854  35.419  -63.989  15.731 0.3000000119
28837  33.864  -64.692  16.352 0.3000000119
28855  34.450  -64.222  15.545 0.4000000060
27675  33.293  -65.505  16.177 0.3000000119
28881  34.144  -64.136  13.413 0.3000000119
28868  34.256  -64.152  14.500 0.4000000060
28905  34.109  -64.022  12.224 0.4000000060
28882  33.263  -64.612  13.091 0.4000000060
27711  32.762  -65.050  13.140 0.4000000060
30050  34.463  -63.753  11.861 0.4000000060
28906  33.182  -64.564  12.147 0.4000000060
30087  34.622  -63.541  10.419 0.3000000119
28939  33.090  -64.912  10.585 0.4000000060
28926  32.901  -64.847  11.469 0.4000000060
30127  36.812  -63.986  7.867 0.3000000119
28961  36.174  -64.171  8.119 0.2000000030
30119  35.713  -63.802  8.583 0.2000000030
30102  34.542  -63.903  9.525 0.2000000030
28950  34.060  -64.808  9.095 0.3000000119
28951  33.416  -64.976  9.805 0.3000000119
28970  37.329  -64.584  7.542 0.3000000119
28971  36.552  -64.743  7.737 0.3000000119
28962  35.404  -64.783  8.209 0.2000000030
28963  34.711  -64.783  8.590 0.2000000030
25527  39.534  -67.823  5.561 0.2000000030
26636  38.449  -66.489  6.567 0.3000000119
26622  37.539  -66.202  7.027 0.3000000119
28834  36.021  -63.600  16.388 0.3000000119
28835  35.529  -63.806  16.839 0.3000000119
30073  34.483  -63.669  11.452 0.3000000119
32358  36.920  -61.783  10.128 0.2000000030
31233  36.470  -62.214  10.478 0.2000000030
30072  35.353  -63.154  11.114 0.2000000030
31246  37.175  -61.936  9.381 0.2000000030
30100  36.243  -62.761  9.129 0.2000000030
31248  36.020  -62.682  9.716 0.2000000030
30086  35.340  -63.094  10.290 0.2000000030
31140  36.668  -62.672  16.225 0.2000000030
22243  37.035  -70.796  0.725 0.1000000015
26635  39.673  -66.627  6.069 0.3000000119
23292  39.254  -69.327  3.199 0.2000000030
21010  40.302  -71.461  12.755 0.3000000119
21036  40.556  -72.089  11.453 0.3000000119
20960  44.732  -71.181  16.483 0.1000000015
21021  42.196  -71.644  12.499 0.2000000030
18757  38.024  -73.807  3.492 0.1000000015
30006  36.214  -63.342  16.588 0.3000000119
17540  37.393  -74.186  2.951 0.1000000015
19891  34.404  -73.083  9.471 0.2000000030
18691  35.368  -73.704  6.463 0.2000000030
17580  37.487  -74.856  1.279 0.1000000015
18618  41.296  -73.182  10.611 0.2000000030
18623  41.047  -73.332  9.744 0.1000000015
18777  35.270  -73.631  2.502 0.1000000015
19852  41.972  -72.057  12.083 0.2000000030
16426  37.116  -75.431  0.354 0.1000000015
17599  36.532  -74.644  0.658 0.1000000015
18758  35.946  -74.076  3.545 0.1000000015
19960  33.975  -72.763  5.952 0.1000000015
17498  36.363  -73.865  4.580 0.2000000030
19915  34.013  -73.145  8.699 0.3000000119
18715  34.689  -73.443  5.629 0.2000000030
18670  34.142  -73.325  7.616 0.3000000119
22114  32.767  -70.225  10.621 0.4000000060
18693  33.818  -73.106  7.201 0.3000000119
19931  33.425  -72.190  7.556 0.3000000119
21091  33.438  -71.374  7.981 0.3000000119
25409  32.426  -67.324  13.456 0.4000000060
24313  32.471  -68.315  10.983 0.4000000060
26546  32.398  -66.806  13.878 0.4000000060
24301  32.352  -68.168  11.895 0.4000000060
23253  37.236  -69.321  4.953 0.2000000030
27702  32.406  -66.072  14.002 0.4000000060
24359  36.958  -68.454  6.509 0.2000000030
24358  38.025  -68.436  5.770 0.2000000030
28869  33.373  -64.652  14.187 0.4000000060
25500  38.880  -67.521  6.001 0.2000000030
28867  35.279  -64.013  14.713 0.4000000060
28925  33.674  -64.176  11.185 0.4000000060
30117  37.882  -62.807  8.226 0.2000000030
30118  36.628  -63.028  8.565 0.2000000030
31261  36.844  -62.412  8.961 0.2000000030
28949  34.958  -64.147  8.853 0.2000000030
28853  36.428  -63.771  15.857 0.2000000030
17449  40.820  -74.081  8.594 0.1000000015
16297  40.379  -74.572  7.963 0.1000000015
16304  40.303  -74.418  7.424 0.1000000015
19843  42.306  -72.022  12.633 0.1000000015
18642  40.444  -73.587  8.294 0.1000000015
16320  39.353  -75.295  6.324 0.1000000015
17477  40.281  -74.028  6.893 0.1000000015
17461  40.247  -74.303  7.057 0.1000000015
31156  36.646  -62.425  16.250 0.1000000015
31167  38.368  -62.662  14.949 0.1000000015
31154  37.704  -62.745  15.366 0.1000000015
30018  37.005  -63.369  15.825 0.1000000015
30017  37.795  -63.409  15.446 0.1000000015
28851  37.888  -63.911  15.457 0.1000000015
28852  37.469  -63.899  15.478 0.1000000015
28866  36.287  -64.177  14.878 0.1000000015
28865  37.296  -64.428  14.943 0.1000000015
27699  37.964  -64.929  14.449 0.2000000030
28880  35.129  -63.992  13.699 0.2000000030
28878  37.029  -64.657  14.149 0.2000000030
28879  36.177  -64.258  13.888 0.2000000030
27708  39.064  -65.405  13.551 0.2000000030
27710  37.621  -65.083  13.850 0.2000000030
28903  36.015  -63.943  12.936 0.2000000030
28904  34.973  -63.830  12.713 0.2000000030
30049  34.829  -63.615  11.912 0.2000000030
30071  36.179  -62.945  11.562 0.1000000015
27698  38.814  -65.004  14.320 0.2000000030
30048  35.684  -63.463  12.078 0.1000000015
30047  36.838  -63.456  12.174 0.1000000015
30005  36.673  -63.007  16.224 0.1000000015
32274  37.044  -61.544  15.503 0.1000000015
31168  37.582  -62.199  15.235 0.1000000015
32289  37.867  -61.308  14.762 0.1000000015
30026  38.410  -63.493  15.166 0.1000000015
27700  37.496  -64.815  14.343 0.2000000030
27729  37.849  -65.263  13.396 0.2000000030
27783  39.337  -65.016  6.706 0.2000000030
27785  37.828  -65.303  7.143 0.2000000030
27784  38.789  -65.334  6.772 0.2000000030
27800  39.867  -65.348  6.491 0.2000000030
28968  39.377  -64.363  6.920 0.2000000030
28969  38.261  -64.390  7.314 0.2000000030
28967  40.271  -63.942  6.803 0.2000000030
30126  37.573  -63.618  7.803 0.2000000030
31272  38.901  -62.503  7.881 0.1000000015
31271  39.460  -62.177  7.761 0.2000000030
30116  38.384  -62.716  8.043 0.2000000030
32393  39.727  -61.137  7.810 0.1000000015
33515  39.558  -60.337  8.137 0.1000000015
32381  39.087  -61.362  8.291 0.1000000015
34634  40.685  -59.571  7.281 0.1000000015
35711  41.114  -58.710  6.946 0.1000000015
28863  39.440  -64.363  14.563 0.1000000015
32382  38.164  -61.262  8.962 0.1000000015
34636  39.362  -59.315  8.483 0.1000000015
31259  38.577  -62.235  8.241 0.1000000015
33514  40.207  -60.410  7.576 0.1000000015
34635  39.998  -59.442  7.853 0.1000000015
36806  40.988  -57.618  7.270 0.1000000015
35696  40.474  -58.592  7.552 0.1000000015
37995  41.701  -57.063  6.735 0.1000000015
28877  40.527  -65.053  13.737 0.1000000015
28861  41.057  -64.341  14.165 0.1000000015
28862  40.511  -64.457  14.210 0.1000000015
32373  37.016  -61.843  9.778 0.1000000015
32383  37.664  -61.567  9.175 0.1000000015
33505  38.879  -60.342  8.732 0.1000000015
34622  38.709  -59.436  9.189 0.1000000015
35697  39.779  -58.465  8.238 0.1000000015
37980  41.307  -56.380  7.419 0.1000000015
37981  40.540  -56.892  7.867 0.1000000015
28876  41.409  -64.638  13.818 0.1000000015
27728  38.314  -65.483  13.086 0.1000000015
35665  38.541  -59.095  10.330 0.1000000015
33485  37.561  -60.773  10.261 0.1000000015
36773  39.465  -57.720  10.355 0.1000000015
35678  38.584  -58.856  10.003 0.1000000015
34623  38.374  -59.868  9.543 0.1000000015
33498  37.942  -60.331  9.865 0.1000000015
36786  39.255  -57.841  9.585 0.1000000015
37960  40.365  -56.330  9.711 0.1000000015
37970  39.755  -57.056  9.192 0.1000000015
35684  39.582  -58.010  8.579 0.1000000015
35685  39.226  -58.500  8.833 0.1000000015
40120  41.625  -55.146  9.247 0.1000000015
39042  40.613  -55.890  9.118 0.1000000015
36794  39.922  -57.433  8.428 0.1000000015
39041  41.222  -55.504  8.691 0.1000000015
27706  40.917  -65.357  13.146 0.1000000015
27707  39.983  -65.380  13.304 0.1000000015
33471  37.514  -60.774  10.916 0.1000000015
37959  40.881  -55.864  9.947 0.1000000015
39032  41.431  -55.454  9.796 0.1000000015
32343  36.849  -61.765  10.787 0.1000000015
30124  39.864  -63.266  7.236 0.1000000015
32392  40.399  -61.407  7.413 0.1000000015
39051  41.312  -55.754  7.880 0.1000000015
34591  38.335  -59.675  10.935 0.1000000015
25578  36.516  -67.877  2.695 0.1000000015
25561  36.920  -67.130  3.670 0.1000000015
25562  35.740  -67.682  3.609 0.1000000015
25580  34.842  -68.427  2.975 0.1000000015
24403  33.333  -68.686  4.366 0.1000000015
23279  32.672  -69.580  4.595 0.1000000015
23256  31.550  -69.389  5.880 0.1000000015
25577  37.774  -67.619  2.326 0.1000000015
25563  34.693  -68.129  3.645 0.1000000015
24417  33.993  -68.630  3.538 0.1000000015
25560  38.161  -67.083  3.115 0.1000000015
25559  38.656  -67.022  2.983 0.1000000015
25591  38.604  -67.821  1.650 0.1000000015
24431  37.196  -68.073  1.764 0.1000000015
25579  35.422  -68.227  2.852 0.1000000015
25543  36.399  -66.841  4.321 0.1000000015
25590  39.512  -67.877  1.583 0.1000000015
24448  39.081  -68.291  1.049 0.1000000015
26689  37.814  -66.621  3.839 0.1000000015
26687  39.584  -66.300  3.159 0.1000000015
27855  39.866  -65.334  3.541 0.1000000015
26671  38.312  -65.969  4.156 0.1000000015
27856  39.059  -65.845  3.636 0.1000000015
23257  30.802  -70.014  6.055 0.1000000015
9764  32.802  -81.437  14.259 0.1000000015
9774  32.827  -81.623  14.069 0.1000000015
9775  32.181  -81.870  13.953 0.1000000015
10694  30.666  -80.814  15.073 0.1000000015
10715  34.534  -80.069  12.880 0.1000000015
11674  35.950  -79.037  14.855 0.1000000015
11694  31.227  -80.305  14.989 0.1000000015
12804  38.838  -77.718  15.735 0.1000000015
13784  29.865  -77.202  25.366 0.1000000015
13859  28.764  -77.471  18.736 0.1000000015
13909  40.007  -76.858  16.860 0.1000000015
13910  39.735  -76.969  16.647 0.1000000015
13913  30.721  -78.034  16.375 0.1000000015
13917  24.145  -77.894  16.606 0.1000000015
14149  36.373  -76.752  0.226 0.1000000015
14188  34.845  -76.883  -2.321 0.1000000015
14921  28.629  -77.297  25.439 0.1000000015
14957  26.867  -76.404  23.998 0.1000000015
14990  24.898  -76.094  21.407 0.1000000015
15018  28.978  -77.009  18.627 0.1000000015
15030  29.879  -76.698  17.981 0.1000000015
15046  40.912  -76.051  17.224 0.1000000015
15062  41.000  -76.011  16.430 0.1000000015
15075  41.044  -75.908  15.909 0.1000000015
15080  33.118  -77.051  14.684 0.1000000015
15231  38.449  -76.113  4.098 0.2000000030
15233  37.339  -76.662  4.697 0.1000000015
15281  37.922  -75.989  1.591 0.2000000030
15334  34.423  -76.684  -2.642 0.1000000015
15347  34.946  -75.832  -3.083 0.1000000015
15349  34.140  -76.190  -2.972 0.1000000015
16115  31.975  -75.563  23.133 0.1000000015
16146  24.789  -75.234  20.156 0.1000000015
16173  42.192  -74.762  18.268 0.1000000015
16174  41.897  -74.937  18.194 0.1000000015
16193  40.276  -75.573  17.282 0.1000000015
16199  26.190  -75.633  17.260 0.1000000015
16201  24.770  -75.841  17.806 0.1000000015
16239  32.335  -75.606  14.472 0.1000000015
16319  39.817  -74.827  6.338 0.2000000030
16363  39.095  -75.304  3.431 0.2000000030
16406  37.727  -75.418  1.114 0.1000000015
16407  37.432  -75.144  0.794 0.1000000015
17233  29.642  -75.035  24.350 0.1000000015
17265  32.541  -75.027  22.540 0.1000000015
17335  25.026  -74.958  18.554 0.1000000015
17345  39.955  -75.025  17.023 0.1000000015
17348  28.508  -74.368  17.439 0.1000000015
17357  42.049  -74.338  16.431 0.1000000015
17359  40.037  -74.416  17.130 0.1000000015
17360  39.743  -74.677  16.887 0.1000000015
17375  36.061  -74.335  14.892 0.1000000015
17388  36.405  -75.202  14.643 0.1000000015
17420  41.205  -73.838  10.867 0.1000000015
17460  40.482  -74.066  7.581 0.1000000015
17478  40.056  -74.345  6.311 0.2000000030
17517  39.334  -74.137  3.606 0.2000000030
17518  37.177  -73.909  3.686 0.1000000015
17562  38.676  -74.955  2.394 0.2000000030
17616  36.807  -74.940  0.062 0.1000000015
17651  34.953  -73.801  -3.838 0.1000000015
17652  34.692  -73.607  -3.905 0.1000000015
18488  43.638  -73.423  19.315 0.1000000015
18491  25.623  -74.016  19.124 0.1000000015
18501  40.712  -73.080  17.950 0.1000000015
18520  39.371  -73.289  17.130 0.1000000015
18522  28.883  -73.459  16.876 0.1000000015
18541  35.960  -73.195  15.797 0.1000000015
18542  29.929  -73.960  15.706 0.1000000015
18543  29.460  -73.810  16.212 0.1000000015
18552  43.063  -72.514  15.695 0.1000000015
18559  35.406  -73.501  15.137 0.1000000015
18562  29.938  -73.436  15.716 0.1000000015
18625  36.658  -73.337  8.990 0.3000000119
18641  40.847  -73.611  9.017 0.2000000030
18644  38.797  -73.266  7.806 0.3000000119
18647  35.690  -73.616  8.328 0.4000000060
18648  34.583  -73.465  8.427 0.3000000119
18649  33.900  -73.144  8.201 0.3000000119
18671  33.664  -72.860  7.664 0.3000000119
18732  39.576  -73.996  4.203 0.2000000030
18733  39.338  -73.827  3.994 0.2000000030
18734  38.619  -73.536  4.135 0.3000000119
18850  34.387  -73.381  -3.692 0.1000000015
18851  33.972  -73.363  -3.169 0.1000000015
18866  34.936  -73.328  -3.953 0.1000000015
18867  34.714  -73.338  -3.919 0.1000000015
19682  44.706  -72.630  20.309 0.1000000015
19739  26.911  -73.195  18.648 0.1000000015
19782  38.566  -73.132  16.882 0.1000000015
19805  35.666  -73.155  15.705 0.1000000015
19822  31.808  -73.422  14.660 0.1000000015
19833  42.040  -72.423  12.893 0.1000000015
19910  40.094  -73.387  8.258 0.4000000060
19929  39.336  -73.320  7.492 0.3000000119
19942  33.809  -72.888  6.459 0.1000000015
19961  33.750  -72.638  6.386 0.1000000015
20094  35.020  -72.868  -3.776 0.1000000015
20113  35.037  -73.102  -3.926 0.1000000015
20879  27.943  -71.877  19.554 0.1000000015
20931  28.400  -72.160  18.084 0.1000000015
20940  45.668  -70.940  17.386 0.1000000015
20942  35.598  -71.625  18.276 0.1000000015
20949  28.949  -72.063  17.517 0.1000000015
20966  29.442  -72.203  16.866 0.1000000015
20981  33.608  -71.955  15.953 0.1000000015
20995  43.276  -71.365  14.700 0.2000000030
21008  42.770  -71.490  13.929 0.3000000119
21038  38.512  -72.495  11.329 0.4000000060
21039  37.366  -72.413  11.687 0.4000000060
21040  36.396  -72.303  11.745 0.4000000060
21041  35.448  -72.112  11.722 0.4000000060
21042  34.372  -71.797  11.539 0.4000000060
21054  40.111  -72.428  10.715 0.4000000060
21056  38.787  -72.635  10.853 0.4000000060
21057  33.792  -71.821  10.959 0.5000000000
21058  33.391  -71.397  10.787 0.3000000119
21072  33.233  -71.413  10.044 0.3000000119
21151  35.353  -71.473  2.716 0.1000000015
21200  37.241  -71.243  -1.097 0.1000000015
21211  37.724  -70.812  -1.953 0.2000000030
21225  37.569  -70.981  -2.040 0.2000000030
21240  37.272  -70.708  -2.394 0.2000000030
21241  36.825  -70.705  -2.618 0.2000000030
21242  36.290  -70.587  -2.819 0.2000000030
21978  47.406  -69.782  20.195 0.1000000015
22007  46.393  -70.082  18.079 0.1000000015
22018  45.444  -70.342  17.237 0.1000000015
22052  43.689  -70.967  15.239 0.2000000030
22060  36.247  -70.359  14.070 0.5000000000
22083  42.427  -71.387  12.984 0.3000000119
22091  32.643  -69.531  12.038 0.4000000060
22155  35.548  -69.774  6.228 0.2000000030
22157  34.223  -70.786  6.786 0.1000000015
22174  36.494  -69.607  5.128 0.2000000030
22215  37.536  -70.177  2.435 0.2000000030
22254  38.989  -69.434  0.196 0.1000000015
22258  34.549  -70.471  -0.512 0.1000000015
22259  34.139  -70.935  -0.120 0.1000000015
22267  37.730  -70.562  -1.748 0.2000000030
22268  37.789  -70.810  -1.212 0.2000000030
22270  35.136  -70.220  -1.635 0.1000000015
22282  36.091  -69.721  -2.321 0.1000000015
22283  35.666  -70.115  -2.405 0.1000000015
22296  37.153  -70.344  -2.481 0.2000000030
22297  36.826  -70.251  -2.676 0.2000000030
22298  36.411  -69.990  -2.711 0.2000000030
22299  35.975  -69.968  -2.653 0.2000000030
23000  47.430  -69.344  20.470 0.1000000015
23005  43.325  -68.842  19.563 0.3000000119
23025  45.897  -69.401  19.161 0.1000000015
23028  43.514  -68.945  19.082 0.3000000119
23053  42.905  -69.037  18.023 0.3000000119
23069  45.692  -69.865  17.702 0.1000000015
23074  41.522  -69.309  17.278 0.4000000060
23093  44.607  -69.840  16.961 0.2000000030
23123  42.720  -70.031  15.897 0.3000000119
23159  33.248  -69.144  13.528 0.5000000000
23163  32.997  -69.521  12.926 0.4000000060
23217  34.491  -69.643  7.774 0.3000000119
23229  37.594  -68.935  5.430 0.2000000030
23274  39.907  -68.849  4.052 0.3000000119
23275  39.397  -69.023  3.981 0.3000000119
23290  40.653  -68.763  3.382 0.3000000119
23291  40.147  -68.947  3.482 0.3000000119
23305  40.638  -68.869  2.933 0.3000000119
23308  38.391  -70.053  1.829 0.3000000119
23321  39.025  -70.024  1.002 0.2000000030
23335  39.324  -69.084  0.549 0.1000000015
23349  37.779  -69.968  -1.544 0.1000000015
23360  37.559  -70.155  -2.109 0.2000000030
23371  37.379  -70.188  -2.313 0.2000000030
23372  37.132  -69.965  -2.424 0.2000000030
24092  45.426  -68.467  24.161 0.1000000015
24093  44.343  -68.684  24.783 0.1000000015
24094  43.738  -68.400  24.963 0.1000000015
24140  39.568  -68.014  20.943 0.5000000000
24159  44.936  -68.656  20.511 0.1000000015
24180  47.295  -69.157  20.287 0.1000000015
24187  38.164  -68.442  19.273 0.6000000238
24220  37.656  -68.829  17.645 0.5000000000
24240  37.403  -69.161  16.907 0.5000000000
24242  35.523  -68.728  16.656 0.4000000060
24260  34.446  -68.510  15.843 0.5000000000
24271  32.941  -67.989  14.246 0.5000000000
24277  33.162  -68.443  14.046 0.4000000060
24321  33.225  -68.504  9.529 0.4000000060
24322  32.733  -68.399  10.171 0.4000000060
24341  36.444  -68.213  7.073 0.3000000119
24343  35.052  -68.802  7.818 0.4000000060
24357  39.019  -68.180  5.502 0.2000000030
24381  40.766  -68.075  4.899 0.3000000119
24382  39.813  -68.322  5.074 0.2000000030
24399  41.347  -68.019  4.436 0.3000000119
24402  39.045  -68.899  4.403 0.2000000030
24413  41.594  -67.954  3.909 0.3000000119
24415  40.610  -68.706  3.647 0.3000000119
24428  41.412  -68.033  3.311 0.2000000030
24430  37.771  -67.906  1.690 0.1000000015
24446  40.388  -68.562  1.851 0.2000000030
24449  38.086  -68.187  1.124 0.1000000015
24462  38.845  -68.685  0.528 0.1000000015
25197  41.200  -68.210  25.883 0.1000000015
25198  40.701  -67.918  26.084 0.1000000015
25209  43.438  -68.263  25.042 0.1000000015
25225  43.081  -67.572  24.828 0.1000000015
25238  45.177  -67.330  23.889 0.1000000015
25254  47.102  -67.038  22.586 0.1000000015
25297  39.280  -67.984  20.905 0.5000000000
25298  38.732  -67.891  20.766 0.5000000000
25316  37.461  -68.220  19.634 0.6000000238
25334  36.244  -68.366  18.568 0.5000000000
25337  33.647  -66.870  17.765 0.4000000060
25350  35.230  -68.328  17.654 0.4000000060
25382  32.660  -67.172  14.737 0.4000000060
25398  32.893  -67.662  14.645 0.4000000060
25420  32.302  -67.105  12.865 0.4000000060
25435  32.261  -67.252  12.179 0.4000000060
25447  32.367  -67.304  11.218 0.4000000060
25499  39.675  -67.361  5.726 0.2000000030
25502  36.921  -67.760  6.940 0.2000000030
25523  41.829  -66.939  4.530 0.2000000030
25525  41.218  -67.551  5.107 0.3000000119
25540  41.752  -66.944  4.067 0.2000000030
25541  41.677  -67.518  4.295 0.3000000119
25542  41.579  -67.579  4.667 0.3000000119
25557  41.682  -67.108  3.918 0.2000000030
25564  34.200  -68.234  3.983 0.1000000015
25573  41.293  -67.676  2.906 0.2000000030
25575  40.061  -67.487  2.117 0.2000000030
25589  40.189  -68.078  1.696 0.2000000030
25592  38.057  -67.852  1.661 0.1000000015
26354  40.696  -67.633  25.859 0.1000000015
26364  42.776  -67.482  24.905 0.1000000015
26428  45.489  -66.792  20.956 0.3000000119
26437  36.606  -65.962  21.311 0.5000000000
26458  42.692  -65.734  20.574 0.5000000000
26461  37.381  -67.140  21.082 0.5000000000
26464  34.842  -65.816  20.358 0.5000000000
26475  35.067  -66.755  20.193 0.5000000000
26536  32.490  -66.708  14.417 0.4000000060
26597  33.694  -66.365  9.155 0.3000000119
26613  34.927  -66.397  8.193 0.3000000119
26621  38.127  -65.829  6.834 0.3000000119
26633  41.182  -65.921  5.907 0.3000000119
26637  37.702  -66.825  6.790 0.3000000119
26653  41.997  -66.289  4.952 0.2000000030
26673  36.746  -66.468  4.514 0.1000000015
26688  38.755  -66.626  3.295 0.1000000015
26690  37.236  -66.619  4.156 0.1000000015
26695  41.075  -67.387  2.688 0.2000000030
26698  39.333  -66.784  2.900 0.1000000015
27508  36.530  -65.550  25.374 0.1000000015
27542  46.625  -66.213  22.555 0.1000000015
27543  45.905  -65.859  22.981 0.1000000015
27546  42.830  -65.353  23.465 0.1000000015
27576  46.578  -65.723  21.569 0.2000000030
27577  46.351  -65.368  21.282 0.2000000030
27582  36.518  -65.072  21.369 0.5000000000
27583  35.900  -64.904  21.234 0.5000000000
27601  46.437  -65.619  21.341 0.2000000030
27605  43.143  -64.910  20.304 0.4000000060
27631  43.589  -64.476  20.255 0.4000000060
27633  34.597  -65.383  20.021 0.5000000000
27647  33.835  -65.620  18.397 0.5000000000
27697  39.740  -65.030  13.997 0.1000000015
27709  38.253  -65.328  13.777 0.2000000030
27755  33.042  -65.447  10.045 0.4000000060
27787  36.048  -65.506  7.713 0.3000000119
27801  39.195  -65.961  6.483 0.2000000030
27841  42.008  -65.647  4.691 0.2000000030
27842  41.783  -65.498  4.355 0.2000000030
27844  38.788  -65.082  4.167 0.1000000015
27854  40.940  -65.734  3.526 0.2000000030
28683  39.004  -65.147  24.112 0.1000000015
28688  34.761  -64.235  25.136 0.1000000015
28726  46.405  -65.262  21.718 0.2000000030
28728  44.931  -64.453  22.513 0.1000000015
28731  42.280  -64.115  22.914 0.1000000015
28752  35.631  -64.612  21.030 0.5000000000
28764  43.896  -64.403  20.266 0.4000000060
28768  39.482  -64.195  20.906 0.5000000000
28770  35.808  -63.700  20.814 0.5000000000
28772  34.818  -64.888  20.204 0.5000000000
28792  43.832  -63.811  20.263 0.3000000119
28907  32.653  -65.145  12.172 0.4000000060
28927  32.591  -65.375  11.645 0.4000000060
28938  33.758  -64.242  10.032 0.3000000119
28940  32.690  -65.323  11.126 0.4000000060
28972  36.024  -64.784  7.894 0.3000000119
28983  41.696  -64.676  6.159 0.3000000119
28985  40.047  -64.563  6.659 0.2000000030
28995  42.137  -64.747  5.673 0.2000000030
29014  41.574  -64.940  4.193 0.2000000030
29862  37.592  -64.079  23.759 0.1000000015
29882  41.627  -63.846  22.910 0.1000000015
29888  36.307  -62.846  23.569 0.1000000015
29899  45.547  -64.298  21.751 0.1000000015
29922  45.492  -64.258  21.505 0.1000000015
29935  45.314  -64.143  21.037 0.2000000030
29937  43.895  -63.210  20.438 0.2000000030
29938  41.464  -63.516  20.206 0.4000000060
29961  44.016  -63.650  20.356 0.3000000119
29981  35.262  -63.372  18.619 0.4000000060
30007  35.855  -63.406  17.123 0.4000000060
30019  36.560  -63.364  16.090 0.1000000015
30101  35.618  -63.145  9.452 0.2000000030
30123  40.523  -63.337  6.953 0.3000000119
30125  38.678  -63.100  7.664 0.2000000030
30150  42.908  -63.022  5.273 0.1000000015
30165  42.439  -63.613  4.741 0.1000000015
31057  44.009  -62.947  20.710 0.2000000030
31063  36.134  -62.381  20.281 0.4000000060
31089  35.735  -62.352  19.666 0.4000000060
31155  37.055  -62.599  15.801 0.1000000015
31234  35.883  -62.686  10.208 0.2000000030
31247  36.631  -62.314  9.524 0.1000000015
31258  39.057  -61.939  8.124 0.1000000015
31260  37.422  -62.077  8.935 0.1000000015
31269  41.329  -62.128  6.813 0.2000000030
31284  42.694  -62.755  6.107 0.1000000015
31294  42.984  -62.786  5.677 0.1000000015
32137  37.393  -61.968  22.837 0.2000000030
32183  42.950  -61.810  20.310 0.3000000119
32204  43.006  -62.013  20.124 0.3000000119
32212  35.977  -61.897  19.625 0.4000000060
32357  37.208  -61.284  10.536 0.1000000015
32371  37.958  -60.821  9.433 0.1000000015
32372  37.437  -61.394  9.658 0.2000000030
32404  41.668  -61.755  6.630 0.2000000030
32412  43.369  -61.606  5.482 0.1000000015
32413  43.002  -61.558  5.954 0.1000000015
33311  41.693  -60.349  20.712 0.2000000030
33484  37.875  -60.218  10.659 0.1000000015
33499  37.625  -60.816  9.926 0.1000000015
33506  38.355  -60.345  9.300 0.1000000015
34396  40.062  -59.601  21.470 0.2000000030
34604  38.246  -59.652  10.368 0.1000000015
34615  38.623  -59.172  9.509 0.1000000015
34616  38.438  -59.371  9.786 0.1000000015
34662  43.461  -59.620  5.169 0.1000000015
35647  38.451  -59.352  10.624 0.1000000015
35677  38.753  -58.752  9.578 0.1000000015
35698  39.448  -58.747  8.505 0.1000000015
36709  38.300  -57.483  14.207 0.1000000015
36795  39.477  -57.721  8.891 0.1000000015
36807  40.331  -57.787  7.852 0.1000000015
37961  39.708  -57.112  9.997 0.1000000015
37968  40.838  -56.079  8.027 0.1000000015
37969  40.371  -56.376  8.678 0.1000000015
37979  41.978  -56.203  6.935 0.1000000015
38007  42.875  -57.233  5.617 0.1000000015
39022  41.948  -55.785  10.338 0.1000000015
39031  42.093  -55.265  10.113 0.1000000015
39033  40.852  -55.732  9.455 0.1000000015
40119  42.181  -54.859  9.575 0.1000000015
