#!ascii label  , from subject sub-MOT05 vox2ras=TkReg
525
65395  24.297  -31.198  11.131 0.1428571492
65385  23.340  -31.398  12.142 0.1428571492
65406  23.434  -30.105  10.615 0.1428571492
64504  25.394  -32.306  10.805 0.1428571492
65405  24.131  -30.714  10.490 0.2857142985
66400  22.886  -30.041  11.256 0.1428571492
64529  24.979  -31.742  9.563 0.1428571492
66432  23.709  -29.121  9.450 0.5714285970
64543  24.308  -30.702  9.055 0.1428571492
65438  25.303  -30.238  8.231 0.2857142985
65437  26.220  -30.210  8.267 0.1428571492
68466  26.705  -27.361  7.973 0.2857142985
68479  26.082  -27.323  7.643 0.1428571492
67523  25.758  -27.896  7.822 0.2857142985
70520  27.108  -25.538  7.523 0.2857142985
69449  27.198  -26.537  8.056 0.2857142985
71533  26.988  -24.378  6.798 0.2857142985
70536  26.545  -24.815  6.778 0.2857142985
73471  27.521  -22.746  6.217 0.2857142985
75442  27.060  -20.358  5.610 0.8571428657
73488  26.992  -21.668  5.698 0.4285714328
72483  27.689  -23.647  6.905 0.2857142985
77505  27.162  -18.668  5.708 0.7142857313
76415  27.535  -19.519  5.436 0.7142857313
78585  28.033  -17.465  4.979 0.8571428657
77504  27.874  -18.547  5.209 0.5714285970
78586  27.216  -17.608  5.708 0.8571428657
76416  26.716  -19.394  5.890 0.7142857313
79597  28.225  -16.361  4.852 0.4285714328
81554  29.120  -14.626  4.469 0.2857142985
82525  28.651  -13.782  4.645 0.5714285970
80579  28.154  -15.456  5.013 0.8571428657
80598  28.723  -15.524  4.662 0.7142857313
79598  27.544  -16.625  5.453 0.8571428657
82549  29.454  -12.917  3.768 0.1428571492
82534  30.073  -13.850  3.834 0.1428571492
82535  29.471  -13.639  4.073 0.4285714328
81538  28.391  -14.703  4.908 0.5714285970
81539  27.965  -14.901  5.541 0.8571428657
84455  29.368  -11.483  3.159 0.1428571492
82548  30.283  -13.093  3.521 0.1428571492
82514  27.769  -14.420  5.763 0.8571428657
85411  29.326  -10.430  2.351 0.1428571492
84467  29.663  -11.056  3.043 0.1428571492
84468  29.037  -10.924  2.716 0.1428571492
83507  29.419  -12.236  3.499 0.1428571492
84456  28.673  -11.410  3.371 0.4285714328
83489  28.672  -12.621  4.191 0.5714285970
83473  28.272  -13.202  4.842 0.7142857313
82515  27.410  -14.186  6.021 0.8571428657
85412  28.661  -10.326  2.144 0.1428571492
85403  28.555  -10.624  2.713 0.1428571492
83474  27.718  -12.548  5.084 0.8571428657
82526  27.966  -13.874  5.387 0.8571428657
82527  27.081  -13.380  5.780 0.8571428657
86394  28.873  -9.816  1.768 0.1428571492
86395  28.104  -9.584  1.656 0.2857142985
85404  28.109  -10.394  3.173 0.8571428657
84438  28.257  -11.733  4.078 0.8571428657
83490  28.057  -12.111  4.433 0.7142857313
84439  27.711  -11.452  4.548 0.8571428657
87390  27.741  -8.750  1.167 0.1428571492
88319  27.763  -7.831  0.676 0.1428571492
86368  27.689  -9.487  3.477 0.8571428657
84457  28.086  -11.081  3.857 0.8571428657
84422  27.032  -11.488  5.355 0.8571428657
87379  27.522  -8.840  1.795 0.4285714328
85386  27.695  -10.354  4.235 0.8571428657
85387  27.245  -10.018  5.018 0.8571428657
88320  27.038  -8.099  1.044 0.1428571492
88325  27.153  -7.537  0.352 0.2857142985
88311  27.112  -8.019  2.120 0.8571428657
87367  27.478  -8.718  2.769 0.8571428657
87347  27.383  -8.537  3.825 0.8571428657
86369  27.299  -9.339  4.469 0.8571428657
89277  27.347  -6.587  0.174 0.2857142985
89270  26.899  -7.113  0.770 0.7142857313
89260  26.862  -7.158  1.695 0.8571428657
88296  27.256  -7.727  3.185 0.8571428657
89261  26.818  -6.524  1.268 0.8571428657
89249  27.063  -7.180  2.517 0.8571428657
90148  27.073  -6.513  2.717 0.7142857313
89250  27.072  -6.795  3.272 0.7142857313
90165  26.789  -5.751  1.247 0.8571428657
91143  26.765  -4.937  1.989 0.8571428657
90149  26.822  -5.831  3.408 0.7142857313
91155  26.695  -4.837  0.188 0.7142857313
91149  26.715  -4.860  1.072 0.8571428657
92157  26.523  -4.038  0.725 0.8571428657
93132  25.782  -2.524  0.643 0.7142857313
90158  26.904  -6.041  2.185 0.8571428657
92149  26.483  -3.900  1.882 0.8571428657
92178  25.455  -3.559  -2.531 0.1428571492
93131  26.217  -3.366  0.210 0.8571428657
93139  25.724  -2.886  -0.668 0.7142857313
93121  26.169  -3.234  1.195 0.8571428657
93164  24.654  -2.639  -4.144 0.1428571492
93144  24.970  -2.761  -1.917 0.5714285970
94071  24.380  -1.145  -1.625 0.5714285970
93145  24.333  -2.261  -2.591 0.1428571492
93174  25.038  -2.214  -5.077 0.1428571492
94981  23.700  -0.634  -2.122 0.5714285970
94119  23.973  -0.642  -4.788 0.1428571492
94107  25.100  -0.859  -3.901 0.1428571492
94095  23.463  -1.119  -3.274 0.1428571492
94094  25.162  -0.534  -3.377 0.1428571492
94083  23.885  -1.468  -2.526 0.5714285970
95003  24.581  -0.128  -3.772 0.1428571492
95905  24.065  0.517  -3.753 0.1428571492
94979  25.571  -0.391  -1.902 0.1428571492
95893  24.051  0.699  -2.799 0.1428571492
64506  23.986  -31.452  11.712 0.1428571492
64530  24.437  -31.060  9.587 0.2857142985
63640  25.731  -32.228  8.561 0.2857142985
64542  24.907  -31.273  8.687 0.2857142985
67507  26.932  -28.190  8.423 0.2857142985
67508  26.151  -28.180  7.855 0.2857142985
66448  26.523  -29.150  8.424 0.1428571492
72484  26.825  -23.508  6.384 0.2857142985
74496  27.352  -21.185  5.630 0.4285714328
78584  28.703  -17.206  4.596 0.2857142985
75443  26.349  -20.283  6.158 0.7142857313
80581  27.196  -15.855  6.067 0.8571428657
85366  27.284  -10.745  4.968 0.8571428657
89271  26.904  -6.349  0.645 0.8571428657
92164  26.497  -4.101  -0.178 0.8571428657
93154  23.908  -2.055  -3.472 0.1428571492
93175  24.167  -1.273  -4.728 0.1428571492
94080  26.681  -1.328  -2.129 0.1428571492
64496  22.727  -31.947  12.596 0.1428571492
66450  24.926  -29.173  8.330 0.2857142985
65439  24.369  -30.002  8.721 0.4285714328
66449  25.728  -29.223  7.995 0.1428571492
68465  27.337  -27.348  8.538 0.2857142985
70503  27.571  -25.883  8.188 0.2857142985
69464  26.471  -26.480  7.549 0.2857142985
74497  26.734  -21.174  5.895 0.7142857313
83517  30.027  -11.403  3.166 0.1428571492
86393  29.570  -9.635  2.197 0.1428571492
86403  28.470  -9.199  1.477 0.1428571492
86404  28.092  -9.095  1.287 0.2857142985
87389  28.198  -8.630  1.121 0.1428571492
86385  27.840  -9.561  2.476 0.8571428657
88324  27.481  -7.241  0.313 0.1428571492
89278  27.091  -6.164  0.316 0.2857142985
88297  26.907  -7.171  3.783 0.8571428657
90181  26.899  -5.443  -0.242 0.5714285970
91160  26.508  -4.855  -0.605 0.5714285970
93138  26.196  -3.586  -0.420 0.7142857313
92171  25.648  -3.526  -1.611 0.4285714328
92177  26.018  -4.253  -1.967 0.2857142985
93153  24.664  -2.895  -3.062 0.1428571492
94995  23.349  -0.198  -2.960 0.2857142985
93165  24.042  -1.817  -4.460 0.1428571492
95014  23.543  -0.024  -4.676 0.1428571492
95005  22.991  0.159  -4.006 0.1428571492
95894  23.642  0.458  -3.172 0.1428571492
94118  24.749  -1.163  -4.580 0.1428571492
94980  25.269  0.169  -1.814 0.1428571492
95877  24.831  0.878  -1.712 0.1428571492
94964  25.363  0.442  -1.287 0.1428571492
90172  27.185  -5.935  0.044 0.4285714328
90188  26.791  -5.429  -0.899 0.4285714328
91167  26.486  -4.945  -1.469 0.4285714328
92170  26.229  -4.005  -1.015 0.5714285970
64514  24.699  -31.427  10.403 0.1428571492
65396  23.474  -30.697  11.499 0.1428571492
65386  22.516  -30.955  12.357 0.1428571492
65425  23.281  -29.589  10.070 0.4285714328
65424  23.913  -30.217  9.658 0.5714285970
77482  26.386  -18.215  6.362 0.7142857313
85413  28.232  -10.132  2.360 0.5714285970
92186  25.408  -3.382  -3.630 0.1428571492
94082  24.584  -1.870  -2.020 0.5714285970
94070  25.041  -1.847  -1.178 0.5714285970
94117  25.470  -1.798  -4.928 0.1428571492
94994  23.510  -0.863  -2.730 0.4285714328
93166  23.636  -0.975  -4.504 0.1428571492
94093  25.813  -0.974  -3.000 0.1428571492
93155  23.619  -1.327  -3.972 0.1428571492
94096  23.300  -0.643  -3.902 0.1428571492
95904  24.497  0.325  -3.144 0.1428571492
90173  26.904  -5.642  0.450 0.5714285970
66451  24.366  -28.961  8.841 0.4285714328
70521  26.125  -25.429  6.951 0.5714285970
70522  24.871  -25.520  7.436 0.5714285970
70523  24.299  -24.864  7.658 0.5714285970
71497  23.268  -24.824  8.196 0.2857142985
71518  25.422  -24.469  6.865 0.5714285970
71520  23.631  -24.183  7.774 0.5714285970
70506  22.932  -25.453  8.739 0.4285714328
71519  24.630  -24.304  7.384 0.5714285970
71498  22.549  -24.158  8.373 0.2857142985
71521  22.948  -23.592  7.971 0.4285714328
72485  25.837  -23.336  6.623 0.4285714328
72486  25.099  -22.868  6.958 0.5714285970
72466  24.289  -23.128  7.368 0.5714285970
73454  22.650  -22.001  8.031 0.4285714328
73473  25.583  -22.150  6.702 0.5714285970
73474  24.664  -22.027  7.133 0.5714285970
74482  25.108  -21.130  6.882 0.7142857313
74483  24.178  -20.981  7.262 0.4285714328
74481  26.030  -21.212  6.437 0.4285714328
72441  21.606  -23.039  8.613 0.2857142985
73453  23.597  -21.844  7.533 0.4285714328
75424  25.496  -20.220  6.649 0.7142857313
76396  23.959  -19.205  6.916 0.4285714328
77484  24.229  -18.357  6.717 0.7142857313
78568  23.547  -17.677  6.228 0.7142857313
76394  25.866  -19.278  6.442 0.5714285970
76395  24.931  -19.237  6.882 0.7142857313
78566  25.385  -17.231  6.525 0.7142857313
79581  23.803  -17.071  5.917 0.7142857313
79580  24.339  -16.359  6.095 0.7142857313
79601  23.290  -16.443  5.597 0.4285714328
79600  23.691  -15.828  5.698 0.4285714328
77483  25.236  -18.278  6.750 0.5714285970
79579  25.522  -16.241  6.320 0.5714285970
80568  24.909  -15.370  6.132 0.7142857313
81528  25.388  -14.560  6.231 0.7142857313
80582  24.027  -15.253  5.800 0.7142857313
81542  23.708  -14.317  5.531 0.5714285970
82530  24.144  -13.428  5.671 0.5714285970
80580  27.793  -15.760  5.483 0.7142857313
79578  26.395  -16.101  6.200 0.5714285970
80566  26.534  -15.401  6.289 0.7142857313
80567  25.814  -15.401  6.310 0.7142857313
82517  25.884  -13.992  6.350 0.8571428657
80583  23.246  -15.206  5.398 0.4285714328
82528  26.153  -13.254  6.137 0.7142857313
83476  25.547  -12.406  5.974 0.7142857313
83478  23.740  -12.488  5.410 0.5714285970
83477  24.561  -12.479  5.761 0.7142857313
83475  26.592  -12.415  5.703 0.8571428657
84423  26.002  -11.423  5.794 0.7142857313
84424  24.900  -11.456  5.857 0.5714285970
85369  24.106  -10.446  5.588 0.2857142985
86351  25.797  -9.471  5.556 0.7142857313
86350  26.654  -9.409  5.212 0.8571428657
85367  26.517  -10.412  5.484 0.8571428657
85368  25.324  -10.404  5.771 0.5714285970
87330  25.912  -9.210  5.343 0.8571428657
87331  25.471  -8.373  5.350 0.7142857313
87348  26.595  -8.379  4.778 0.8571428657
88275  27.115  -7.727  4.115 0.8571428657
88276  26.369  -7.204  4.480 0.7142857313
91134  26.572  -4.819  3.040 0.7142857313
92137  26.495  -4.317  2.507 0.5714285970
91135  25.874  -4.258  3.894 0.7142857313
92138  26.024  -3.641  3.076 0.7142857313
93111  26.225  -3.070  1.974 0.8571428657
93122  25.887  -2.456  1.687 0.7142857313
93112  25.794  -2.720  2.585 0.7142857313
94032  25.483  -1.876  2.345 0.7142857313
94045  25.133  -1.028  1.544 0.7142857313
94033  25.048  -1.156  2.113 0.5714285970
94044  25.447  -1.552  1.295 0.7142857313
94916  24.526  -0.452  2.602 0.5714285970
94930  25.172  -0.897  1.122 0.4285714328
94931  24.816  -0.529  1.594 0.5714285970
95822  24.509  0.034  2.008 0.5714285970
94057  25.239  -1.657  0.089 0.5714285970
94948  24.706  -0.600  0.408 0.5714285970
95836  24.415  0.284  1.247 0.5714285970
94917  23.960  -0.111  3.143 0.4285714328
95811  23.585  0.194  3.230 0.5714285970
95823  23.892  0.603  2.438 0.5714285970
95847  23.954  0.366  0.082 0.5714285970
95812  23.016  0.557  3.420 0.4285714328
94022  22.439  -1.342  4.192 0.4285714328
95824  23.054  1.169  2.735 0.5714285970
97758  22.249  1.916  2.880 0.4285714328
75441  27.876  -20.489  5.438 0.2857142985
79599  26.949  -16.650  5.926 0.5714285970
96773  22.608  1.758  2.540 0.2857142985
96763  22.515  1.263  3.182 0.4285714328
96764  22.121  1.537  3.370 0.2857142985
70504  24.502  -25.761  7.803 0.5714285970
69452  23.784  -26.402  8.705 0.5714285970
71534  26.277  -24.354  6.616 0.2857142985
70505  24.016  -25.411  8.058 0.5714285970
70507  22.244  -24.806  8.844 0.2857142985
72467  23.263  -22.965  7.801 0.4285714328
73433  21.341  -22.332  8.573 0.2857142985
75425  24.584  -20.128  7.084 0.5714285970
76414  28.610  -19.561  5.437 0.2857142985
77486  22.567  -18.193  6.310 0.2857142985
91125  26.248  -4.955  3.971 0.7142857313
90136  26.138  -5.528  4.425 0.7142857313
94910  24.165  -0.733  3.405 0.5714285970
94947  25.211  -1.139  0.726 0.5714285970
95837  23.627  1.154  0.930 0.5714285970
74460  23.335  -20.730  7.371 0.4285714328
81525  27.629  -14.729  6.006 0.7142857313
82516  26.644  -14.046  6.250 0.7142857313
81526  27.049  -14.888  6.235 0.7142857313
72465  25.071  -23.634  7.034 0.5714285970
72468  22.457  -22.984  8.194 0.4285714328
75426  23.588  -20.034  7.085 0.4285714328
77485  23.385  -18.408  6.542 0.4285714328
76397  23.092  -19.147  6.693 0.4285714328
78569  23.044  -17.904  6.254 0.2857142985
78567  24.399  -17.477  6.435 0.7142857313
78565  26.329  -17.011  6.200 0.5714285970
81541  24.520  -14.403  5.916 0.7142857313
81527  26.210  -14.714  6.365 0.5714285970
82529  25.122  -13.484  6.126 0.7142857313
82536  23.395  -13.372  5.307 0.2857142985
85370  23.633  -11.012  5.395 0.2857142985
92150  26.162  -3.322  2.401 0.7142857313
96772  23.169  1.502  1.919 0.5714285970
74462  21.873  -21.196  7.923 0.1428571492
74461  22.715  -21.034  7.650 0.4285714328
66410  22.691  -29.561  10.704 0.4285714328
70519  27.700  -25.331  7.967 0.1428571492
71517  27.213  -24.802  7.189 0.1428571492
71532  27.483  -24.350  7.126 0.1428571492
73487  27.428  -21.950  5.757 0.1428571492
73486  27.999  -22.092  6.134 0.1428571492
72464  27.792  -24.171  7.284 0.1428571492
71515  28.198  -24.567  7.915 0.1428571492
74480  28.487  -21.573  6.454 0.1428571492
72482  28.204  -23.344  7.215 0.1428571492
74495  28.016  -21.385  5.737 0.1428571492
77503  28.946  -18.287  4.778 0.1428571492
89229  26.672  -6.434  3.918 0.5714285970
96781  25.465  1.994  0.483 0.1428571492
87349  26.009  -7.685  4.857 0.4285714328
97772  24.899  2.728  0.007 0.1428571492
95878  24.321  1.002  -2.251 0.1428571492
90137  24.998  -5.264  5.018 0.4285714328
97795  22.569  2.810  -2.042 0.2857142985
96803  22.827  1.895  -0.974 0.2857142985
95863  23.368  0.959  -1.420 0.2857142985
92139  23.504  -3.983  4.611 0.1428571492
92128  24.853  -3.516  4.340 0.5714285970
97774  22.593  2.356  -0.147 0.2857142985
94965  24.014  -0.245  -0.991 0.4285714328
93083  23.963  -3.235  4.398 0.4285714328
93096  24.357  -2.301  3.897 0.5714285970
96792  23.095  1.845  0.137 0.2857142985
93097  23.273  -2.614  4.246 0.4285714328
94021  23.787  -1.441  3.909 0.2857142985
96783  22.644  2.079  1.694 0.1428571492
96782  22.931  1.917  0.996 0.1428571492
97765  22.733  2.205  0.448 0.1428571492
93098  22.068  -2.265  4.408 0.1428571492
94911  23.314  -0.435  3.640 0.4285714328
97766  22.274  2.586  0.769 0.1428571492
98800  21.549  3.309  0.139 0.1428571492
97738  21.846  2.077  3.912 0.1428571492
97757  22.329  2.609  2.197 0.1428571492
98791  21.566  3.335  1.122 0.1428571492
97756  22.503  3.151  2.555 0.1428571492
66433  22.624  -28.907  10.034 0.4285714328
68450  21.666  -27.163  10.040 0.2857142985
73452  28.566  -23.177  7.461 0.1428571492
75423  28.565  -20.680  5.949 0.1428571492
89230  25.976  -6.202  4.912 0.2857142985
94966  23.558  0.337  -1.272 0.2857142985
97775  22.095  2.868  -0.361 0.2857142985
98801  21.096  3.905  0.388 0.2857142985
67492  21.425  -27.706  10.323 0.2857142985
69448  27.834  -26.486  8.855 0.1428571492
88277  25.685  -7.008  5.108 0.4285714328
94020  24.858  -1.519  3.201 0.5714285970
94058  24.698  -1.081  -0.661 0.4285714328
98809  21.718  3.589  -0.775 0.2857142985
96819  22.583  2.342  -1.583 0.2857142985
96818  23.153  1.790  -2.013 0.2857142985
98816  23.355  3.169  -2.290 0.1428571492
98807  23.601  3.493  -1.801 0.1428571492
96816  24.402  1.348  -1.970 0.1428571492
98783  21.868  3.899  1.870 0.2857142985
98810  21.213  3.837  -0.279 0.2857142985
96802  24.102  2.279  -1.894 0.1428571492
96801  24.606  1.806  -1.455 0.1428571492
96834  23.580  1.057  -2.442 0.1428571492
96817  23.846  1.636  -2.272 0.1428571492
78600  29.459  -17.346  4.705 0.2857142985
99830  22.335  4.125  -1.768 0.2857142985
95879  23.437  0.726  -2.363 0.2857142985
67490  23.076  -28.072  9.574 0.4285714328
94982  23.439  0.148  -1.863 0.2857142985
91126  25.241  -4.598  4.677 0.4285714328
93095  25.174  -2.648  3.477 0.5714285970
97748  22.085  2.027  3.257 0.2857142985
94019  25.383  -2.160  2.950 0.5714285970
72463  28.285  -23.966  7.593 0.1428571492
97786  22.216  2.859  -1.273 0.2857142985
95848  23.427  1.136  -0.359 0.2857142985
95862  23.611  0.496  -0.793 0.2857142985
93081  24.634  -2.857  3.944 0.4285714328
89213  24.839  -6.186  4.884 0.2857142985
97794  23.191  2.633  -2.399 0.2857142985
97784  24.114  2.815  -1.334 0.1428571492
84425  24.031  -11.584  5.540 0.2857142985
100668  22.125  5.532  0.911 0.1428571492
99821  21.933  4.536  -1.021 0.1428571492
100667  22.534  6.202  0.565 0.1428571492
98775  23.343  3.891  3.158 0.1428571492
100662  22.667  5.803  1.684 0.1428571492
99804  21.591  5.150  0.583 0.1428571492
100681  22.038  5.330  -0.505 0.1428571492
99796  22.310  4.797  1.955 0.1428571492
99789  23.052  4.819  2.535 0.1428571492
99797  21.821  4.844  1.324 0.1428571492
101417  23.118  6.740  2.102 0.1428571492
99798  21.511  4.622  0.932 0.1428571492
100663  22.210  5.272  1.459 0.1428571492
100648  23.264  6.456  3.477 0.1428571492
100656  23.357  5.852  2.917 0.1428571492
99788  23.545  4.715  3.349 0.1428571492
101411  22.900  6.990  2.960 0.1428571492
101423  23.085  6.725  1.168 0.1428571492
73472  26.581  -22.256  6.072 0.2857142985
99814  21.160  4.415  -0.296 0.1428571492
99820  22.805  4.821  -0.994 0.1428571492
100675  21.867  5.794  0.067 0.1428571492
100674  22.724  5.682  -0.392 0.1428571492
100655  23.590  5.252  3.628 0.1428571492
68468  24.488  -27.341  8.572 0.4285714328
67509  25.322  -28.102  8.107 0.2857142985
69451  24.603  -26.310  7.953 0.2857142985
68467  25.096  -27.080  7.892 0.1428571492
69466  24.994  -26.270  7.579 0.2857142985
67510  24.688  -28.342  8.637 0.2857142985
68469  23.980  -27.052  8.905 0.4285714328
69465  25.539  -26.546  7.497 0.1428571492
68480  25.631  -27.463  7.764 0.1428571492
68449  22.461  -27.160  9.618 0.2857142985
68448  23.438  -27.112  9.146 0.2857142985
69431  23.311  -26.465  9.030 0.2857142985
75427  22.846  -19.814  6.900 0.2857142985
76398  22.256  -19.124  6.629 0.2857142985
78587  23.344  -17.182  5.812 0.1428571492
79602  22.362  -16.392  5.613 0.1428571492
80584  22.773  -15.809  5.384 0.2857142985
81555  23.111  -14.169  5.253 0.1428571492
84426  23.356  -11.572  5.256 0.1428571492
86352  24.648  -9.280  5.595 0.1428571492
86370  23.859  -9.514  5.472 0.1428571492
87332  24.249  -8.011  5.296 0.1428571492
89214  24.130  -5.162  4.973 0.1428571492
124503  24.695  -4.088  4.689 0.1428571492
124501  23.939  -4.461  4.790 0.1428571492
94912  22.280  -0.214  4.041 0.1428571492
94011  21.924  -0.808  4.338 0.1428571492
95813  22.055  0.813  3.837 0.1428571492
66434  21.997  -28.593  10.274 0.2857142985
67489  24.067  -28.045  9.150 0.1428571492
124507  24.337  -3.951  4.699 0.1428571492
66411  21.821  -29.019  10.749 0.2857142985
75402  22.723  -20.328  7.226 0.2857142985
75428  22.336  -19.822  7.015 0.2857142985
79618  22.334  -15.637  5.422 0.1428571492
82550  22.305  -13.720  5.083 0.1428571492
82537  22.727  -13.323  5.149 0.1428571492
83491  23.029  -12.432  5.168 0.1428571492
84440  22.708  -11.446  4.932 0.1428571492
85389  23.141  -10.408  5.170 0.1428571492
85388  23.563  -9.888  5.364 0.1428571492
86371  23.258  -9.160  5.157 0.1428571492
88260  24.902  -7.257  4.922 0.1428571492
94906  21.683  -0.460  4.444 0.1428571492
75403  22.005  -20.274  7.396 0.2857142985
94023  21.707  -1.752  4.392 0.1428571492
86353  23.847  -8.796  5.399 0.1428571492
85390  22.291  -10.410  4.698 0.1428571492
66412  21.145  -28.525  10.979 0.1428571492
67466  21.536  -28.309  10.482 0.1428571492
67468  20.291  -27.708  11.198 0.1428571492
67467  20.850  -27.855  10.746 0.1428571492
69432  22.749  -26.194  9.265 0.1428571492
90180  27.302  -5.889  -0.539 0.1428571492
66401  22.096  -29.660  11.589 0.1428571492
68425  20.995  -27.129  10.367 0.1428571492
69433  21.739  -26.325  9.717 0.1428571492
70483  22.594  -25.655  9.132 0.1428571492
69413  21.196  -26.637  10.036 0.1428571492
71499  21.480  -24.231  8.996 0.1428571492
79617  29.078  -16.414  4.544 0.1428571492
73455  21.746  -22.112  8.384 0.1428571492
67491  22.078  -28.022  9.976 0.1428571492
70484  22.015  -25.368  9.275 0.1428571492
64495  23.816  -32.107  12.267 0.1428571492
67522  25.911  -27.740  7.710 0.2857142985
68447  24.039  -27.386  8.995 0.4285714328
69450  25.049  -26.576  7.689 0.2857142985
69453  23.222  -26.120  8.970 0.5714285970
70535  26.800  -25.013  7.000 0.2857142985
71496  28.022  -24.975  8.084 0.1428571492
71516  27.714  -24.708  7.581 0.1428571492
72440  28.441  -24.366  8.035 0.1428571492
75401  23.124  -20.248  7.112 0.2857142985
80599  23.233  -14.607  5.310 0.1428571492
81540  27.612  -15.260  5.975 0.7142857313
82538  22.179  -13.100  5.090 0.1428571492
90157  26.924  -6.748  2.269 0.8571428657
93082  24.220  -2.893  4.188 0.4285714328
93176  23.804  -0.851  -4.756 0.1428571492
94108  23.352  -0.383  -4.432 0.1428571492
94120  23.612  -0.552  -4.705 0.1428571492
94993  25.176  -0.183  -2.748 0.1428571492
95004  24.210  0.266  -4.203 0.1428571492
95012  24.595  -0.577  -4.227 0.1428571492
95013  24.180  -0.138  -4.513 0.1428571492
95892  24.697  0.510  -2.441 0.1428571492
95906  23.602  0.443  -4.193 0.1428571492
95916  23.970  0.397  -4.369 0.1428571492
95917  23.796  0.258  -4.564 0.1428571492
96774  22.325  1.615  3.001 0.4285714328
96804  22.446  2.374  -1.216 0.2857142985
96833  23.729  0.874  -2.604 0.1428571492
97785  22.374  2.448  -0.824 0.2857142985
97793  23.672  2.690  -2.070 0.1428571492
98784  21.599  4.378  1.317 0.1428571492
98792  21.370  4.133  1.051 0.1428571492
98818  22.163  3.618  -1.652 0.2857142985
99805  21.206  4.617  0.426 0.1428571492
99813  21.447  5.117  -0.206 0.1428571492
99822  21.411  4.112  -0.652 0.1428571492
99829  22.633  4.282  -1.533 0.2857142985
100680  22.365  5.147  -0.757 0.1428571492
124502  24.291  -4.350  4.787 0.1428571492
