#!ascii label  , from subject sub-MOT05 vox2ras=TkReg
192
81527  26.210  -14.714  6.365 0.0000000000
72485  25.837  -23.336  6.623 0.0000000000
86351  25.797  -9.471  5.556 0.0000000000
95822  24.509  0.034  2.008 0.0000000000
70523  24.299  -24.864  7.658 0.0000000000
88296  27.256  -7.727  3.185 0.0000000000
91143  26.765  -4.937  1.989 0.0000000000
79580  24.339  -16.359  6.095 0.0000000000
77483  25.236  -18.278  6.750 0.0000000000
78586  27.216  -17.608  5.708 0.0000000000
83474  27.718  -12.548  5.084 0.0000000000
80598  28.723  -15.524  4.662 0.0000000000
84423  26.002  -11.423  5.794 0.0000000000
85386  27.695  -10.354  4.235 0.0000000000
94020  24.858  -1.519  3.201 0.0000000000
93121  26.169  -3.234  1.195 0.0000000000
73488  26.992  -21.668  5.698 0.0000000000
90149  26.822  -5.831  3.408 0.0000000000
91134  26.572  -4.819  3.040 0.0000000000
80568  24.909  -15.370  6.132 0.0000000000
79579  25.522  -16.241  6.320 0.0000000000
79578  26.395  -16.101  6.200 0.0000000000
71518  25.422  -24.469  6.865 0.0000000000
85368  25.324  -10.404  5.771 0.0000000000
85366  27.284  -10.745  4.968 0.0000000000
85387  27.245  -10.018  5.018 0.0000000000
89260  26.862  -7.158  1.695 0.0000000000
87379  27.522  -8.840  1.795 0.0000000000
95812  23.016  0.557  3.420 0.0000000000
94021  23.787  -1.441  3.909 0.0000000000
94916  24.526  -0.452  2.602 0.0000000000
94083  23.885  -1.468  -2.526 0.0000000000
93144  24.970  -2.761  -1.917 0.0000000000
93132  25.782  -2.524  0.643 0.0000000000
93139  25.724  -2.886  -0.668 0.0000000000
92164  26.497  -4.101  -0.178 0.0000000000
76416  26.716  -19.394  5.890 0.0000000000
75443  26.349  -20.283  6.158 0.0000000000
70505  24.016  -25.411  8.058 0.0000000000
87348  26.595  -8.379  4.778 0.0000000000
88297  26.907  -7.171  3.783 0.0000000000
90148  27.073  -6.513  2.717 0.0000000000
89261  26.818  -6.524  1.268 0.0000000000
77484  24.229  -18.357  6.717 0.0000000000
78567  24.399  -17.477  6.435 0.0000000000
77482  26.386  -18.215  6.362 0.0000000000
77505  27.162  -18.668  5.708 0.0000000000
82527  27.081  -13.380  5.780 0.0000000000
81525  27.629  -14.729  6.006 0.0000000000
82525  28.651  -13.782  4.645 0.0000000000
81541  24.520  -14.403  5.916 0.0000000000
83478  23.740  -12.488  5.410 0.0000000000
82528  26.153  -13.254  6.137 0.0000000000
83475  26.592  -12.415  5.703 0.0000000000
84439  27.711  -11.452  4.548 0.0000000000
85403  28.555  -10.624  2.713 0.0000000000
86368  27.689  -9.487  3.477 0.0000000000
86385  27.840  -9.561  2.476 0.0000000000
93095  25.174  -2.648  3.477 0.0000000000
94948  24.706  -0.600  0.408 0.0000000000
94044  25.447  -1.552  1.295 0.0000000000
93122  25.887  -2.456  1.687 0.0000000000
92150  26.162  -3.322  2.401 0.0000000000
92149  26.483  -3.900  1.882 0.0000000000
91155  26.695  -4.837  0.188 0.0000000000
73474  24.664  -22.027  7.133 0.0000000000
76395  24.931  -19.237  6.882 0.0000000000
79598  27.544  -16.625  5.453 0.0000000000
78585  28.033  -17.465  4.979 0.0000000000
91125  26.248  -4.955  3.971 0.0000000000
91135  25.874  -4.258  3.894 0.0000000000
81528  25.388  -14.560  6.231 0.0000000000
80567  25.814  -15.401  6.310 0.0000000000
80566  26.534  -15.401  6.289 0.0000000000
69452  23.784  -26.402  8.705 0.0000000000
72465  25.071  -23.634  7.034 0.0000000000
85367  26.517  -10.412  5.484 0.0000000000
86350  26.654  -9.409  5.212 0.0000000000
89270  26.899  -7.113  0.770 0.0000000000
88320  27.038  -8.099  1.044 0.0000000000
95823  23.892  0.603  2.438 0.0000000000
95811  23.585  0.194  3.230 0.0000000000
92171  25.648  -3.526  -1.611 0.0000000000
76415  27.535  -19.519  5.436 0.0000000000
75442  27.060  -20.358  5.610 0.0000000000
72466  24.289  -23.128  7.368 0.0000000000
88276  26.369  -7.204  4.480 0.0000000000
90158  26.904  -6.041  2.185 0.0000000000
90165  26.789  -5.751  1.247 0.0000000000
96772  23.169  1.502  1.919 0.0000000000
79581  23.803  -17.071  5.917 0.0000000000
78565  26.329  -17.011  6.200 0.0000000000
78566  25.385  -17.231  6.525 0.0000000000
70504  24.502  -25.761  7.803 0.0000000000
82526  27.966  -13.874  5.387 0.0000000000
83473  28.272  -13.202  4.842 0.0000000000
81542  23.708  -14.317  5.531 0.0000000000
84424  24.900  -11.456  5.857 0.0000000000
83477  24.561  -12.479  5.761 0.0000000000
82530  24.144  -13.428  5.671 0.0000000000
83476  25.547  -12.406  5.974 0.0000000000
84422  27.032  -11.488  5.355 0.0000000000
84457  28.086  -11.081  3.857 0.0000000000
85404  28.109  -10.394  3.173 0.0000000000
87347  27.383  -8.537  3.825 0.0000000000
85413  28.232  -10.132  2.360 0.0000000000
93096  24.357  -2.301  3.897 0.0000000000
93081  24.634  -2.857  3.944 0.0000000000
94019  25.383  -2.160  2.950 0.0000000000
94071  24.380  -1.145  -1.625 0.0000000000
94981  23.700  -0.634  -2.122 0.0000000000
94947  25.211  -1.139  0.726 0.0000000000
93111  26.225  -3.070  1.974 0.0000000000
92157  26.523  -4.038  0.725 0.0000000000
91160  26.508  -4.855  -0.605 0.0000000000
90181  26.899  -5.443  -0.242 0.0000000000
90173  26.904  -5.642  0.450 0.0000000000
74483  24.178  -20.981  7.262 0.0000000000
76396  23.959  -19.205  6.916 0.0000000000
74497  26.734  -21.174  5.895 0.0000000000
75424  25.496  -20.220  6.649 0.0000000000
74481  26.030  -21.212  6.437 0.0000000000
73473  25.583  -22.150  6.702 0.0000000000
81539  27.965  -14.901  5.541 0.0000000000
80580  27.793  -15.760  5.483 0.0000000000
80579  28.154  -15.456  5.013 0.0000000000
89230  25.976  -6.202  4.912 0.0000000000
90136  26.138  -5.528  4.425 0.0000000000
79600  23.691  -15.828  5.698 0.0000000000
79599  26.949  -16.650  5.926 0.0000000000
71519  24.630  -24.304  7.384 0.0000000000
70522  24.871  -25.520  7.436 0.0000000000
70521  26.125  -25.429  6.951 0.0000000000
83490  28.057  -12.111  4.433 0.0000000000
83489  28.672  -12.621  4.191 0.0000000000
88311  27.112  -8.019  2.120 0.0000000000
94910  24.165  -0.733  3.405 0.0000000000
94033  25.048  -1.156  2.113 0.0000000000
94082  24.584  -1.870  -2.020 0.0000000000
94070  25.041  -1.847  -1.178 0.0000000000
94057  25.239  -1.657  0.089 0.0000000000
93131  26.217  -3.366  0.210 0.0000000000
93138  26.196  -3.586  -0.420 0.0000000000
92170  26.229  -4.005  -1.015 0.0000000000
76394  25.866  -19.278  6.442 0.0000000000
70506  22.932  -25.453  8.739 0.0000000000
71497  23.268  -24.824  8.196 0.0000000000
71520  23.631  -24.183  7.774 0.0000000000
72486  25.099  -22.868  6.958 0.0000000000
87331  25.471  -8.373  5.350 0.0000000000
87330  25.912  -9.210  5.343 0.0000000000
88275  27.115  -7.727  4.115 0.0000000000
89229  26.672  -6.434  3.918 0.0000000000
89250  27.072  -6.795  3.272 0.0000000000
89249  27.063  -7.180  2.517 0.0000000000
89271  26.904  -6.349  0.645 0.0000000000
95824  23.054  1.169  2.735 0.0000000000
95837  23.627  1.154  0.930 0.0000000000
78568  23.547  -17.677  6.228 0.0000000000
82516  26.644  -14.046  6.250 0.0000000000
81526  27.049  -14.888  6.235 0.0000000000
82515  27.410  -14.186  6.021 0.0000000000
82514  27.769  -14.420  5.763 0.0000000000
81538  28.391  -14.703  4.908 0.0000000000
81554  29.120  -14.626  4.469 0.0000000000
80582  24.027  -15.253  5.800 0.0000000000
82529  25.122  -13.484  6.126 0.0000000000
82517  25.884  -13.992  6.350 0.0000000000
84438  28.257  -11.733  4.078 0.0000000000
84456  28.673  -11.410  3.371 0.0000000000
86369  27.299  -9.339  4.469 0.0000000000
87367  27.478  -8.718  2.769 0.0000000000
92128  24.853  -3.516  4.340 0.0000000000
95836  24.415  0.284  1.247 0.0000000000
95847  23.954  0.366  0.082 0.0000000000
94931  24.816  -0.529  1.594 0.0000000000
94045  25.133  -1.028  1.544 0.0000000000
94032  25.483  -1.876  2.345 0.0000000000
93112  25.794  -2.720  2.585 0.0000000000
92138  26.024  -3.641  3.076 0.0000000000
92137  26.495  -4.317  2.507 0.0000000000
91149  26.715  -4.860  1.072 0.0000000000
89278  27.091  -6.164  0.316 0.0000000000
75425  24.584  -20.128  7.084 0.0000000000
74482  25.108  -21.130  6.882 0.0000000000
80581  27.196  -15.855  6.067 0.0000000000
79597  28.225  -16.361  4.852 0.0000000000
77504  27.874  -18.547  5.209 0.0000000000
69431  23.311  -26.465  9.030 0.0000000000
69453  23.222  -26.120  8.970 0.0000000000
81540  27.612  -15.260  5.975 0.0000000000
90157  26.924  -6.748  2.269 0.0000000000
