#!ascii label  , from subject MOT01 vox2ras=TkReg
1447
69132  -41.840  -23.919  56.486 0.0000000000
81352  -53.178  -12.184  53.213 0.0000000000
73849  -48.662  -20.091  52.738 0.0000000000
41320  -13.170  -47.468  73.290 0.0000000000
64577  -42.524  -27.220  59.543 0.0000000000
47212  -27.566  -42.675  73.889 0.0000000000
49384  -38.134  -40.698  71.689 0.0000000000
55167  -42.024  -36.565  66.293 0.0000000000
58718  -45.170  -32.252  65.213 0.0000000000
49438  -19.737  -40.887  68.337 0.0000000000
49320  -22.650  -41.072  74.200 0.0000000000
50496  -23.585  -39.961  68.483 0.0000000000
49494  -34.625  -41.587  66.122 0.0000000000
50536  -39.675  -40.265  65.743 0.0000000000
68985  -44.001  -24.296  63.781 0.0000000000
69027  -47.742  -23.614  62.036 0.0000000000
78052  -51.118  -15.743  53.809 0.0000000000
70303  -45.607  -23.075  54.126 0.0000000000
81432  -51.805  -12.358  46.853 0.0000000000
39092  -9.971  -50.209  74.958 0.0000000000
64527  -45.460  -27.500  65.219 0.0000000000
69076  -40.322  -24.030  59.494 0.0000000000
49464  -29.303  -41.559  67.168 0.0000000000
47249  -33.071  -42.280  72.736 0.0000000000
72560  -51.295  -21.079  60.950 0.0000000000
84714  -59.346  -10.106  44.125 0.0000000000
54056  -40.563  -36.144  63.956 0.0000000000
56360  -42.331  -34.193  63.540 0.0000000000
50494  -22.017  -39.837  68.398 0.0000000000
51728  -36.622  -38.919  63.548 0.0000000000
52857  -38.851  -38.020  64.248 0.0000000000
52837  -41.216  -38.514  66.427 0.0000000000
69059  -43.261  -24.534  60.221 0.0000000000
69025  -45.907  -24.217  62.456 0.0000000000
69081  -45.154  -24.440  58.649 0.0000000000
80227  -51.437  -13.742  53.549 0.0000000000
78042  -53.348  -15.362  55.735 0.0000000000
82427  -54.480  -11.480  52.644 0.0000000000
41362  -11.939  -47.795  70.724 0.0000000000
40175  -11.733  -49.064  74.697 0.0000000000
62256  -44.614  -29.996  62.235 0.0000000000
61083  -46.312  -30.330  65.723 0.0000000000
64551  -43.649  -26.944  61.508 0.0000000000
66825  -41.957  -25.648  61.858 0.0000000000
66844  -39.927  -25.213  59.835 0.0000000000
48244  -25.068  -41.742  74.255 0.0000000000
48190  -25.341  -42.081  77.123 0.0000000000
47168  -27.417  -42.360  77.346 0.0000000000
47171  -30.066  -42.395  76.840 0.0000000000
50554  -26.832  -40.482  65.189 0.0000000000
50581  -28.753  -39.783  64.080 0.0000000000
48362  -36.270  -41.797  68.575 0.0000000000
48335  -33.436  -42.465  69.575 0.0000000000
48286  -35.518  -41.420  72.518 0.0000000000
48234  -35.436  -41.488  75.424 0.0000000000
46135  -15.929  -43.530  70.408 0.0000000000
47210  -16.998  -42.486  74.222 0.0000000000
47167  -16.208  -42.450  77.673 0.0000000000
71546  -47.427  -21.659  53.138 0.0000000000
71477  -47.855  -21.890  57.250 0.0000000000
72667  -49.873  -20.835  55.768 0.0000000000
83641  -61.319  -10.232  42.639 0.0000000000
41285  -12.211  -47.179  77.319 0.0000000000
56263  -43.354  -35.751  69.966 0.0000000000
57440  -44.442  -34.259  68.673 0.0000000000
56321  -43.422  -34.524  65.609 0.0000000000
58744  -43.259  -32.131  62.593 0.0000000000
48295  -18.891  -41.018  71.743 0.0000000000
49317  -20.181  -40.936  74.521 0.0000000000
49375  -20.867  -40.423  71.554 0.0000000000
49378  -23.167  -40.205  71.446 0.0000000000
49381  -25.868  -41.530  71.557 0.0000000000
50604  -31.755  -40.063  63.470 0.0000000000
50606  -34.096  -39.957  63.251 0.0000000000
49496  -37.294  -41.614  66.137 0.0000000000
48365  -39.373  -41.651  68.341 0.0000000000
49449  -42.053  -40.454  68.962 0.0000000000
52802  -42.587  -37.944  69.137 0.0000000000
48351  -18.398  -41.575  68.417 0.0000000000
67848  -44.676  -24.958  67.402 0.0000000000
67798  -45.976  -24.871  70.184 0.0000000000
68953  -45.413  -23.670  66.401 0.0000000000
70169  -47.327  -21.981  65.962 0.0000000000
75915  -50.380  -17.826  53.432 0.0000000000
73776  -52.170  -19.972  55.731 0.0000000000
75888  -53.729  -17.773  55.870 0.0000000000
34705  -5.209  -53.410  75.991 0.0000000000
69155  -43.927  -23.687  55.419 0.0000000000
71576  -44.050  -21.378  51.544 0.0000000000
75933  -47.019  -17.637  51.459 0.0000000000
78082  -48.329  -15.430  51.061 0.0000000000
79174  -49.637  -14.325  51.053 0.0000000000
80278  -51.485  -13.449  50.501 0.0000000000
81388  -53.261  -12.836  49.970 0.0000000000
81416  -50.214  -12.993  47.209 0.0000000000
40155  -10.096  -48.791  77.422 0.0000000000
39082  -7.905  -50.171  77.440 0.0000000000
36884  -6.416  -51.965  77.266 0.0000000000
62149  -46.477  -29.660  71.481 0.0000000000
58693  -45.666  -32.484  68.529 0.0000000000
62199  -46.031  -29.362  68.317 0.0000000000
64491  -45.056  -27.022  68.160 0.0000000000
66779  -43.991  -25.600  64.748 0.0000000000
69038  -42.434  -24.605  61.281 0.0000000000
69114  -40.589  -23.610  57.604 0.0000000000
48187  -22.437  -41.620  77.563 0.0000000000
49461  -26.110  -40.804  67.828 0.0000000000
48299  -28.259  -42.532  70.945 0.0000000000
49466  -31.448  -41.905  66.918 0.0000000000
47290  -30.948  -42.702  70.023 0.0000000000
47232  -30.246  -42.816  73.391 0.0000000000
48215  -32.572  -41.727  76.654 0.0000000000
43686  -13.581  -46.027  70.187 0.0000000000
44869  -14.682  -44.737  70.094 0.0000000000
43647  -14.519  -45.541  73.564 0.0000000000
69120  -46.209  -23.205  57.095 0.0000000000
70236  -49.149  -22.475  60.240 0.0000000000
72524  -51.267  -20.707  63.803 0.0000000000
72580  -52.390  -19.828  59.646 0.0000000000
82461  -54.991  -11.950  49.519 0.0000000000
82463  -56.753  -11.431  48.966 0.0000000000
83569  -58.028  -10.734  48.027 0.0000000000
83612  -57.760  -10.853  45.525 0.0000000000
83580  -59.979  -9.462  47.238 0.0000000000
54067  -39.562  -35.843  62.870 0.0000000000
55261  -40.000  -34.811  62.068 0.0000000000
56397  -38.886  -34.397  60.913 0.0000000000
52874  -37.740  -37.691  63.303 0.0000000000
52897  -38.631  -36.628  63.045 0.0000000000
52876  -39.549  -36.993  64.064 0.0000000000
69116  -42.650  -23.923  57.376 0.0000000000
69080  -44.390  -24.456  58.975 0.0000000000
69117  -43.613  -23.917  57.250 0.0000000000
81351  -52.512  -12.714  53.628 0.0000000000
81341  -52.709  -12.963  54.481 0.0000000000
81342  -53.173  -12.338  54.220 0.0000000000
82415  -53.683  -11.706  54.012 0.0000000000
81353  -53.689  -11.970  52.604 0.0000000000
41335  -13.034  -47.624  72.299 0.0000000000
40199  -12.264  -48.262  72.630 0.0000000000
41306  -12.687  -47.906  73.903 0.0000000000
63415  -43.771  -28.423  60.423 0.0000000000
63401  -44.365  -28.582  61.410 0.0000000000
64564  -43.403  -27.137  60.815 0.0000000000
65728  -42.421  -26.465  61.226 0.0000000000
65741  -41.246  -26.314  59.801 0.0000000000
48206  -18.347  -41.418  76.434 0.0000000000
48246  -26.589  -42.421  74.097 0.0000000000
48211  -26.463  -42.341  76.146 0.0000000000
47196  -27.167  -42.517  75.018 0.0000000000
48193  -29.373  -42.376  77.586 0.0000000000
47198  -29.140  -42.696  75.217 0.0000000000
48320  -37.553  -41.294  70.407 0.0000000000
48318  -35.858  -41.538  70.560 0.0000000000
48288  -36.927  -40.808  72.394 0.0000000000
49324  -36.640  -40.910  73.974 0.0000000000
47242  -17.637  -42.006  72.286 0.0000000000
47211  -17.684  -41.842  74.565 0.0000000000
48223  -17.332  -41.883  75.895 0.0000000000
63290  -46.769  -28.481  71.564 0.0000000000
72724  -48.464  -20.654  53.001 0.0000000000
72684  -49.166  -21.228  55.051 0.0000000000
72685  -50.038  -20.724  54.649 0.0000000000
55150  -42.856  -36.168  68.097 0.0000000000
56289  -43.289  -35.425  67.840 0.0000000000
55189  -42.769  -35.508  65.678 0.0000000000
57506  -42.991  -33.167  63.381 0.0000000000
58755  -42.419  -32.125  61.617 0.0000000000
59921  -42.708  -31.424  61.373 0.0000000000
49418  -19.063  -40.852  70.090 0.0000000000
49374  -19.860  -40.726  71.860 0.0000000000
49398  -20.295  -40.438  70.588 0.0000000000
50495  -22.751  -39.870  68.417 0.0000000000
50467  -22.301  -39.766  70.172 0.0000000000
50469  -23.767  -40.075  70.408 0.0000000000
49379  -24.011  -40.455  71.227 0.0000000000
49402  -24.738  -40.580  70.295 0.0000000000
51746  -32.791  -39.194  62.018 0.0000000000
50590  -37.844  -39.547  64.504 0.0000000000
49534  -36.942  -40.337  64.676 0.0000000000
49519  -38.212  -40.719  65.411 0.0000000000
48405  -38.313  -41.692  66.736 0.0000000000
48389  -39.807  -41.460  67.549 0.0000000000
48342  -40.729  -41.433  69.015 0.0000000000
49472  -41.192  -40.636  67.444 0.0000000000
52850  -41.474  -37.492  66.332 0.0000000000
52822  -42.189  -38.367  67.822 0.0000000000
53981  -42.484  -37.061  68.292 0.0000000000
53961  -42.830  -37.100  69.580 0.0000000000
48352  -19.082  -41.227  68.369 0.0000000000
68951  -44.694  -24.540  65.569 0.0000000000
68934  -44.990  -23.992  66.926 0.0000000000
68968  -44.950  -24.146  65.138 0.0000000000
69026  -46.940  -24.032  62.311 0.0000000000
70185  -46.395  -23.066  64.806 0.0000000000
69007  -47.530  -23.506  62.941 0.0000000000
71378  -48.549  -21.509  65.872 0.0000000000
70206  -48.419  -22.592  63.250 0.0000000000
76965  -50.569  -17.063  53.604 0.0000000000
75900  -51.509  -17.518  54.204 0.0000000000
76967  -51.882  -16.532  54.475 0.0000000000
78031  -55.097  -15.267  57.095 0.0000000000
76988  -48.014  -16.830  51.774 0.0000000000
78093  -47.301  -15.374  50.311 0.0000000000
79187  -48.319  -14.597  49.673 0.0000000000
80275  -49.139  -14.158  49.503 0.0000000000
80259  -50.103  -13.987  50.688 0.0000000000
80297  -49.860  -13.755  48.661 0.0000000000
80298  -50.934  -13.458  49.000 0.0000000000
39109  -10.262  -49.704  73.392 0.0000000000
38027  -8.567  -50.792  74.457 0.0000000000
41280  -11.215  -47.317  78.785 0.0000000000
40156  -10.729  -48.513  77.281 0.0000000000
41273  -9.761  -48.118  79.209 0.0000000000
40148  -7.986  -49.583  78.551 0.0000000000
37986  -7.068  -51.045  78.722 0.0000000000
38006  -7.009  -50.862  77.615 0.0000000000
36873  -7.039  -51.916  78.617 0.0000000000
35792  -6.510  -52.738  77.896 0.0000000000
57453  -44.970  -33.391  67.408 0.0000000000
57441  -45.129  -33.429  68.552 0.0000000000
58699  -45.423  -32.796  67.346 0.0000000000
63369  -45.930  -28.430  65.374 0.0000000000
61068  -46.484  -30.021  67.105 0.0000000000
63363  -45.878  -28.366  66.421 0.0000000000
63340  -45.760  -28.452  68.148 0.0000000000
64519  -45.159  -27.393  66.384 0.0000000000
65651  -44.465  -26.046  66.350 0.0000000000
65665  -44.235  -26.094  65.263 0.0000000000
67952  -41.026  -24.726  61.001 0.0000000000
67930  -42.318  -25.165  62.063 0.0000000000
69057  -41.303  -24.461  60.585 0.0000000000
69077  -41.354  -23.990  59.536 0.0000000000
69095  -40.418  -23.716  58.609 0.0000000000
49319  -21.793  -40.959  74.276 0.0000000000
49298  -21.424  -41.283  76.058 0.0000000000
49300  -22.842  -41.323  75.842 0.0000000000
49487  -27.883  -41.336  66.547 0.0000000000
50531  -26.112  -40.602  66.288 0.0000000000
49462  -27.105  -41.218  67.404 0.0000000000
49424  -27.189  -41.518  69.302 0.0000000000
48355  -29.012  -41.917  68.656 0.0000000000
49530  -33.162  -40.911  64.964 0.0000000000
49513  -31.790  -41.102  65.566 0.0000000000
49492  -33.047  -41.487  66.380 0.0000000000
47266  -33.403  -42.296  71.529 0.0000000000
48334  -32.445  -42.656  69.273 0.0000000000
47279  -32.109  -42.771  70.795 0.0000000000
47263  -30.587  -42.903  71.525 0.0000000000
47248  -31.881  -42.639  72.622 0.0000000000
47216  -31.513  -42.570  74.557 0.0000000000
47218  -32.946  -41.911  74.971 0.0000000000
49388  -41.813  -40.493  71.827 0.0000000000
44870  -15.259  -44.150  70.361 0.0000000000
44831  -15.554  -44.174  72.565 0.0000000000
43661  -14.463  -45.649  72.360 0.0000000000
47151  -15.473  -42.744  78.910 0.0000000000
69180  -44.670  -23.504  54.403 0.0000000000
69136  -45.236  -23.285  56.038 0.0000000000
70275  -46.120  -22.640  55.808 0.0000000000
72598  -49.816  -21.264  59.072 0.0000000000
71449  -48.998  -22.046  59.066 0.0000000000
71451  -50.007  -21.632  60.238 0.0000000000
71423  -50.302  -21.499  62.584 0.0000000000
72550  -51.553  -20.952  62.274 0.0000000000
73757  -53.506  -19.220  57.421 0.0000000000
73739  -52.854  -19.588  58.050 0.0000000000
73724  -53.765  -18.862  59.441 0.0000000000
81418  -52.492  -12.646  47.793 0.0000000000
81389  -54.226  -12.452  49.738 0.0000000000
81419  -53.470  -12.370  47.621 0.0000000000
82486  -55.474  -11.871  47.377 0.0000000000
82487  -56.401  -11.580  47.333 0.0000000000
83555  -57.429  -11.014  48.633 0.0000000000
82488  -57.199  -11.310  47.234 0.0000000000
84726  -57.945  -10.156  43.726 0.0000000000
83639  -57.150  -10.281  44.114 0.0000000000
83627  -58.363  -10.359  44.615 0.0000000000
83592  -58.943  -10.688  46.493 0.0000000000
83615  -60.428  -10.003  45.775 0.0000000000
84715  -60.542  -9.945  44.666 0.0000000000
84730  -62.413  -10.126  43.691 0.0000000000
54040  -41.456  -36.294  65.184 0.0000000000
55210  -41.798  -35.543  64.587 0.0000000000
55247  -41.183  -34.958  62.977 0.0000000000
56378  -40.880  -34.347  62.137 0.0000000000
49439  -20.487  -40.458  68.438 0.0000000000
51750  -36.571  -38.196  63.140 0.0000000000
51729  -37.583  -38.466  63.716 0.0000000000
51680  -38.952  -39.069  64.915 0.0000000000
51682  -40.293  -38.891  65.752 0.0000000000
52848  -40.079  -38.277  65.408 0.0000000000
54022  -40.845  -37.195  65.337 0.0000000000
69023  -43.887  -24.514  62.187 0.0000000000
69004  -44.339  -24.179  63.207 0.0000000000
69040  -44.263  -24.601  61.170 0.0000000000
67941  -45.124  -24.692  60.534 0.0000000000
67955  -46.656  -24.603  60.276 0.0000000000
79144  -50.881  -14.221  53.219 0.0000000000
78053  -51.897  -15.301  54.513 0.0000000000
79134  -52.001  -14.429  54.490 0.0000000000
80212  -53.377  -13.911  56.210 0.0000000000
83502  -55.925  -10.793  52.209 0.0000000000
40182  -10.842  -49.446  73.271 0.0000000000
39102  -11.231  -49.549  74.471 0.0000000000
59905  -44.840  -31.226  63.661 0.0000000000
59890  -45.940  -31.415  65.445 0.0000000000
62243  -45.468  -29.581  63.339 0.0000000000
63384  -45.415  -28.601  63.296 0.0000000000
64544  -44.485  -26.988  62.679 0.0000000000
65694  -43.875  -26.563  63.146 0.0000000000
65710  -43.100  -26.469  61.881 0.0000000000
66835  -41.397  -25.655  61.279 0.0000000000
69055  -39.823  -24.541  59.720 0.0000000000
49322  -24.287  -41.427  74.178 0.0000000000
48226  -24.054  -41.479  75.599 0.0000000000
48210  -25.510  -41.938  76.190 0.0000000000
48191  -26.140  -42.243  76.979 0.0000000000
47158  -30.346  -42.787  78.061 0.0000000000
50555  -28.018  -40.493  64.983 0.0000000000
50534  -29.474  -41.068  65.537 0.0000000000
48385  -35.907  -41.847  67.554 0.0000000000
48383  -33.835  -41.994  67.495 0.0000000000
48361  -35.231  -41.906  68.556 0.0000000000
48317  -34.880  -41.891  70.533 0.0000000000
48285  -34.333  -41.784  72.699 0.0000000000
48267  -34.296  -41.676  74.051 0.0000000000
48268  -35.174  -41.426  73.637 0.0000000000
47288  -17.223  -42.298  69.150 0.0000000000
47257  -16.826  -42.570  70.926 0.0000000000
46086  -16.352  -43.101  74.067 0.0000000000
46074  -15.601  -43.681  75.835 0.0000000000
47194  -16.827  -42.360  75.588 0.0000000000
71519  -46.896  -22.192  53.616 0.0000000000
71493  -46.778  -22.138  55.459 0.0000000000
71507  -47.534  -21.807  55.071 0.0000000000
72644  -48.986  -21.156  57.187 0.0000000000
72599  -50.420  -20.744  58.705 0.0000000000
82501  -52.251  -11.850  46.086 0.0000000000
81433  -52.789  -12.232  46.882 0.0000000000
82521  -52.749  -11.395  45.388 0.0000000000
84727  -58.874  -9.992  43.316 0.0000000000
84728  -60.198  -10.127  43.243 0.0000000000
84739  -59.214  -9.975  42.285 0.0000000000
84740  -60.367  -10.186  42.002 0.0000000000
42447  -13.343  -46.639  75.689 0.0000000000
41295  -12.669  -47.754  75.344 0.0000000000
57422  -44.284  -34.801  70.352 0.0000000000
56277  -43.750  -34.884  68.785 0.0000000000
56290  -43.886  -34.712  67.710 0.0000000000
57475  -44.204  -33.390  65.385 0.0000000000
56340  -42.762  -34.476  64.501 0.0000000000
57488  -43.357  -33.667  64.385 0.0000000000
58725  -44.288  -32.075  63.936 0.0000000000
59913  -43.555  -31.539  62.319 0.0000000000
62281  -43.618  -29.694  60.951 0.0000000000
48279  -18.396  -41.482  72.812 0.0000000000
49316  -19.410  -40.972  74.637 0.0000000000
49354  -19.925  -40.827  72.929 0.0000000000
49355  -20.595  -40.682  72.638 0.0000000000
49337  -22.075  -40.791  73.288 0.0000000000
49399  -21.377  -40.001  70.389 0.0000000000
49376  -21.741  -40.175  71.413 0.0000000000
49338  -22.963  -40.993  73.192 0.0000000000
49359  -24.316  -41.103  72.282 0.0000000000
49360  -25.216  -41.476  72.412 0.0000000000
48282  -26.241  -42.042  72.219 0.0000000000
50605  -32.884  -40.147  63.378 0.0000000000
49531  -34.217  -40.965  64.760 0.0000000000
50608  -35.910  -39.603  63.631 0.0000000000
49532  -35.250  -40.930  64.615 0.0000000000
48412  -35.673  -41.568  65.879 0.0000000000
48386  -36.936  -41.862  67.591 0.0000000000
48339  -37.718  -41.487  69.710 0.0000000000
49407  -38.674  -40.944  70.884 0.0000000000
49364  -39.320  -40.742  72.650 0.0000000000
49408  -39.640  -40.912  70.843 0.0000000000
49410  -41.586  -40.663  70.804 0.0000000000
49411  -42.385  -40.153  70.885 0.0000000000
50517  -41.593  -39.945  67.324 0.0000000000
50500  -42.456  -39.748  69.048 0.0000000000
50471  -42.695  -39.239  70.923 0.0000000000
52762  -43.017  -37.647  70.946 0.0000000000
48325  -17.893  -41.800  69.317 0.0000000000
65613  -45.239  -26.083  69.397 0.0000000000
67814  -45.297  -24.879  69.383 0.0000000000
68901  -45.310  -24.043  68.792 0.0000000000
70124  -46.408  -22.773  68.427 0.0000000000
70184  -45.506  -23.753  64.661 0.0000000000
70168  -46.635  -22.635  65.799 0.0000000000
74861  -49.342  -18.654  52.816 0.0000000000
72686  -50.893  -20.085  54.478 0.0000000000
73821  -51.188  -19.176  54.102 0.0000000000
74835  -53.456  -18.838  55.874 0.0000000000
74827  -54.432  -18.348  57.416 0.0000000000
76953  -53.456  -16.588  55.573 0.0000000000
75879  -54.475  -17.602  56.556 0.0000000000
69176  -41.371  -24.110  54.574 0.0000000000
69154  -43.044  -23.860  55.486 0.0000000000
69203  -42.751  -23.802  53.805 0.0000000000
70330  -43.223  -23.456  53.063 0.0000000000
70331  -44.635  -23.433  53.328 0.0000000000
71543  -45.336  -22.767  52.410 0.0000000000
71564  -45.829  -21.718  52.198 0.0000000000
72737  -46.528  -20.317  51.797 0.0000000000
73848  -47.880  -19.649  52.302 0.0000000000
74873  -47.619  -18.625  52.009 0.0000000000
75923  -48.561  -17.754  52.344 0.0000000000
76989  -48.936  -16.633  52.339 0.0000000000
78073  -49.337  -15.485  52.221 0.0000000000
79171  -47.757  -14.992  50.005 0.0000000000
79160  -48.943  -15.038  50.941 0.0000000000
79151  -49.632  -14.669  52.029 0.0000000000
80235  -50.636  -13.786  52.197 0.0000000000
80247  -51.070  -13.474  51.802 0.0000000000
81372  -52.422  -12.916  51.636 0.0000000000
81373  -53.205  -12.714  51.147 0.0000000000
81387  -52.284  -13.194  50.461 0.0000000000
81403  -52.116  -13.150  48.974 0.0000000000
81417  -51.294  -12.983  47.775 0.0000000000
82500  -51.250  -11.836  46.005 0.0000000000
41294  -12.097  -48.365  75.609 0.0000000000
40166  -11.037  -49.307  76.192 0.0000000000
39089  -9.752  -49.961  76.313 0.0000000000
41277  -8.933  -48.615  78.704 0.0000000000
40153  -8.557  -49.305  77.831 0.0000000000
39088  -8.667  -50.378  76.721 0.0000000000
38015  -8.231  -50.906  76.294 0.0000000000
36893  -6.684  -51.568  76.476 0.0000000000
36892  -5.730  -52.280  76.037 0.0000000000
35804  -5.714  -52.713  76.808 0.0000000000
63289  -45.932  -28.547  71.113 0.0000000000
59857  -45.663  -31.748  70.596 0.0000000000
59873  -46.453  -31.274  67.307 0.0000000000
59867  -46.225  -31.308  68.442 0.0000000000
62172  -45.767  -29.664  70.376 0.0000000000
63312  -45.560  -28.563  70.094 0.0000000000
64479  -45.079  -26.889  69.076 0.0000000000
65636  -44.764  -25.939  67.350 0.0000000000
66765  -44.353  -25.473  65.744 0.0000000000
67903  -43.904  -24.596  64.135 0.0000000000
66811  -43.087  -25.716  62.964 0.0000000000
67931  -42.805  -25.034  62.329 0.0000000000
69022  -43.173  -24.688  62.008 0.0000000000
69058  -42.307  -24.371  60.384 0.0000000000
69078  -42.371  -24.106  59.397 0.0000000000
69115  -41.639  -23.821  57.493 0.0000000000
66863  -40.448  -26.418  58.477 0.0000000000
66861  -38.533  -25.030  58.426 0.0000000000
67963  -38.873  -24.641  59.033 0.0000000000
69112  -38.394  -23.597  57.778 0.0000000000
69113  -39.492  -23.468  57.711 0.0000000000
69130  -39.719  -23.621  56.654 0.0000000000
69151  -39.997  -23.921  55.614 0.0000000000
69175  -40.316  -24.121  54.588 0.0000000000
48188  -23.475  -41.762  77.423 0.0000000000
50529  -23.959  -40.094  66.481 0.0000000000
50530  -25.008  -40.298  66.471 0.0000000000
50498  -25.129  -40.454  68.333 0.0000000000
49422  -25.633  -40.900  69.431 0.0000000000
48297  -26.982  -42.038  71.248 0.0000000000
47244  -28.141  -42.778  72.039 0.0000000000
50583  -31.038  -40.296  64.267 0.0000000000
49511  -30.282  -41.092  65.525 0.0000000000
49465  -30.342  -41.810  67.136 0.0000000000
48382  -32.789  -42.176  67.607 0.0000000000
48357  -31.111  -42.338  68.476 0.0000000000
48356  -30.059  -42.183  68.340 0.0000000000
48314  -29.434  -42.562  70.117 0.0000000000
47245  -28.989  -42.982  72.208 0.0000000000
47231  -29.287  -42.854  73.239 0.0000000000
47199  -30.093  -42.696  75.311 0.0000000000
48214  -31.816  -41.957  76.529 0.0000000000
42516  -13.220  -46.770  70.484 0.0000000000
42491  -13.566  -47.000  72.607 0.0000000000
46148  -14.826  -44.208  68.847 0.0000000000
44892  -14.324  -44.703  69.172 0.0000000000
43687  -14.282  -45.324  70.324 0.0000000000
43660  -13.873  -46.396  71.941 0.0000000000
43633  -14.086  -46.139  74.150 0.0000000000
43619  -13.937  -45.930  75.214 0.0000000000
46061  -15.432  -43.596  76.881 0.0000000000
69118  -44.535  -23.832  57.113 0.0000000000
69082  -46.066  -24.364  58.683 0.0000000000
69083  -47.253  -24.043  59.173 0.0000000000
70253  -47.621  -22.595  57.821 0.0000000000
69084  -48.085  -23.274  59.339 0.0000000000
70228  -48.639  -23.091  60.711 0.0000000000
71408  -49.502  -21.756  63.239 0.0000000000
72647  -51.466  -20.416  56.081 0.0000000000
72600  -51.230  -20.194  58.208 0.0000000000
72579  -51.399  -20.347  59.539 0.0000000000
81374  -54.064  -12.399  50.798 0.0000000000
82448  -54.907  -12.007  50.530 0.0000000000
82438  -55.654  -11.527  51.314 0.0000000000
82473  -54.139  -12.287  48.199 0.0000000000
82462  -55.888  -11.782  49.236 0.0000000000
82450  -56.628  -11.395  49.994 0.0000000000
83536  -57.388  -10.898  49.610 0.0000000000
83538  -58.712  -9.882  49.818 0.0000000000
82526  -57.079  -11.203  45.921 0.0000000000
82508  -58.270  -10.985  46.688 0.0000000000
83579  -58.978  -10.214  47.512 0.0000000000
84716  -61.778  -9.579  44.684 0.0000000000
54086  -38.570  -35.575  61.878 0.0000000000
55244  -39.014  -35.370  61.989 0.0000000000
52920  -37.775  -36.373  62.164 0.0000000000
54066  -38.784  -36.029  62.583 0.0000000000
69133  -42.825  -23.879  56.406 0.0000000000
81362  -52.459  -12.734  52.656 0.0000000000
82405  -53.733  -11.911  54.912 0.0000000000
82426  -53.840  -11.678  53.235 0.0000000000
41319  -12.667  -47.987  72.905 0.0000000000
64590  -42.820  -27.720  59.400 0.0000000000
64578  -43.148  -27.538  60.033 0.0000000000
65742  -42.245  -26.697  60.202 0.0000000000
65755  -41.859  -26.874  59.330 0.0000000000
48225  -18.575  -41.400  75.607 0.0000000000
48243  -18.740  -41.266  74.759 0.0000000000
47197  -28.116  -42.676  75.130 0.0000000000
49406  -37.735  -41.014  70.860 0.0000000000
49405  -37.179  -40.912  71.186 0.0000000000
49383  -37.379  -40.790  71.695 0.0000000000
49343  -37.894  -40.709  73.354 0.0000000000
48224  -17.860  -41.660  75.585 0.0000000000
72708  -49.034  -20.842  53.644 0.0000000000
72709  -50.137  -20.113  53.797 0.0000000000
55168  -42.718  -36.163  66.799 0.0000000000
58769  -41.112  -32.514  60.845 0.0000000000
58742  -42.171  -32.619  61.789 0.0000000000
49419  -19.707  -40.715  69.507 0.0000000000
50481  -22.927  -39.763  69.322 0.0000000000
50482  -23.703  -39.955  69.457 0.0000000000
50483  -24.315  -40.242  69.714 0.0000000000
49520  -38.981  -40.342  65.424 0.0000000000
49498  -38.999  -41.068  66.200 0.0000000000
49470  -39.654  -41.190  66.907 0.0000000000
49471  -40.483  -40.906  67.122 0.0000000000
49499  -39.884  -40.681  66.419 0.0000000000
54002  -41.971  -37.027  66.958 0.0000000000
54003  -42.510  -36.602  67.520 0.0000000000
48327  -19.318  -41.025  68.928 0.0000000000
68967  -44.413  -24.450  64.571 0.0000000000
69043  -47.299  -24.167  61.414 0.0000000000
69008  -48.121  -23.273  62.559 0.0000000000
78051  -50.583  -16.411  53.517 0.0000000000
76966  -51.071  -16.785  53.943 0.0000000000
78032  -55.448  -15.413  57.470 0.0000000000
77011  -46.954  -15.834  50.547 0.0000000000
80276  -50.125  -13.901  49.661 0.0000000000
39100  -9.898  -50.276  73.976 0.0000000000
38034  -9.382  -50.353  73.811 0.0000000000
38028  -9.345  -50.503  74.363 0.0000000000
38020  -9.201  -50.591  75.270 0.0000000000
41279  -10.426  -47.813  78.540 0.0000000000
41266  -10.462  -48.055  79.467 0.0000000000
35793  -6.956  -52.681  78.287 0.0000000000
57463  -44.912  -33.111  66.478 0.0000000000
58708  -45.557  -32.493  66.332 0.0000000000
64528  -45.785  -28.065  64.837 0.0000000000
63368  -45.550  -27.927  65.976 0.0000000000
63362  -45.487  -27.884  66.443 0.0000000000
64518  -44.714  -26.728  65.822 0.0000000000
64526  -44.774  -26.658  64.653 0.0000000000
69056  -40.208  -24.482  59.938 0.0000000000
49309  -22.372  -41.200  75.097 0.0000000000
49310  -23.283  -41.295  75.166 0.0000000000
49488  -28.916  -41.369  66.380 0.0000000000
49463  -28.236  -41.461  67.363 0.0000000000
48354  -28.146  -41.708  68.854 0.0000000000
49444  -28.628  -41.669  68.070 0.0000000000
49515  -33.795  -41.291  65.697 0.0000000000
49514  -32.729  -41.155  65.697 0.0000000000
49493  -33.860  -41.717  66.537 0.0000000000
47280  -33.004  -42.564  70.690 0.0000000000
47265  -32.504  -42.614  71.664 0.0000000000
47234  -32.151  -42.478  73.694 0.0000000000
47235  -32.949  -42.159  74.035 0.0000000000
49367  -42.047  -40.482  72.638 0.0000000000
44795  -15.318  -44.221  74.883 0.0000000000
70302  -45.090  -23.335  54.350 0.0000000000
70287  -45.423  -23.031  55.065 0.0000000000
72577  -49.930  -21.401  59.526 0.0000000000
72559  -50.689  -21.287  60.551 0.0000000000
71442  -50.723  -21.420  61.355 0.0000000000
74806  -54.217  -18.470  58.654 0.0000000000
73740  -53.541  -19.022  58.391 0.0000000000
81404  -53.436  -12.567  48.743 0.0000000000
82505  -55.926  -11.656  46.543 0.0000000000
82506  -56.768  -11.426  46.553 0.0000000000
84713  -58.626  -10.132  43.944 0.0000000000
83628  -59.454  -10.267  44.994 0.0000000000
55209  -40.929  -35.940  64.195 0.0000000000
55230  -40.854  -35.609  63.479 0.0000000000
55246  -40.582  -34.925  62.483 0.0000000000
56399  -40.337  -34.128  61.589 0.0000000000
52918  -36.047  -36.861  61.628 0.0000000000
51730  -38.279  -38.049  63.823 0.0000000000
51703  -38.348  -38.838  64.317 0.0000000000
51704  -39.101  -38.456  64.685 0.0000000000
51681  -39.630  -38.777  65.183 0.0000000000
54055  -39.800  -36.384  63.531 0.0000000000
54038  -39.932  -36.893  64.257 0.0000000000
54039  -40.710  -36.643  64.644 0.0000000000
67953  -45.034  -24.670  59.651 0.0000000000
67965  -45.047  -24.586  59.138 0.0000000000
67954  -45.813  -24.731  60.013 0.0000000000
67966  -45.597  -24.630  59.266 0.0000000000
79133  -51.356  -14.590  53.917 0.0000000000
80220  -51.793  -13.920  54.163 0.0000000000
81323  -53.120  -13.346  55.570 0.0000000000
79095  -54.369  -14.150  57.092 0.0000000000
80200  -53.875  -13.640  56.745 0.0000000000
83488  -54.995  -10.730  53.452 0.0000000000
83489  -55.829  -10.340  53.157 0.0000000000
83501  -55.263  -10.918  52.699 0.0000000000
40184  -12.251  -48.467  73.250 0.0000000000
40198  -11.703  -48.549  72.291 0.0000000000
40183  -11.535  -49.177  73.527 0.0000000000
39110  -10.941  -49.638  73.781 0.0000000000
61098  -44.660  -30.693  62.987 0.0000000000
61099  -45.147  -30.575  63.454 0.0000000000
62257  -44.938  -29.690  62.577 0.0000000000
63392  -44.608  -28.164  61.775 0.0000000000
63393  -44.818  -28.440  62.215 0.0000000000
64553  -44.733  -27.620  62.419 0.0000000000
64545  -44.957  -27.641  62.998 0.0000000000
64543  -43.784  -26.691  62.340 0.0000000000
65727  -41.542  -26.170  60.762 0.0000000000
66845  -40.561  -25.515  60.223 0.0000000000
67950  -39.851  -24.852  59.871 0.0000000000
48227  -24.741  -41.633  75.241 0.0000000000
48228  -25.677  -41.955  75.197 0.0000000000
48212  -27.052  -42.319  76.704 0.0000000000
48192  -26.764  -42.242  76.976 0.0000000000
47170  -29.394  -42.426  76.967 0.0000000000
48194  -29.985  -42.359  77.415 0.0000000000
50556  -29.158  -40.503  64.909 0.0000000000
48337  -35.577  -41.833  69.561 0.0000000000
48302  -36.078  -41.284  71.536 0.0000000000
48301  -35.139  -41.630  71.542 0.0000000000
48300  -34.212  -41.938  71.477 0.0000000000
48251  -36.790  -41.230  74.621 0.0000000000
47274  -17.333  -42.117  70.147 0.0000000000
47273  -16.746  -42.613  69.886 0.0000000000
47227  -17.140  -42.556  72.872 0.0000000000
47209  -16.415  -42.860  74.841 0.0000000000
48205  -17.708  -41.615  76.535 0.0000000000
48204  -17.063  -41.859  76.628 0.0000000000
71506  -46.815  -22.116  54.498 0.0000000000
71520  -47.503  -21.772  54.090 0.0000000000
72666  -49.053  -21.165  56.207 0.0000000000
72645  -49.705  -20.904  56.869 0.0000000000
72621  -50.428  -20.632  57.559 0.0000000000
84738  -57.923  -9.910  42.532 0.0000000000
84757  -58.412  -9.837  41.371 0.0000000000
42413  -11.814  -46.871  79.176 0.0000000000
56264  -43.750  -35.115  69.767 0.0000000000
56276  -43.259  -35.560  68.957 0.0000000000
56304  -43.398  -35.167  66.696 0.0000000000
56305  -43.979  -34.418  66.684 0.0000000000
57462  -44.469  -33.781  66.573 0.0000000000
56322  -43.982  -34.012  66.065 0.0000000000
56339  -42.154  -34.812  64.009 0.0000000000
55211  -42.675  -35.008  65.090 0.0000000000
57525  -42.807  -32.798  62.672 0.0000000000
57507  -43.675  -32.606  63.660 0.0000000000
57489  -43.798  -32.902  64.245 0.0000000000
58732  -43.613  -32.210  63.113 0.0000000000
61133  -43.186  -30.404  61.070 0.0000000000
48280  -19.247  -41.009  72.812 0.0000000000
49336  -21.197  -40.778  73.443 0.0000000000
49356  -21.470  -40.547  72.420 0.0000000000
49420  -20.764  -40.218  69.444 0.0000000000
50479  -21.557  -39.869  69.284 0.0000000000
50455  -22.727  -39.833  70.554 0.0000000000
49377  -22.478  -39.971  71.071 0.0000000000
49357  -22.463  -40.472  72.162 0.0000000000
49358  -23.440  -40.740  72.252 0.0000000000
49339  -23.834  -41.202  73.217 0.0000000000
49380  -24.972  -40.998  71.398 0.0000000000
49361  -25.730  -41.708  72.231 0.0000000000
48281  -25.661  -41.885  72.692 0.0000000000
50617  -33.359  -39.636  62.600 0.0000000000
50616  -32.304  -39.743  62.664 0.0000000000
50585  -33.547  -40.582  64.077 0.0000000000
50586  -34.661  -40.456  63.997 0.0000000000
51749  -35.972  -38.335  62.875 0.0000000000
51727  -35.563  -39.118  63.119 0.0000000000
49518  -37.009  -41.158  65.428 0.0000000000
49533  -36.219  -40.674  64.658 0.0000000000
49517  -35.790  -41.304  65.341 0.0000000000
48413  -36.131  -41.602  65.890 0.0000000000
48403  -36.622  -41.778  66.516 0.0000000000
48364  -38.362  -41.765  68.499 0.0000000000
49426  -38.328  -41.243  70.188 0.0000000000
48340  -38.808  -41.499  69.325 0.0000000000
49427  -39.253  -41.226  70.047 0.0000000000
48343  -41.231  -41.203  68.809 0.0000000000
49429  -41.351  -40.991  69.569 0.0000000000
49430  -42.155  -40.331  69.870 0.0000000000
51668  -40.903  -38.986  66.269 0.0000000000
50538  -41.124  -39.635  66.675 0.0000000000
51669  -41.462  -39.055  66.798 0.0000000000
52801  -42.412  -38.416  68.527 0.0000000000
51650  -42.357  -39.070  68.338 0.0000000000
51651  -42.570  -38.888  69.158 0.0000000000
50484  -42.611  -39.537  69.977 0.0000000000
51641  -42.774  -38.623  70.033 0.0000000000
51628  -42.796  -38.335  70.914 0.0000000000
52781  -42.935  -37.800  70.149 0.0000000000
55138  -42.930  -36.307  69.208 0.0000000000
53943  -43.073  -37.199  70.392 0.0000000000
55125  -43.192  -36.511  70.301 0.0000000000
48310  -18.643  -41.077  70.659 0.0000000000
66742  -44.951  -25.335  68.294 0.0000000000
66730  -45.135  -25.376  68.943 0.0000000000
67833  -44.905  -24.796  68.188 0.0000000000
68918  -45.044  -23.959  67.833 0.0000000000
68935  -45.482  -23.444  67.314 0.0000000000
68919  -45.694  -23.358  68.210 0.0000000000
70136  -46.156  -22.793  67.644 0.0000000000
69005  -45.343  -23.959  63.543 0.0000000000
68987  -45.207  -23.851  64.181 0.0000000000
70152  -46.819  -22.119  66.944 0.0000000000
70153  -47.395  -21.770  66.568 0.0000000000
71377  -47.880  -21.611  66.286 0.0000000000
71361  -49.044  -21.214  66.266 0.0000000000
74862  -49.958  -18.664  53.171 0.0000000000
73838  -50.705  -19.240  53.761 0.0000000000
74847  -51.079  -18.200  53.899 0.0000000000
75901  -52.380  -17.682  54.688 0.0000000000
74849  -52.414  -18.711  54.794 0.0000000000
74834  -52.976  -18.303  55.293 0.0000000000
74826  -54.079  -18.540  56.775 0.0000000000
78041  -52.606  -15.882  55.107 0.0000000000
76944  -55.122  -16.694  57.088 0.0000000000
35803  -5.336  -53.007  76.319 0.0000000000
35811  -5.066  -52.826  75.586 0.0000000000
70352  -42.492  -22.840  52.306 0.0000000000
70353  -43.605  -23.139  52.176 0.0000000000
71562  -43.830  -22.241  51.898 0.0000000000
71563  -44.726  -22.021  52.041 0.0000000000
71577  -45.013  -21.194  51.557 0.0000000000
72736  -46.048  -20.274  51.574 0.0000000000
72722  -47.128  -20.368  52.102 0.0000000000
73862  -46.562  -19.740  51.671 0.0000000000
74884  -47.200  -18.132  51.788 0.0000000000
75913  -49.007  -18.285  52.654 0.0000000000
75922  -47.653  -17.696  51.812 0.0000000000
76999  -47.940  -16.108  51.274 0.0000000000
78072  -48.592  -15.946  51.717 0.0000000000
78063  -49.559  -16.305  52.718 0.0000000000
79173  -49.284  -14.472  50.521 0.0000000000
79172  -48.494  -14.920  50.390 0.0000000000
79161  -49.351  -14.752  51.424 0.0000000000
79162  -49.850  -14.251  51.513 0.0000000000
79152  -50.122  -14.236  52.233 0.0000000000
80277  -50.883  -13.663  50.090 0.0000000000
80260  -50.940  -13.584  50.974 0.0000000000
80261  -51.663  -13.281  51.247 0.0000000000
80299  -51.575  -13.459  49.785 0.0000000000
80315  -51.043  -13.321  48.311 0.0000000000
81402  -51.363  -13.277  48.494 0.0000000000
38032  -7.934  -50.503  73.543 0.0000000000
41288  -12.378  -47.504  76.704 0.0000000000
41287  -11.970  -48.200  76.298 0.0000000000
40161  -11.262  -48.680  76.670 0.0000000000
40160  -10.478  -49.157  76.734 0.0000000000
39090  -10.569  -49.585  76.196 0.0000000000
40159  -9.849  -49.286  77.048 0.0000000000
40136  -9.501  -48.877  79.409 0.0000000000
39075  -7.637  -49.982  78.230 0.0000000000
40152  -8.005  -49.507  78.100 0.0000000000
39083  -8.974  -49.732  77.201 0.0000000000
39087  -8.067  -50.609  76.812 0.0000000000
38005  -6.775  -51.308  77.722 0.0000000000
38013  -7.006  -51.067  77.120 0.0000000000
36885  -6.778  -51.361  77.293 0.0000000000
35798  -6.129  -52.641  77.487 0.0000000000
34686  -6.680  -53.544  77.883 0.0000000000
57429  -44.331  -34.512  69.663 0.0000000000
56253  -44.546  -34.730  70.948 0.0000000000
57430  -45.038  -33.782  69.688 0.0000000000
57442  -45.434  -32.915  69.089 0.0000000000
57431  -45.310  -33.159  69.460 0.0000000000
58686  -45.501  -32.491  69.750 0.0000000000
58678  -45.416  -32.575  70.699 0.0000000000
61091  -45.824  -30.682  64.607 0.0000000000
58709  -46.146  -31.766  66.427 0.0000000000
59882  -46.450  -30.851  66.434 0.0000000000
61061  -46.386  -30.093  67.797 0.0000000000
59868  -46.458  -30.716  67.892 0.0000000000
61060  -46.170  -30.252  68.569 0.0000000000
61054  -45.966  -30.506  69.511 0.0000000000
62187  -45.826  -29.486  69.363 0.0000000000
63339  -45.418  -27.748  67.784 0.0000000000
63326  -45.667  -28.522  69.087 0.0000000000
63325  -45.371  -27.702  68.687 0.0000000000
63311  -45.389  -27.641  69.626 0.0000000000
65637  -44.933  -26.533  67.604 0.0000000000
67883  -44.147  -24.958  64.864 0.0000000000
67882  -43.889  -25.104  64.413 0.0000000000
65693  -43.161  -26.148  62.903 0.0000000000
65679  -43.382  -26.005  63.561 0.0000000000
66810  -42.746  -25.694  62.413 0.0000000000
69037  -42.064  -24.748  61.552 0.0000000000
69021  -42.611  -24.849  61.942 0.0000000000
69002  -43.208  -24.862  62.533 0.0000000000
69039  -43.204  -24.604  61.224 0.0000000000
69096  -41.471  -23.813  58.521 0.0000000000
69131  -40.807  -23.782  56.563 0.0000000000
66862  -39.608  -25.863  58.232 0.0000000000
69092  -37.793  -24.128  58.296 0.0000000000
69093  -38.368  -24.074  58.685 0.0000000000
69129  -38.601  -23.522  56.727 0.0000000000
69150  -38.896  -23.715  55.651 0.0000000000
49306  -20.002  -41.109  75.421 0.0000000000
49307  -20.782  -41.158  75.291 0.0000000000
49289  -22.039  -41.361  76.663 0.0000000000
48209  -24.629  -41.717  76.315 0.0000000000
48208  -23.640  -41.555  76.334 0.0000000000
48189  -24.435  -41.896  77.270 0.0000000000
50514  -26.475  -40.909  66.983 0.0000000000
49460  -25.685  -40.642  67.961 0.0000000000
49441  -25.531  -40.676  68.442 0.0000000000
49442  -26.415  -41.046  68.555 0.0000000000
48312  -27.720  -42.026  70.253 0.0000000000
48311  -27.040  -41.743  70.129 0.0000000000
48298  -27.831  -42.311  70.918 0.0000000000
47243  -27.501  -42.459  71.812 0.0000000000
47260  -27.987  -42.538  71.372 0.0000000000
49512  -30.815  -41.127  65.553 0.0000000000
49490  -31.110  -41.481  66.271 0.0000000000
49489  -30.042  -41.334  66.141 0.0000000000
48360  -34.195  -42.126  68.533 0.0000000000
48359  -33.176  -42.434  68.447 0.0000000000
47291  -31.794  -42.754  70.014 0.0000000000
48358  -32.134  -42.443  68.423 0.0000000000
48332  -30.343  -42.526  69.592 0.0000000000
48331  -29.298  -42.246  69.416 0.0000000000
47289  -30.541  -42.654  70.041 0.0000000000
47247  -30.882  -42.809  72.508 0.0000000000
47262  -29.667  -42.954  71.396 0.0000000000
47246  -29.930  -42.952  72.378 0.0000000000
47214  -29.658  -42.786  74.289 0.0000000000
47215  -30.610  -42.768  74.418 0.0000000000
48230  -32.302  -41.828  76.020 0.0000000000
47201  -31.794  -42.193  75.543 0.0000000000
48249  -34.930  -41.422  74.753 0.0000000000
48248  -34.112  -41.559  75.063 0.0000000000
48233  -34.595  -41.526  75.718 0.0000000000
49386  -39.965  -40.773  71.774 0.0000000000
42503  -13.261  -47.196  71.368 0.0000000000
43673  -13.656  -46.456  71.029 0.0000000000
47272  -16.235  -43.137  69.634 0.0000000000
47286  -16.138  -43.180  68.814 0.0000000000
44893  -14.913  -44.290  69.551 0.0000000000
43702  -14.249  -44.996  69.759 0.0000000000
43646  -14.061  -46.277  73.054 0.0000000000
43634  -14.453  -45.406  74.660 0.0000000000
47178  -15.938  -43.036  76.758 0.0000000000
66720  -46.295  -25.471  70.561 0.0000000000
69178  -43.326  -23.824  54.639 0.0000000000
69134  -43.754  -23.792  56.313 0.0000000000
69119  -45.466  -23.561  56.945 0.0000000000
69101  -46.387  -23.707  57.893 0.0000000000
71494  -47.496  -21.843  56.212 0.0000000000
70276  -46.773  -22.286  56.259 0.0000000000
70246  -48.977  -22.365  59.559 0.0000000000
70245  -48.457  -22.560  59.044 0.0000000000
70235  -48.633  -22.952  59.806 0.0000000000
70229  -49.161  -22.520  61.170 0.0000000000
70221  -49.179  -22.445  62.148 0.0000000000
71410  -50.989  -20.939  63.267 0.0000000000
71409  -50.419  -21.078  63.508 0.0000000000
72523  -50.667  -20.856  64.029 0.0000000000
72669  -51.531  -20.144  55.202 0.0000000000
73723  -52.974  -19.432  59.087 0.0000000000
73738  -52.065  -19.966  57.630 0.0000000000
73722  -52.115  -19.834  58.692 0.0000000000
82449  -55.756  -11.723  50.249 0.0000000000
81434  -53.576  -12.177  46.829 0.0000000000
82485  -54.403  -12.163  47.299 0.0000000000
82475  -56.091  -11.719  48.230 0.0000000000
82474  -55.021  -11.944  48.403 0.0000000000
83518  -57.373  -10.639  50.954 0.0000000000
83556  -58.096  -10.621  49.029 0.0000000000
83557  -58.685  -10.090  49.280 0.0000000000
84654  -59.152  -9.555  49.495 0.0000000000
83570  -58.672  -10.234  48.465 0.0000000000
83626  -57.396  -10.577  44.738 0.0000000000
83625  -56.569  -10.623  44.611 0.0000000000
83610  -56.019  -11.006  45.176 0.0000000000
83611  -56.861  -10.959  45.294 0.0000000000
83593  -59.918  -10.208  46.648 0.0000000000
84680  -59.524  -9.430  48.035 0.0000000000
84681  -60.468  -8.815  47.774 0.0000000000
84729  -61.560  -10.002  43.585 0.0000000000
55229  -40.091  -35.647  62.928 0.0000000000
55245  -39.643  -35.365  62.377 0.0000000000
55260  -39.489  -34.842  61.762 0.0000000000
52919  -37.200  -36.587  62.043 0.0000000000
52896  -37.956  -36.767  62.736 0.0000000000
52875  -38.838  -37.193  63.624 0.0000000000
54054  -38.999  -36.551  63.205 0.0000000000
69079  -43.359  -24.338  59.192 0.0000000000
69098  -43.494  -24.095  58.213 0.0000000000
69099  -44.426  -24.171  58.012 0.0000000000
80237  -51.830  -13.135  53.127 0.0000000000
80228  -51.987  -13.258  54.014 0.0000000000
82406  -54.194  -11.216  54.730 0.0000000000
83463  -54.752  -10.677  55.500 0.0000000000
82416  -54.315  -11.223  53.753 0.0000000000
42502  -12.763  -47.652  71.026 0.0000000000
41333  -11.914  -48.171  71.645 0.0000000000
41334  -12.378  -48.017  72.079 0.0000000000
40176  -12.251  -48.557  74.311 0.0000000000
62268  -44.405  -29.701  61.823 0.0000000000
62269  -44.750  -29.213  62.069 0.0000000000
64565  -43.961  -27.644  61.024 0.0000000000
65729  -43.053  -26.743  61.244 0.0000000000
65743  -42.844  -26.855  60.714 0.0000000000
48185  -18.127  -41.372  77.125 0.0000000000
48245  -25.799  -42.144  74.218 0.0000000000
48229  -26.417  -42.299  75.063 0.0000000000
47180  -26.872  -42.473  75.629 0.0000000000
47181  -27.531  -42.529  76.219 0.0000000000
47169  -28.544  -42.472  77.266 0.0000000000
47182  -28.726  -42.583  76.196 0.0000000000
47183  -29.657  -42.544  76.162 0.0000000000
48338  -36.618  -41.639  69.616 0.0000000000
48319  -36.923  -41.197  70.664 0.0000000000
48287  -36.309  -41.086  72.389 0.0000000000
48269  -35.995  -41.037  73.317 0.0000000000
48270  -36.523  -40.846  72.961 0.0000000000
49325  -37.359  -40.935  74.035 0.0000000000
47228  -17.670  -41.980  73.470 0.0000000000
47195  -17.290  -41.991  75.161 0.0000000000
72707  -48.115  -21.063  53.087 0.0000000000
71521  -48.330  -21.555  54.505 0.0000000000
71547  -48.100  -21.417  53.678 0.0000000000
56379  -41.531  -34.210  62.593 0.0000000000
57505  -42.241  -33.669  63.012 0.0000000000
57524  -42.295  -33.182  62.429 0.0000000000
58743  -42.822  -32.238  62.153 0.0000000000
59912  -43.063  -31.638  61.912 0.0000000000
49397  -19.372  -40.750  70.746 0.0000000000
50480  -22.211  -39.713  69.233 0.0000000000
50468  -23.081  -39.821  70.131 0.0000000000
50457  -23.509  -40.111  70.988 0.0000000000
49401  -24.178  -40.310  70.560 0.0000000000
51702  -37.447  -39.164  64.058 0.0000000000
51701  -36.982  -39.448  63.976 0.0000000000
50560  -37.619  -40.186  64.917 0.0000000000
49497  -37.934  -41.434  66.040 0.0000000000
48404  -37.523  -41.796  66.742 0.0000000000
48388  -38.970  -41.686  67.362 0.0000000000
48341  -39.811  -41.501  69.145 0.0000000000
48366  -40.361  -41.455  68.173 0.0000000000
49447  -40.968  -41.064  67.851 0.0000000000
49448  -41.536  -40.761  68.280 0.0000000000
52838  -41.691  -38.138  66.868 0.0000000000
53980  -42.134  -37.678  67.622 0.0000000000
52823  -42.344  -37.875  68.266 0.0000000000
48326  -18.733  -41.192  69.459 0.0000000000
67864  -44.582  -24.856  66.332 0.0000000000
67849  -44.789  -24.480  67.228 0.0000000000
67865  -44.810  -24.407  66.458 0.0000000000
68952  -44.997  -24.137  66.060 0.0000000000
68969  -45.312  -23.885  65.676 0.0000000000
70204  -46.069  -23.701  64.140 0.0000000000
69006  -46.507  -23.843  63.273 0.0000000000
70205  -47.121  -23.221  63.913 0.0000000000
70186  -47.595  -22.379  64.792 0.0000000000
71391  -47.975  -21.824  65.545 0.0000000000
70187  -48.320  -22.055  64.185 0.0000000000
71407  -48.860  -21.823  63.957 0.0000000000
75899  -50.921  -17.477  53.819 0.0000000000
75887  -53.027  -17.440  55.294 0.0000000000
79112  -53.962  -14.682  56.556 0.0000000000
78030  -54.289  -15.906  56.262 0.0000000000
76945  -55.472  -15.796  57.493 0.0000000000
84627  -58.142  -9.869  51.215 0.0000000000
72734  -44.366  -20.436  51.219 0.0000000000
76997  -46.375  -16.833  50.644 0.0000000000
76987  -47.458  -17.206  51.510 0.0000000000
76998  -47.114  -16.668  50.995 0.0000000000
78081  -47.599  -15.757  50.790 0.0000000000
80258  -49.679  -14.136  50.093 0.0000000000
80314  -50.500  -13.388  48.048 0.0000000000
38019  -8.380  -51.004  75.402 0.0000000000
41284  -11.456  -47.695  77.600 0.0000000000
41283  -10.302  -48.229  77.846 0.0000000000
41278  -9.535  -48.370  78.391 0.0000000000
39065  -8.542  -49.849  79.072 0.0000000000
39064  -7.662  -50.052  78.877 0.0000000000
39063  -7.279  -50.445  78.411 0.0000000000
39081  -7.383  -50.560  77.608 0.0000000000
37996  -6.910  -50.864  78.132 0.0000000000
37995  -6.754  -51.504  78.056 0.0000000000
36877  -6.559  -52.124  77.917 0.0000000000
36872  -6.778  -52.208  78.215 0.0000000000
57452  -44.505  -34.041  67.592 0.0000000000
58692  -45.267  -33.012  67.960 0.0000000000
62231  -46.070  -29.525  64.962 0.0000000000
62223  -46.427  -29.972  66.193 0.0000000000
62222  -46.329  -29.299  66.003 0.0000000000
62215  -46.181  -29.038  66.852 0.0000000000
62207  -46.065  -29.068  67.566 0.0000000000
63352  -45.816  -28.403  67.300 0.0000000000
64504  -45.113  -27.168  67.311 0.0000000000
64503  -44.811  -26.611  66.830 0.0000000000
67929  -41.589  -25.293  61.603 0.0000000000
67940  -41.513  -24.883  61.372 0.0000000000
49318  -20.970  -40.953  74.391 0.0000000000
49308  -21.570  -41.174  75.169 0.0000000000
49299  -22.161  -41.301  75.915 0.0000000000
48207  -22.764  -41.484  76.633 0.0000000000
47154  -26.091  -42.688  78.327 0.0000000000
48171  -25.238  -42.238  78.056 0.0000000000
50532  -27.228  -41.034  66.047 0.0000000000
50515  -26.974  -41.188  66.740 0.0000000000
49443  -27.519  -41.451  68.611 0.0000000000
48353  -27.755  -41.589  68.956 0.0000000000
48330  -28.384  -41.987  69.481 0.0000000000
50584  -32.261  -40.541  64.420 0.0000000000
50559  -31.951  -40.790  65.033 0.0000000000
49529  -32.385  -40.888  65.139 0.0000000000
49491  -32.109  -41.481  66.302 0.0000000000
47278  -31.215  -42.793  70.748 0.0000000000
47264  -31.528  -42.807  71.639 0.0000000000
47233  -31.204  -42.713  73.528 0.0000000000
47217  -32.303  -42.249  74.708 0.0000000000
48231  -32.974  -41.672  75.874 0.0000000000
44850  -15.672  -43.878  71.413 0.0000000000
44849  -14.947  -44.869  71.408 0.0000000000
44830  -14.976  -44.876  72.976 0.0000000000
47152  -15.888  -42.399  78.439 0.0000000000
69179  -44.122  -23.658  54.616 0.0000000000
69135  -44.609  -23.593  56.187 0.0000000000
69156  -44.758  -23.379  55.262 0.0000000000
70262  -45.813  -23.018  56.432 0.0000000000
71478  -48.648  -21.481  57.666 0.0000000000
71463  -48.142  -22.016  57.934 0.0000000000
71465  -49.241  -21.581  58.716 0.0000000000
71450  -49.595  -21.782  59.644 0.0000000000
71440  -49.674  -21.995  60.595 0.0000000000
71431  -49.733  -22.010  61.466 0.0000000000
71432  -50.305  -21.655  61.745 0.0000000000
71433  -50.883  -21.345  61.938 0.0000000000
72541  -51.357  -20.861  63.026 0.0000000000
73777  -52.766  -19.703  56.199 0.0000000000
73755  -52.124  -20.085  56.633 0.0000000000
73756  -52.822  -19.740  57.074 0.0000000000
81405  -54.342  -12.200  48.926 0.0000000000
82476  -56.975  -11.347  48.040 0.0000000000
82477  -57.505  -11.099  47.736 0.0000000000
84725  -57.015  -9.978  43.303 0.0000000000
83640  -57.708  -10.353  44.293 0.0000000000
83613  -58.755  -10.661  45.560 0.0000000000
83614  -59.680  -10.534  45.769 0.0000000000
83594  -60.546  -9.396  46.506 0.0000000000
83642  -61.900  -10.137  42.926 0.0000000000
84741  -62.195  -10.174  43.113 0.0000000000
55188  -42.038  -36.178  65.696 0.0000000000
55231  -41.690  -34.948  63.481 0.0000000000
56400  -40.996  -33.987  62.007 0.0000000000
50509  -21.835  -40.018  67.487 0.0000000000
50510  -22.542  -40.011  67.491 0.0000000000
50511  -23.343  -40.042  67.498 0.0000000000
52917  -34.857  -37.591  61.557 0.0000000000
52894  -35.536  -37.761  62.264 0.0000000000
52895  -36.708  -37.469  62.744 0.0000000000
52873  -37.031  -38.127  63.317 0.0000000000
50561  -38.467  -39.746  64.978 0.0000000000
50562  -39.305  -39.636  65.245 0.0000000000
50563  -39.918  -39.515  65.577 0.0000000000
52858  -39.753  -37.614  64.749 0.0000000000
52859  -40.506  -37.329  65.142 0.0000000000
52849  -40.777  -37.908  65.834 0.0000000000
54023  -41.392  -36.899  65.782 0.0000000000
69024  -44.829  -24.315  62.377 0.0000000000
69041  -45.421  -24.514  61.501 0.0000000000
69060  -44.226  -24.649  59.958 0.0000000000
69042  -46.434  -24.408  61.498 0.0000000000
67943  -46.507  -24.569  60.894 0.0000000000
78065  -50.779  -14.963  53.364 0.0000000000
79124  -52.564  -14.691  55.186 0.0000000000
80221  -52.364  -13.712  54.765 0.0000000000
79125  -53.163  -14.481  55.903 0.0000000000
79113  -54.638  -14.609  57.044 0.0000000000
83474  -54.831  -10.626  54.458 0.0000000000
40211  -11.563  -48.347  71.578 0.0000000000
40197  -10.531  -49.161  72.392 0.0000000000
39101  -10.576  -49.925  74.330 0.0000000000
58726  -44.778  -32.115  64.494 0.0000000000
58719  -45.771  -32.043  65.817 0.0000000000
59898  -45.637  -31.329  64.779 0.0000000000
62244  -45.796  -29.819  63.973 0.0000000000
63385  -45.705  -29.141  63.666 0.0000000000
63377  -45.809  -28.576  64.239 0.0000000000
64536  -45.422  -27.633  63.989 0.0000000000
64535  -44.616  -26.776  63.546 0.0000000000
65709  -42.552  -26.086  62.057 0.0000000000
66836  -41.862  -26.074  61.527 0.0000000000
67939  -41.021  -25.160  61.094 0.0000000000
67951  -40.576  -24.837  60.555 0.0000000000
49321  -23.483  -41.243  74.142 0.0000000000
49311  -23.975  -41.348  74.879 0.0000000000
48172  -26.088  -42.389  77.737 0.0000000000
48174  -29.075  -42.423  77.975 0.0000000000
50580  -27.515  -39.907  64.323 0.0000000000
50533  -28.453  -41.084  65.627 0.0000000000
48401  -34.459  -41.840  66.857 0.0000000000
48384  -34.862  -41.901  67.588 0.0000000000
48336  -34.547  -42.087  69.545 0.0000000000
48316  -33.917  -42.226  70.552 0.0000000000
47250  -33.707  -41.992  72.091 0.0000000000
48284  -33.628  -41.933  73.597 0.0000000000
48250  -35.921  -41.107  74.413 0.0000000000
48235  -36.242  -41.490  75.268 0.0000000000
48219  -35.762  -41.893  75.812 0.0000000000
47287  -16.689  -42.825  68.978 0.0000000000
47256  -16.364  -42.961  70.446 0.0000000000
46126  -16.665  -42.754  71.586 0.0000000000
46125  -16.232  -43.083  71.345 0.0000000000
46100  -15.977  -43.594  73.438 0.0000000000
46085  -15.866  -43.498  74.646 0.0000000000
47193  -16.197  -42.985  75.719 0.0000000000
47179  -16.555  -42.476  76.677 0.0000000000
70304  -46.416  -22.763  53.922 0.0000000000
70288  -46.199  -22.634  54.819 0.0000000000
71495  -48.354  -21.441  56.704 0.0000000000
71508  -48.324  -21.519  55.628 0.0000000000
72619  -48.982  -21.190  57.613 0.0000000000
72620  -49.413  -21.079  57.969 0.0000000000
82502  -53.177  -11.852  46.156 0.0000000000
84737  -56.720  -9.829  42.299 0.0000000000
41296  -13.270  -47.132  75.023 0.0000000000
41307  -13.187  -47.298  74.323 0.0000000000
42446  -12.851  -47.024  76.318 0.0000000000
57476  -44.940  -32.808  65.850 0.0000000000
56361  -42.889  -33.914  63.924 0.0000000000
57474  -43.449  -34.037  64.952 0.0000000000
58717  -44.441  -32.558  64.650 0.0000000000
59896  -44.679  -31.538  63.748 0.0000000000
59904  -44.387  -31.302  63.204 0.0000000000
61110  -44.403  -30.537  62.405 0.0000000000
59922  -43.213  -31.336  61.789 0.0000000000
61122  -43.544  -30.707  61.566 0.0000000000
62280  -43.145  -29.279  60.141 0.0000000000
63414  -43.350  -28.467  59.882 0.0000000000
49334  -19.644  -40.896  73.721 0.0000000000
49335  -20.396  -40.826  73.611 0.0000000000
50466  -21.833  -39.764  69.780 0.0000000000
49400  -21.947  -39.917  70.778 0.0000000000
49340  -24.657  -41.476  73.288 0.0000000000
48263  -25.352  -41.859  73.356 0.0000000000
48264  -25.996  -42.226  73.268 0.0000000000
48265  -26.775  -42.437  73.060 0.0000000000
49516  -34.837  -41.291  65.383 0.0000000000
51726  -34.791  -39.386  62.935 0.0000000000
50607  -35.120  -39.798  63.484 0.0000000000
50588  -36.534  -39.885  64.079 0.0000000000
50587  -35.633  -40.242  64.049 0.0000000000
48402  -35.455  -41.761  66.516 0.0000000000
48387  -37.920  -41.878  67.582 0.0000000000
48363  -37.310  -41.773  68.598 0.0000000000
49425  -37.833  -41.299  70.309 0.0000000000
49363  -38.451  -40.626  72.577 0.0000000000
49385  -39.030  -40.700  71.732 0.0000000000
49428  -40.264  -41.271  69.928 0.0000000000
49409  -40.640  -40.925  70.797 0.0000000000
49387  -40.909  -40.736  71.808 0.0000000000
50537  -40.523  -39.953  66.185 0.0000000000
50516  -41.014  -40.227  66.922 0.0000000000
50499  -42.076  -39.879  68.199 0.0000000000
51659  -41.960  -39.083  67.511 0.0000000000
50458  -42.792  -38.823  71.813 0.0000000000
48309  -18.000  -41.579  70.384 0.0000000000
66718  -45.388  -25.472  69.886 0.0000000000
67815  -45.722  -24.403  69.552 0.0000000000
68902  -46.248  -23.401  68.947 0.0000000000
68986  -44.775  -23.987  64.249 0.0000000000
70183  -45.133  -23.974  64.783 0.0000000000
70167  -45.811  -23.432  65.610 0.0000000000
70151  -46.024  -23.004  66.641 0.0000000000
70137  -46.725  -22.181  68.040 0.0000000000
71360  -48.478  -21.258  66.739 0.0000000000
73836  -49.498  -19.564  53.078 0.0000000000
73837  -50.297  -19.353  53.501 0.0000000000
72687  -51.547  -19.683  54.655 0.0000000000
73800  -52.042  -19.602  55.080 0.0000000000
74848  -51.775  -18.421  54.334 0.0000000000
73823  -52.295  -19.217  54.946 0.0000000000
73801  -52.728  -19.283  55.415 0.0000000000
73778  -53.357  -19.311  56.525 0.0000000000
74819  -54.085  -18.661  57.759 0.0000000000
76952  -52.659  -16.827  55.029 0.0000000000
76943  -54.258  -16.927  56.209 0.0000000000
75880  -54.761  -17.839  57.259 0.0000000000
36891  -5.256  -52.445  75.316 0.0000000000
69153  -42.081  -23.972  55.520 0.0000000000
69177  -42.381  -23.941  54.622 0.0000000000
69204  -43.742  -23.753  53.897 0.0000000000
69205  -44.316  -23.671  54.057 0.0000000000
70354  -44.556  -23.095  51.813 0.0000000000
70332  -45.803  -22.958  53.255 0.0000000000
71544  -46.128  -22.586  52.638 0.0000000000
71545  -46.604  -22.047  52.872 0.0000000000
71578  -45.721  -20.901  51.656 0.0000000000
72721  -46.351  -20.838  51.935 0.0000000000
71565  -46.849  -21.349  52.391 0.0000000000
71566  -47.536  -21.042  52.610 0.0000000000
72723  -47.980  -20.502  52.617 0.0000000000
74872  -47.136  -18.858  51.837 0.0000000000
74874  -48.676  -18.953  52.525 0.0000000000
75914  -49.454  -17.779  52.879 0.0000000000
75924  -49.078  -17.268  52.613 0.0000000000
76979  -49.379  -16.952  52.777 0.0000000000
76980  -49.962  -16.841  53.199 0.0000000000
78064  -50.160  -15.647  53.068 0.0000000000
78094  -47.900  -15.285  50.527 0.0000000000
78083  -48.918  -15.306  51.498 0.0000000000
78074  -49.873  -14.909  52.529 0.0000000000
79143  -50.341  -14.637  52.893 0.0000000000
79153  -50.564  -14.034  52.678 0.0000000000
80236  -51.142  -13.609  52.684 0.0000000000
80246  -50.425  -13.825  51.569 0.0000000000
80248  -51.744  -13.141  52.182 0.0000000000
81363  -53.171  -12.502  52.189 0.0000000000
81431  -50.751  -12.528  46.611 0.0000000000
40168  -12.087  -48.545  75.125 0.0000000000
40167  -11.606  -48.946  75.655 0.0000000000
39094  -11.379  -49.339  75.067 0.0000000000
39093  -10.838  -49.702  75.422 0.0000000000
40146  -9.568  -48.559  79.379 0.0000000000
41272  -9.177  -48.357  78.939 0.0000000000
40150  -8.919  -48.799  78.223 0.0000000000
40149  -8.462  -49.092  78.530 0.0000000000
40154  -9.379  -49.000  77.624 0.0000000000
39084  -9.490  -49.489  77.056 0.0000000000
38016  -8.910  -50.662  76.034 0.0000000000
38007  -7.346  -50.734  77.337 0.0000000000
38014  -7.495  -50.983  76.716 0.0000000000
35812  -5.437  -52.706  76.213 0.0000000000
34699  -5.637  -53.508  76.720 0.0000000000
34700  -5.813  -53.052  77.195 0.0000000000
58700  -46.022  -32.098  67.399 0.0000000000
59883  -46.533  -30.440  66.812 0.0000000000
59862  -45.868  -31.559  69.593 0.0000000000
62148  -46.019  -30.093  71.159 0.0000000000
64468  -45.522  -27.470  70.488 0.0000000000
65625  -44.995  -26.012  68.271 0.0000000000
66741  -44.795  -25.355  67.744 0.0000000000
66754  -44.564  -25.426  66.855 0.0000000000
65680  -43.796  -26.141  64.012 0.0000000000
66795  -43.447  -25.685  63.623 0.0000000000
67918  -42.774  -25.401  62.384 0.0000000000
67919  -43.115  -25.278  62.826 0.0000000000
67902  -43.689  -25.063  63.968 0.0000000000
68984  -43.624  -24.726  63.373 0.0000000000
69003  -43.659  -24.487  62.880 0.0000000000
69097  -42.502  -23.943  58.384 0.0000000000
65765  -41.592  -27.135  58.718 0.0000000000
65754  -41.066  -26.625  58.970 0.0000000000
66854  -40.329  -26.048  59.221 0.0000000000
66853  -39.533  -25.202  59.265 0.0000000000
66852  -38.921  -24.969  58.967 0.0000000000
69074  -38.858  -24.322  59.062 0.0000000000
69075  -39.440  -24.356  59.328 0.0000000000
69094  -39.375  -23.779  58.649 0.0000000000
69152  -41.062  -24.081  55.567 0.0000000000
49305  -19.245  -41.129  75.534 0.0000000000
49296  -19.840  -41.198  76.323 0.0000000000
49297  -20.644  -41.242  76.218 0.0000000000
50512  -24.315  -40.131  67.538 0.0000000000
50497  -24.553  -40.239  68.628 0.0000000000
49421  -24.951  -40.510  69.196 0.0000000000
49403  -25.697  -41.135  70.510 0.0000000000
49423  -26.590  -41.407  69.595 0.0000000000
49404  -26.403  -41.605  70.719 0.0000000000
49382  -26.376  -41.751  71.278 0.0000000000
48296  -26.341  -41.841  71.577 0.0000000000
48283  -26.972  -42.346  72.201 0.0000000000
47229  -27.520  -42.622  72.675 0.0000000000
50582  -29.903  -40.136  64.181 0.0000000000
50558  -31.357  -40.746  64.980 0.0000000000
50557  -30.261  -40.692  65.073 0.0000000000
50535  -30.007  -41.063  65.531 0.0000000000
49469  -33.754  -41.896  66.971 0.0000000000
49467  -32.424  -41.857  66.929 0.0000000000
48381  -31.800  -42.150  67.640 0.0000000000
48380  -30.853  -42.128  67.650 0.0000000000
49446  -30.051  -42.043  67.675 0.0000000000
49445  -29.547  -41.909  67.807 0.0000000000
47275  -29.038  -42.704  70.542 0.0000000000
47277  -30.335  -42.759  70.520 0.0000000000
47276  -29.509  -42.774  70.649 0.0000000000
47261  -28.735  -42.798  71.168 0.0000000000
47230  -28.336  -42.838  73.036 0.0000000000
47213  -28.668  -42.752  74.138 0.0000000000
47184  -30.563  -42.423  76.266 0.0000000000
47200  -30.980  -42.559  75.393 0.0000000000
47185  -31.253  -42.238  76.107 0.0000000000
48213  -31.191  -42.209  76.684 0.0000000000
48266  -33.564  -41.815  74.502 0.0000000000
48247  -33.478  -41.676  75.283 0.0000000000
48216  -33.321  -41.632  76.653 0.0000000000
42515  -12.309  -47.290  70.267 0.0000000000
46149  -15.562  -43.757  69.223 0.0000000000
43701  -13.720  -45.249  69.401 0.0000000000
43674  -14.184  -45.819  71.202 0.0000000000
42478  -13.607  -46.799  73.684 0.0000000000
42464  -13.581  -46.657  74.680 0.0000000000
47166  -15.553  -42.956  77.768 0.0000000000
69100  -45.348  -24.028  57.893 0.0000000000
67956  -47.122  -24.462  59.883 0.0000000000
69062  -47.434  -24.291  60.412 0.0000000000
70263  -46.480  -22.731  56.693 0.0000000000
70252  -46.872  -23.008  57.436 0.0000000000
70254  -48.150  -22.435  58.368 0.0000000000
69102  -47.250  -23.341  58.162 0.0000000000
69063  -48.135  -23.676  60.066 0.0000000000
69044  -48.061  -23.754  61.109 0.0000000000
70220  -48.512  -23.071  61.865 0.0000000000
70207  -49.219  -22.196  62.744 0.0000000000
71393  -49.615  -21.246  64.365 0.0000000000
71422  -49.727  -21.950  62.324 0.0000000000
71394  -50.295  -20.932  64.208 0.0000000000
72668  -50.779  -20.587  55.412 0.0000000000
72646  -50.592  -20.628  56.466 0.0000000000
72622  -51.305  -20.310  57.098 0.0000000000
72561  -52.330  -20.175  60.583 0.0000000000
81364  -53.911  -12.198  51.830 0.0000000000
82437  -54.700  -11.828  51.531 0.0000000000
82428  -55.186  -11.297  52.069 0.0000000000
83517  -56.424  -10.944  51.477 0.0000000000
82439  -56.395  -11.327  50.826 0.0000000000
84626  -57.705  -10.188  51.353 0.0000000000
84639  -58.278  -9.985  50.607 0.0000000000
83537  -58.152  -10.238  50.056 0.0000000000
84640  -58.856  -9.591  50.401 0.0000000000
82525  -56.370  -11.361  45.845 0.0000000000
82507  -57.627  -11.201  46.461 0.0000000000
83578  -58.363  -10.710  47.483 0.0000000000
83591  -58.300  -11.000  46.116 0.0000000000
82490  -58.515  -10.771  47.102 0.0000000000
84679  -59.046  -9.867  48.178 0.0000000000
37985  -6.831  -51.748  78.335 0.0000000000
39074  -7.315  -50.446  77.928 0.0000000000
40144  -8.254  -49.428  78.923 0.0000000000
40145  -8.907  -48.826  79.210 0.0000000000
41282  -9.796  -48.547  77.825 0.0000000000
41348  -12.299  -47.921  71.161 0.0000000000
41349  -12.796  -47.741  71.574 0.0000000000
44914  -13.954  -44.657  68.690 0.0000000000
47202  -32.451  -41.942  75.422 0.0000000000
47259  -27.561  -42.328  71.342 0.0000000000
47292  -32.567  -42.676  70.060 0.0000000000
48173  -26.693  -42.306  77.503 0.0000000000
48175  -29.806  -42.433  77.941 0.0000000000
48176  -30.501  -42.560  77.585 0.0000000000
48218  -35.027  -41.792  76.187 0.0000000000
48303  -36.775  -40.959  71.626 0.0000000000
48313  -28.557  -42.447  70.331 0.0000000000
48315  -29.905  -42.636  70.222 0.0000000000
48328  -27.089  -41.588  69.603 0.0000000000
48329  -27.595  -41.695  69.395 0.0000000000
48333  -31.460  -42.636  69.272 0.0000000000
48367  -41.012  -41.253  68.406 0.0000000000
48379  -30.330  -42.085  67.648 0.0000000000
48400  -34.002  -41.882  66.950 0.0000000000
49323  -36.240  -40.911  73.814 0.0000000000
49341  -36.470  -40.831  73.474 0.0000000000
49362  -37.626  -40.660  72.496 0.0000000000
49440  -25.030  -40.457  68.651 0.0000000000
49468  -33.288  -41.877  66.958 0.0000000000
49486  -27.297  -41.255  66.655 0.0000000000
49495  -35.283  -41.512  65.837 0.0000000000
50456  -23.117  -39.923  70.792 0.0000000000
50470  -24.236  -40.276  70.253 0.0000000000
50589  -37.249  -39.773  64.344 0.0000000000
52893  -34.959  -37.968  62.099 0.0000000000
54065  -38.094  -36.264  62.270 0.0000000000
58685  -45.299  -33.069  70.084 0.0000000000
58731  -43.087  -32.515  62.783 0.0000000000
59874  -46.542  -30.581  67.227 0.0000000000
59889  -45.501  -31.644  64.904 0.0000000000
59897  -45.159  -31.459  64.257 0.0000000000
61076  -46.425  -30.498  66.212 0.0000000000
61077  -46.478  -30.257  66.500 0.0000000000
61084  -46.424  -30.272  66.150 0.0000000000
61090  -45.426  -30.808  64.076 0.0000000000
61100  -45.572  -30.486  64.008 0.0000000000
61111  -44.788  -30.382  62.848 0.0000000000
61121  -42.993  -30.742  61.168 0.0000000000
62200  -46.281  -29.611  67.593 0.0000000000
62208  -46.311  -29.485  67.153 0.0000000000
62216  -46.397  -29.681  66.634 0.0000000000
63351  -45.465  -27.822  66.953 0.0000000000
63376  -45.565  -28.260  63.823 0.0000000000
63402  -44.636  -28.990  61.831 0.0000000000
63429  -42.818  -28.582  59.440 0.0000000000
64537  -45.661  -27.907  64.557 0.0000000000
64552  -44.456  -27.519  61.836 0.0000000000
64579  -43.651  -27.617  60.502 0.0000000000
65624  -44.870  -25.742  67.773 0.0000000000
65692  -42.791  -25.999  62.481 0.0000000000
66778  -43.814  -25.356  64.329 0.0000000000
66796  -43.733  -25.686  64.205 0.0000000000
66824  -41.614  -25.533  61.618 0.0000000000
67832  -44.765  -24.985  67.789 0.0000000000
67942  -46.001  -24.672  60.812 0.0000000000
67964  -39.370  -24.751  59.433 0.0000000000
67967  -46.410  -24.586  59.498 0.0000000000
67968  -46.897  -24.509  59.695 0.0000000000
67978  -38.350  -24.541  58.653 0.0000000000
69020  -42.298  -24.905  61.920 0.0000000000
69061  -46.897  -24.472  60.922 0.0000000000
69157  -45.241  -23.177  55.548 0.0000000000
70166  -45.344  -23.855  65.171 0.0000000000
70203  -45.469  -23.818  64.154 0.0000000000
70244  -47.827  -23.058  58.645 0.0000000000
70264  -47.126  -22.321  56.995 0.0000000000
70274  -45.547  -22.998  55.796 0.0000000000
70286  -44.979  -23.300  54.771 0.0000000000
70333  -46.780  -22.931  53.067 0.0000000000
71424  -50.921  -21.121  62.759 0.0000000000
71441  -50.365  -21.553  60.838 0.0000000000
71464  -48.653  -21.924  58.423 0.0000000000
71479  -48.942  -21.448  58.210 0.0000000000
72473  -49.073  -21.060  66.738 0.0000000000
72578  -50.387  -21.217  59.889 0.0000000000
72710  -50.646  -19.609  53.927 0.0000000000
73802  -53.135  -19.354  55.961 0.0000000000
73822  -51.919  -19.172  54.594 0.0000000000
73847  -47.168  -19.317  51.898 0.0000000000
74863  -50.640  -18.757  53.587 0.0000000000
79096  -55.135  -14.355  57.492 0.0000000000
79188  -48.822  -14.549  50.019 0.0000000000
82489  -57.935  -11.022  47.257 0.0000000000
83519  -57.992  -10.215  50.723 0.0000000000
83568  -57.468  -11.056  48.112 0.0000000000
83629  -60.059  -10.219  45.276 0.0000000000
84667  -59.159  -9.703  48.727 0.0000000000
