#!ascii label  , from subject MOT01 vox2ras=TkReg
865
43601  -16.493  -45.382  76.579 0.0000000000
56225  -44.446  -35.709  71.791 0.0000000000
64445  -45.906  -27.096  71.025 0.0000000000
70155  -51.804  -22.690  66.645 0.0000000000
49389  -42.606  -39.920  71.822 0.0000000000
70114  -47.667  -22.528  68.960 0.0000000000
74790  -54.495  -18.258  59.588 0.0000000000
78001  -56.372  -15.339  58.523 0.0000000000
52783  -47.426  -37.174  69.467 0.0000000000
57424  -49.053  -33.310  69.778 0.0000000000
61002  -45.828  -31.687  71.662 0.0000000000
48135  -16.875  -42.026  80.255 0.0000000000
48141  -22.459  -42.110  79.958 0.0000000000
46032  -27.261  -43.746  78.552 0.0000000000
43589  -32.043  -44.414  76.609 0.0000000000
44819  -35.656  -44.128  73.617 0.0000000000
44862  -40.601  -43.713  71.568 0.0000000000
48304  -44.447  -41.381  71.150 0.0000000000
63329  -51.041  -29.066  68.831 0.0000000000
80175  -56.256  -13.276  58.447 0.0000000000
53895  -45.820  -36.499  71.992 0.0000000000
56229  -46.966  -34.317  71.855 0.0000000000
57415  -45.117  -34.118  71.548 0.0000000000
48184  -17.604  -41.530  77.554 0.0000000000
48127  -20.062  -41.921  80.629 0.0000000000
47203  -37.159  -42.460  74.900 0.0000000000
44840  -38.177  -44.256  72.493 0.0000000000
47220  -39.321  -42.413  74.015 0.0000000000
52729  -43.295  -37.663  72.011 0.0000000000
48274  -43.502  -41.475  73.152 0.0000000000
51584  -44.756  -38.515  72.905 0.0000000000
50472  -45.458  -39.493  70.518 0.0000000000
62151  -47.995  -29.301  71.303 0.0000000000
61055  -49.766  -30.460  69.555 0.0000000000
64469  -48.714  -27.662  70.313 0.0000000000
71324  -50.066  -21.890  68.510 0.0000000000
66766  -48.558  -25.701  67.012 0.0000000000
67904  -49.278  -25.159  64.751 0.0000000000
67933  -50.271  -24.792  62.263 0.0000000000
74762  -56.095  -19.209  60.965 0.0000000000
73668  -55.398  -19.768  62.603 0.0000000000
49365  -40.207  -40.848  72.712 0.0000000000
71379  -49.277  -21.254  65.500 0.0000000000
75850  -55.637  -16.756  59.159 0.0000000000
74792  -56.684  -18.102  59.359 0.0000000000
78034  -57.722  -15.513  57.020 0.0000000000
51671  -48.244  -38.115  67.041 0.0000000000
55114  -48.312  -35.214  70.188 0.0000000000
58669  -47.580  -32.404  71.568 0.0000000000
46027  -17.053  -43.682  78.670 0.0000000000
43553  -23.518  -44.251  78.614 0.0000000000
46014  -24.663  -43.393  79.215 0.0000000000
43583  -25.890  -45.086  77.716 0.0000000000
43605  -28.108  -45.327  76.387 0.0000000000
42438  -30.230  -45.772  75.524 0.0000000000
43640  -32.109  -45.829  74.432 0.0000000000
44787  -34.206  -44.044  75.586 0.0000000000
43695  -35.468  -45.520  70.021 0.0000000000
46096  -41.352  -42.705  73.222 0.0000000000
44887  -42.441  -43.183  71.281 0.0000000000
46180  -43.781  -43.385  68.498 0.0000000000
48369  -44.705  -42.064  68.504 0.0000000000
50518  -46.621  -39.577  67.342 0.0000000000
65626  -48.503  -26.504  69.257 0.0000000000
73666  -53.880  -19.920  63.232 0.0000000000
69012  -53.546  -23.109  64.062 0.0000000000
43561  -15.960  -45.331  78.254 0.0000000000
55059  -45.019  -36.584  72.422 0.0000000000
56227  -45.602  -34.831  72.264 0.0000000000
56226  -44.830  -35.089  72.104 0.0000000000
49326  -38.149  -40.998  74.081 0.0000000000
47219  -38.547  -42.536  74.081 0.0000000000
49327  -38.887  -41.260  73.965 0.0000000000
53893  -43.786  -37.007  72.137 0.0000000000
51583  -44.086  -38.482  73.139 0.0000000000
53879  -44.389  -37.127  72.587 0.0000000000
52731  -45.286  -37.652  72.405 0.0000000000
63292  -48.303  -28.413  70.914 0.0000000000
65589  -46.873  -26.696  71.164 0.0000000000
70139  -50.769  -22.526  67.677 0.0000000000
68954  -49.750  -24.034  66.194 0.0000000000
68971  -50.348  -23.873  65.174 0.0000000000
67921  -50.060  -24.584  63.356 0.0000000000
68989  -51.456  -23.596  64.439 0.0000000000
72583  -55.915  -20.808  59.771 0.0000000000
72562  -55.962  -20.600  60.988 0.0000000000
70258  -56.200  -22.509  58.568 0.0000000000
76944  -55.122  -16.694  57.088 0.0000000000
78000  -55.971  -15.753  58.489 0.0000000000
76892  -56.327  -16.861  60.168 0.0000000000
76902  -56.823  -16.654  59.105 0.0000000000
75852  -57.177  -17.269  58.448 0.0000000000
76915  -57.151  -16.239  58.572 0.0000000000
79099  -57.419  -14.564  57.745 0.0000000000
51654  -47.817  -37.497  68.401 0.0000000000
52804  -48.247  -37.005  68.544 0.0000000000
53944  -47.925  -36.598  69.651 0.0000000000
58655  -46.213  -32.657  72.276 0.0000000000
57409  -47.268  -33.398  71.780 0.0000000000
59825  -46.523  -31.760  72.047 0.0000000000
61021  -46.749  -30.686  71.734 0.0000000000
61020  -46.268  -30.767  71.566 0.0000000000
46008  -18.137  -42.958  79.147 0.0000000000
47110  -18.347  -42.173  80.389 0.0000000000
48129  -21.103  -42.351  80.297 0.0000000000
47154  -26.091  -42.688  78.327 0.0000000000
46015  -25.708  -43.443  78.989 0.0000000000
44735  -25.359  -44.378  78.560 0.0000000000
43567  -26.271  -44.669  78.266 0.0000000000
43584  -26.747  -45.061  77.463 0.0000000000
43569  -28.178  -44.579  77.730 0.0000000000
43588  -31.251  -44.800  76.612 0.0000000000
42457  -31.189  -45.968  74.934 0.0000000000
43609  -31.920  -44.871  76.018 0.0000000000
46079  -36.006  -43.384  75.449 0.0000000000
46066  -34.716  -43.001  76.326 0.0000000000
44788  -35.240  -43.807  75.388 0.0000000000
43656  -33.275  -45.045  73.714 0.0000000000
44818  -34.525  -44.386  73.623 0.0000000000
43681  -34.457  -45.346  71.215 0.0000000000
44857  -35.024  -44.473  71.645 0.0000000000
44841  -39.233  -44.147  72.463 0.0000000000
44881  -38.007  -44.073  70.484 0.0000000000
44882  -39.186  -44.110  70.581 0.0000000000
44907  -40.892  -43.764  70.083 0.0000000000
48272  -40.908  -41.549  73.546 0.0000000000
49330  -41.467  -41.374  73.443 0.0000000000
48290  -44.200  -41.432  72.022 0.0000000000
46110  -42.962  -42.768  72.328 0.0000000000
47267  -43.220  -42.703  71.279 0.0000000000
46160  -43.111  -43.067  69.397 0.0000000000
47293  -43.654  -42.767  69.447 0.0000000000
48345  -44.470  -41.707  69.512 0.0000000000
51642  -46.347  -38.357  69.350 0.0000000000
50502  -45.795  -39.547  68.431 0.0000000000
51652  -46.659  -38.721  67.988 0.0000000000
51661  -47.418  -38.604  67.396 0.0000000000
48165  -16.465  -41.943  78.716 0.0000000000
48134  -15.973  -42.395  80.206 0.0000000000
45991  -16.120  -43.696  80.196 0.0000000000
55139  -49.692  -35.209  68.209 0.0000000000
57432  -49.858  -33.399  68.535 0.0000000000
62201  -50.620  -29.887  68.840 0.0000000000
67817  -47.048  -24.437  69.503 0.0000000000
66732  -47.813  -25.999  69.715 0.0000000000
66743  -47.551  -24.752  69.030 0.0000000000
65668  -50.544  -26.753  65.820 0.0000000000
65654  -50.457  -26.799  66.819 0.0000000000
71425  -55.660  -21.327  62.489 0.0000000000
73650  -54.928  -19.948  63.321 0.0000000000
71412  -55.248  -21.243  63.665 0.0000000000
71395  -54.466  -21.318  64.904 0.0000000000
69031  -54.184  -23.142  63.032 0.0000000000
69065  -52.513  -23.661  61.042 0.0000000000
79096  -55.135  -14.355  57.492 0.0000000000
79086  -56.526  -14.264  58.470 0.0000000000
81302  -54.826  -12.539  57.558 0.0000000000
82380  -55.484  -11.702  57.965 0.0000000000
52747  -46.528  -36.674  71.188 0.0000000000
53912  -46.881  -36.207  71.096 0.0000000000
55078  -46.294  -35.533  71.993 0.0000000000
57407  -45.727  -33.709  72.212 0.0000000000
58668  -45.428  -32.949  71.445 0.0000000000
49265  -17.982  -41.426  79.521 0.0000000000
48137  -18.642  -41.712  80.351 0.0000000000
48167  -21.478  -41.529  78.666 0.0000000000
44790  -36.901  -43.829  74.962 0.0000000000
44820  -36.724  -44.125  73.534 0.0000000000
46092  -37.872  -43.210  74.110 0.0000000000
44822  -38.765  -43.844  73.194 0.0000000000
44823  -39.700  -43.654  73.101 0.0000000000
50446  -42.946  -38.697  72.490 0.0000000000
49348  -42.435  -40.535  73.180 0.0000000000
50438  -43.445  -39.351  73.235 0.0000000000
50439  -44.263  -39.467  73.211 0.0000000000
49370  -44.919  -39.942  71.780 0.0000000000
49412  -45.148  -40.545  70.283 0.0000000000
51614  -45.449  -38.773  71.635 0.0000000000
51615  -45.694  -38.152  71.454 0.0000000000
48183  -16.797  -41.872  77.638 0.0000000000
59858  -48.647  -31.313  70.546 0.0000000000
58680  -49.383  -32.363  69.489 0.0000000000
61044  -49.142  -30.355  70.157 0.0000000000
62188  -49.647  -29.545  69.797 0.0000000000
63327  -50.070  -28.881  69.595 0.0000000000
70115  -48.572  -22.435  68.898 0.0000000000
67850  -48.144  -24.408  67.963 0.0000000000
67851  -48.707  -24.090  67.405 0.0000000000
66781  -49.144  -25.852  65.354 0.0000000000
74771  -55.486  -17.664  60.441 0.0000000000
73699  -55.047  -18.303  60.874 0.0000000000
73684  -55.985  -19.835  61.568 0.0000000000
71435  -55.852  -21.168  61.576 0.0000000000
55112  -43.806  -36.034  71.145 0.0000000000
53927  -43.318  -37.072  71.015 0.0000000000
66719  -45.778  -25.474  70.405 0.0000000000
71358  -47.229  -21.730  67.732 0.0000000000
71340  -48.243  -21.152  67.437 0.0000000000
72473  -49.073  -21.060  66.738 0.0000000000
72475  -51.020  -20.833  66.663 0.0000000000
74807  -54.835  -17.867  58.829 0.0000000000
75822  -56.037  -17.050  60.359 0.0000000000
138024  -56.430  -19.075  59.718 0.0000000000
71466  -54.789  -20.660  57.683 0.0000000000
78015  -57.414  -15.357  58.016 0.0000000000
75881  -58.064  -17.481  56.628 0.0000000000
52839  -48.833  -37.477  66.754 0.0000000000
53963  -49.149  -36.103  68.541 0.0000000000
56254  -48.762  -34.326  69.920 0.0000000000
55098  -47.837  -34.945  70.844 0.0000000000
56241  -48.151  -34.265  70.661 0.0000000000
58670  -48.227  -32.353  70.878 0.0000000000
59842  -47.993  -31.341  71.302 0.0000000000
62150  -47.179  -29.464  71.590 0.0000000000
57423  -44.851  -34.157  70.587 0.0000000000
58685  -45.299  -33.069  70.084 0.0000000000
61042  -45.919  -30.787  70.494 0.0000000000
44731  -16.654  -44.287  78.286 0.0000000000
46047  -17.838  -43.444  77.478 0.0000000000
43580  -23.880  -44.726  77.046 0.0000000000
49288  -21.400  -41.341  77.085 0.0000000000
48168  -22.353  -41.717  78.628 0.0000000000
47138  -23.299  -42.368  79.827 0.0000000000
43565  -24.438  -44.434  78.264 0.0000000000
42436  -28.244  -45.595  75.836 0.0000000000
42455  -29.845  -46.119  75.066 0.0000000000
47172  -32.349  -42.172  77.535 0.0000000000
46055  -34.059  -42.967  76.810 0.0000000000
44771  -33.323  -43.838  76.409 0.0000000000
43641  -32.657  -45.305  74.708 0.0000000000
42486  -32.901  -46.341  72.998 0.0000000000
44858  -36.270  -44.075  71.513 0.0000000000
48255  -39.994  -41.841  73.860 0.0000000000
47221  -40.229  -42.433  73.777 0.0000000000
44824  -40.589  -43.361  72.992 0.0000000000
47236  -42.647  -42.227  73.164 0.0000000000
44826  -41.924  -43.056  72.443 0.0000000000
44863  -41.302  -43.386  71.436 0.0000000000
44909  -42.080  -43.317  70.736 0.0000000000
46179  -43.054  -43.436  68.675 0.0000000000
48406  -45.525  -41.952  66.755 0.0000000000
50485  -45.306  -39.971  69.448 0.0000000000
49474  -45.839  -40.572  67.559 0.0000000000
48416  -46.000  -41.222  66.482 0.0000000000
49523  -46.790  -39.876  66.271 0.0000000000
44714  -16.252  -44.414  79.005 0.0000000000
65605  -47.229  -26.434  70.845 0.0000000000
65614  -48.443  -26.768  69.981 0.0000000000
64492  -49.989  -27.569  68.762 0.0000000000
65652  -48.750  -26.391  67.527 0.0000000000
65640  -50.412  -27.050  67.754 0.0000000000
64494  -51.487  -28.105  68.019 0.0000000000
72505  -50.704  -20.758  64.620 0.0000000000
72489  -51.891  -20.513  65.838 0.0000000000
73682  -54.867  -18.883  61.570 0.0000000000
73680  -53.024  -19.924  61.154 0.0000000000
72526  -53.289  -20.044  64.145 0.0000000000
71380  -53.672  -21.480  65.947 0.0000000000
70171  -52.861  -22.637  65.666 0.0000000000
69029  -51.983  -23.593  62.824 0.0000000000
43600  -16.053  -46.071  76.804 0.0000000000
55076  -44.590  -36.049  72.109 0.0000000000
49342  -37.056  -40.759  73.257 0.0000000000
49344  -38.716  -40.822  73.418 0.0000000000
55075  -44.135  -36.392  71.978 0.0000000000
53878  -44.099  -37.040  72.464 0.0000000000
55057  -44.337  -36.637  72.292 0.0000000000
55058  -44.709  -36.565  72.376 0.0000000000
64446  -46.448  -27.440  71.398 0.0000000000
64447  -47.184  -27.542  71.403 0.0000000000
65588  -46.288  -26.593  71.088 0.0000000000
71343  -51.590  -21.748  67.453 0.0000000000
68955  -50.830  -23.303  66.473 0.0000000000
68956  -51.619  -23.054  66.192 0.0000000000
68988  -50.511  -24.010  63.967 0.0000000000
68972  -51.631  -23.265  65.535 0.0000000000
71453  -55.324  -21.483  58.737 0.0000000000
71454  -55.722  -21.877  59.188 0.0000000000
78013  -55.761  -15.178  57.829 0.0000000000
76913  -56.089  -16.224  59.189 0.0000000000
76914  -56.614  -16.145  58.830 0.0000000000
75836  -57.010  -16.850  58.931 0.0000000000
52784  -48.037  -36.740  69.280 0.0000000000
59824  -46.022  -31.966  72.109 0.0000000000
61004  -46.289  -31.359  71.841 0.0000000000
61019  -45.917  -31.220  71.323 0.0000000000
47120  -17.732  -42.333  80.071 0.0000000000
48140  -21.377  -42.080  79.987 0.0000000000
47123  -21.403  -42.632  80.107 0.0000000000
47142  -26.763  -42.914  78.607 0.0000000000
47141  -25.970  -42.996  78.704 0.0000000000
46016  -26.759  -43.430  78.727 0.0000000000
44721  -26.292  -44.065  78.715 0.0000000000
44722  -26.964  -43.961  78.583 0.0000000000
43568  -27.262  -44.733  77.925 0.0000000000
44737  -27.558  -44.187  78.342 0.0000000000
44755  -31.457  -44.263  77.121 0.0000000000
44789  -36.154  -43.856  75.110 0.0000000000
44803  -35.412  -44.112  74.531 0.0000000000
44837  -34.932  -44.315  72.760 0.0000000000
44861  -39.723  -44.185  71.589 0.0000000000
44906  -39.855  -43.830  69.622 0.0000000000
44883  -40.266  -44.036  70.753 0.0000000000
49367  -42.047  -40.482  72.638 0.0000000000
47252  -43.998  -41.825  71.589 0.0000000000
47268  -43.788  -42.144  71.119 0.0000000000
47282  -43.431  -42.597  70.333 0.0000000000
48321  -44.132  -41.914  70.286 0.0000000000
48344  -44.081  -42.392  69.339 0.0000000000
48322  -44.740  -41.288  70.237 0.0000000000
52782  -46.849  -37.719  69.566 0.0000000000
51643  -46.979  -37.752  69.216 0.0000000000
51653  -47.286  -37.871  68.524 0.0000000000
48152  -17.076  -41.634  79.612 0.0000000000
48151  -16.294  -41.977  79.685 0.0000000000
47119  -16.515  -42.758  80.229 0.0000000000
56255  -49.230  -34.023  69.416 0.0000000000
56266  -49.564  -34.332  68.818 0.0000000000
57425  -49.500  -33.322  69.146 0.0000000000
62190  -50.797  -29.363  68.958 0.0000000000
61063  -51.003  -30.031  68.075 0.0000000000
62202  -51.024  -29.548  68.523 0.0000000000
62209  -51.466  -29.395  67.866 0.0000000000
68903  -47.000  -23.384  69.101 0.0000000000
67834  -47.497  -24.245  69.050 0.0000000000
73724  -53.765  -18.862  59.441 0.0000000000
70223  -55.231  -22.460  62.475 0.0000000000
70210  -55.288  -21.881  63.158 0.0000000000
70209  -54.706  -22.383  63.789 0.0000000000
53911  -46.366  -36.335  71.549 0.0000000000
57406  -45.267  -34.383  72.100 0.0000000000
57416  -45.500  -33.341  71.854 0.0000000000
49275  -18.093  -41.322  78.523 0.0000000000
49269  -20.792  -41.337  78.565 0.0000000000
48251  -36.790  -41.230  74.621 0.0000000000
48236  -36.898  -41.847  75.011 0.0000000000
46069  -36.861  -42.869  75.261 0.0000000000
46081  -37.332  -43.132  74.736 0.0000000000
44805  -37.385  -43.804  74.265 0.0000000000
46093  -38.766  -42.929  73.900 0.0000000000
44807  -39.257  -43.296  73.570 0.0000000000
46094  -39.752  -42.940  73.866 0.0000000000
51598  -42.959  -38.092  72.083 0.0000000000
50437  -43.048  -39.070  72.927 0.0000000000
51581  -43.269  -38.134  72.548 0.0000000000
50440  -44.832  -39.190  72.755 0.0000000000
50447  -44.610  -39.816  72.728 0.0000000000
50448  -45.016  -39.483  72.171 0.0000000000
51599  -45.213  -38.632  72.369 0.0000000000
52732  -45.607  -37.063  72.081 0.0000000000
52745  -45.540  -38.109  71.899 0.0000000000
52746  -46.037  -37.344  71.458 0.0000000000
48166  -17.320  -41.593  78.630 0.0000000000
61043  -48.438  -30.156  70.884 0.0000000000
62174  -49.077  -29.389  70.367 0.0000000000
63313  -48.949  -28.556  70.439 0.0000000000
63314  -49.536  -28.718  70.001 0.0000000000
64470  -49.323  -28.173  70.112 0.0000000000
70116  -49.157  -22.085  68.922 0.0000000000
70126  -48.825  -22.770  68.718 0.0000000000
68922  -49.455  -23.017  68.158 0.0000000000
68970  -49.644  -24.304  65.534 0.0000000000
67885  -49.115  -24.867  65.763 0.0000000000
66812  -49.556  -25.959  63.520 0.0000000000
74761  -55.875  -18.982  61.367 0.0000000000
71434  -55.536  -22.016  61.467 0.0000000000
55111  -43.577  -36.518  71.169 0.0000000000
71339  -47.800  -21.235  67.978 0.0000000000
71392  -48.586  -21.707  64.875 0.0000000000
72474  -49.801  -20.951  66.416 0.0000000000
72487  -50.058  -20.916  65.193 0.0000000000
76927  -55.402  -16.832  57.745 0.0000000000
75865  -55.271  -17.325  58.059 0.0000000000
75849  -55.291  -17.273  59.037 0.0000000000
75833  -55.450  -17.118  59.795 0.0000000000
75834  -55.789  -16.680  59.898 0.0000000000
75823  -56.474  -17.361  60.195 0.0000000000
138034  -56.571  -18.844  59.280 0.0000000000
138030  -56.096  -19.708  59.373 0.0000000000
138026  -56.396  -19.297  59.086 0.0000000000
138031  -56.537  -20.240  57.865 0.0000000000
73741  -56.569  -19.660  58.181 0.0000000000
74809  -57.358  -18.284  57.741 0.0000000000
79087  -57.162  -14.425  58.275 0.0000000000
76946  -57.984  -16.696  56.860 0.0000000000
51684  -48.339  -38.078  66.056 0.0000000000
52824  -48.506  -37.473  67.589 0.0000000000
53945  -48.476  -36.181  69.464 0.0000000000
53962  -48.687  -36.491  68.729 0.0000000000
53946  -48.985  -35.737  69.145 0.0000000000
55126  -48.841  -35.256  69.509 0.0000000000
55097  -47.207  -35.334  71.334 0.0000000000
57417  -47.856  -33.349  71.115 0.0000000000
59841  -47.224  -31.491  71.838 0.0000000000
62149  -46.477  -29.660  71.481 0.0000000000
44749  -17.042  -44.294  77.268 0.0000000000
46046  -17.182  -43.716  78.033 0.0000000000
47136  -18.603  -42.639  79.572 0.0000000000
48138  -19.387  -41.622  80.290 0.0000000000
47112  -19.903  -42.253  80.993 0.0000000000
44733  -22.597  -43.853  78.054 0.0000000000
43563  -23.304  -44.207  77.549 0.0000000000
43579  -23.313  -44.334  76.725 0.0000000000
43564  -23.818  -44.458  77.875 0.0000000000
48187  -22.437  -41.620  77.563 0.0000000000
48186  -21.730  -41.579  77.983 0.0000000000
47139  -23.882  -42.658  79.444 0.0000000000
46013  -23.605  -43.299  79.541 0.0000000000
43566  -25.401  -44.592  78.205 0.0000000000
44734  -24.974  -44.269  78.553 0.0000000000
43582  -25.181  -44.836  77.659 0.0000000000
43581  -24.607  -44.800  77.371 0.0000000000
42421  -25.567  -45.124  77.216 0.0000000000
42433  -25.786  -45.264  76.628 0.0000000000
43585  -27.827  -44.995  76.972 0.0000000000
42423  -27.033  -45.363  76.736 0.0000000000
42424  -27.681  -45.396  76.399 0.0000000000
42453  -27.750  -45.859  75.278 0.0000000000
43587  -30.301  -44.935  76.716 0.0000000000
43607  -29.794  -45.384  76.236 0.0000000000
42437  -29.306  -45.691  75.631 0.0000000000
42456  -30.548  -46.151  74.911 0.0000000000
42458  -31.664  -45.982  74.623 0.0000000000
42472  -31.436  -46.347  74.373 0.0000000000
42473  -31.893  -46.348  74.040 0.0000000000
41327  -31.994  -47.152  73.459 0.0000000000
42485  -32.362  -46.499  73.469 0.0000000000
44773  -34.758  -43.549  75.941 0.0000000000
44772  -33.958  -43.690  76.278 0.0000000000
44758  -33.550  -43.460  76.717 0.0000000000
43628  -33.423  -44.266  75.862 0.0000000000
43642  -33.464  -44.681  75.097 0.0000000000
42487  -33.290  -45.935  72.695 0.0000000000
42497  -33.454  -46.786  72.592 0.0000000000
43694  -35.029  -45.466  70.577 0.0000000000
42522  -34.813  -46.179  70.885 0.0000000000
42523  -35.565  -46.393  70.362 0.0000000000
44839  -37.062  -44.152  72.535 0.0000000000
44859  -37.484  -44.132  71.509 0.0000000000
49345  -39.513  -41.043  73.434 0.0000000000
47222  -41.048  -42.319  73.474 0.0000000000
48256  -40.853  -41.808  73.585 0.0000000000
46095  -40.567  -42.925  73.513 0.0000000000
46107  -41.090  -43.037  73.071 0.0000000000
49349  -43.429  -40.460  73.332 0.0000000000
48273  -42.614  -41.446  73.376 0.0000000000
46121  -42.948  -42.973  71.901 0.0000000000
46120  -42.637  -43.013  72.195 0.0000000000
44845  -42.327  -43.149  72.113 0.0000000000
44844  -41.819  -43.213  72.090 0.0000000000
44865  -42.211  -43.278  71.647 0.0000000000
44885  -41.758  -43.484  71.065 0.0000000000
46141  -42.319  -43.179  70.667 0.0000000000
48390  -45.348  -41.825  67.503 0.0000000000
48407  -45.869  -41.239  67.062 0.0000000000
49500  -46.481  -40.405  66.755 0.0000000000
50539  -46.805  -39.832  66.833 0.0000000000
51670  -47.742  -38.728  66.464 0.0000000000
46007  -17.028  -43.303  79.420 0.0000000000
46006  -16.242  -43.983  79.655 0.0000000000
44715  -16.732  -43.890  78.887 0.0000000000
59863  -49.847  -31.424  69.267 0.0000000000
58687  -49.859  -32.389  68.833 0.0000000000
58688  -50.173  -32.078  68.414 0.0000000000
66720  -46.295  -25.471  70.561 0.0000000000
66708  -46.566  -26.117  70.799 0.0000000000
65615  -49.019  -27.155  69.492 0.0000000000
65627  -49.349  -27.125  68.855 0.0000000000
66755  -48.202  -25.591  67.806 0.0000000000
64505  -51.120  -27.332  67.746 0.0000000000
64506  -51.872  -27.565  67.349 0.0000000000
72506  -51.614  -20.418  64.854 0.0000000000
74753  -55.395  -19.143  61.924 0.0000000000
73649  -54.471  -20.022  63.779 0.0000000000
73681  -53.840  -19.643  61.762 0.0000000000
72552  -53.366  -20.016  62.551 0.0000000000
72543  -52.945  -20.160  63.185 0.0000000000
73648  -53.960  -20.042  64.231 0.0000000000
70190  -54.336  -21.920  64.850 0.0000000000
71381  -54.071  -21.383  65.494 0.0000000000
70172  -53.772  -21.961  65.702 0.0000000000
70157  -53.444  -21.758  66.182 0.0000000000
68991  -53.365  -22.935  64.728 0.0000000000
69011  -52.340  -23.472  63.761 0.0000000000
53894  -45.310  -36.794  72.336 0.0000000000
55077  -45.253  -35.973  72.226 0.0000000000
48252  -37.534  -41.411  74.500 0.0000000000
47204  -37.875  -42.425  74.349 0.0000000000
48253  -38.259  -41.569  74.281 0.0000000000
47205  -38.627  -42.213  74.152 0.0000000000
48254  -39.007  -41.813  74.111 0.0000000000
52730  -43.574  -37.460  72.236 0.0000000000
52715  -43.448  -37.713  72.357 0.0000000000
52716  -43.665  -37.628  72.544 0.0000000000
52717  -44.030  -37.720  72.840 0.0000000000
52718  -44.550  -37.746  72.808 0.0000000000
53880  -44.866  -37.059  72.570 0.0000000000
63291  -47.581  -28.424  71.410 0.0000000000
64448  -47.881  -27.574  71.024 0.0000000000
70128  -50.313  -22.148  68.276 0.0000000000
70138  -49.893  -22.862  68.026 0.0000000000
68938  -50.610  -23.056  67.225 0.0000000000
67886  -49.572  -24.525  65.084 0.0000000000
67920  -49.475  -25.245  63.841 0.0000000000
67905  -49.788  -24.520  64.329 0.0000000000
67922  -50.578  -24.250  62.930 0.0000000000
73700  -56.109  -19.660  60.470 0.0000000000
70247  -55.798  -22.471  59.457 0.0000000000
76928  -55.637  -16.399  58.183 0.0000000000
76900  -56.181  -16.616  60.023 0.0000000000
76901  -56.497  -16.725  59.620 0.0000000000
75851  -56.807  -17.701  58.988 0.0000000000
74808  -56.852  -18.273  58.683 0.0000000000
81290  -56.084  -12.131  58.345 0.0000000000
80176  -56.905  -13.561  58.363 0.0000000000
81292  -57.054  -13.253  58.179 0.0000000000
80188  -57.252  -13.910  57.668 0.0000000000
78045  -57.692  -15.908  56.532 0.0000000000
51662  -47.942  -37.759  67.892 0.0000000000
53929  -48.129  -35.831  70.197 0.0000000000
57408  -46.592  -33.501  72.238 0.0000000000
58656  -46.928  -32.512  72.140 0.0000000000
62148  -46.019  -30.093  71.159 0.0000000000
46028  -17.604  -43.282  78.524 0.0000000000
47135  -18.001  -42.595  79.614 0.0000000000
47121  -18.590  -42.459  79.986 0.0000000000
44718  -23.299  -43.892  79.242 0.0000000000
43556  -25.917  -44.342  78.633 0.0000000000
42422  -26.239  -45.282  77.038 0.0000000000
43608  -30.956  -45.473  75.968 0.0000000000
42439  -30.825  -45.823  75.364 0.0000000000
43625  -31.188  -45.703  75.400 0.0000000000
43626  -31.809  -45.530  75.256 0.0000000000
47188  -35.995  -42.444  75.746 0.0000000000
47187  -35.277  -42.402  76.127 0.0000000000
46067  -35.520  -43.081  75.870 0.0000000000
44802  -34.337  -44.284  74.697 0.0000000000
43669  -33.759  -45.017  72.221 0.0000000000
44878  -34.874  -44.858  70.888 0.0000000000
44860  -38.634  -44.241  71.536 0.0000000000
46156  -40.060  -43.714  68.725 0.0000000000
46157  -40.732  -43.633  69.125 0.0000000000
49366  -41.111  -40.763  72.737 0.0000000000
49346  -40.334  -41.288  73.428 0.0000000000
49329  -41.134  -41.508  73.528 0.0000000000
48257  -41.702  -41.642  73.468 0.0000000000
48275  -44.136  -41.167  72.685 0.0000000000
48289  -43.729  -41.756  72.555 0.0000000000
47251  -43.546  -42.305  71.981 0.0000000000
46131  -42.774  -43.017  71.312 0.0000000000
46142  -42.700  -42.997  70.542 0.0000000000
47281  -42.982  -42.881  70.884 0.0000000000
46143  -43.253  -42.855  69.768 0.0000000000
46161  -43.573  -43.000  69.152 0.0000000000
48368  -44.359  -42.642  68.687 0.0000000000
50473  -45.779  -38.821  70.050 0.0000000000
50486  -45.666  -39.177  69.557 0.0000000000
51660  -46.941  -38.979  67.423 0.0000000000
48164  -15.937  -42.210  79.117 0.0000000000
48150  -15.778  -42.370  79.622 0.0000000000
45992  -16.855  -43.001  80.079 0.0000000000
61056  -50.310  -30.549  69.057 0.0000000000
59864  -50.264  -31.407  68.725 0.0000000000
61062  -50.666  -30.508  68.478 0.0000000000
67816  -46.383  -24.245  69.604 0.0000000000
67799  -46.522  -24.944  70.122 0.0000000000
66731  -47.435  -25.100  69.465 0.0000000000
66744  -47.832  -25.438  68.793 0.0000000000
65667  -49.522  -26.471  66.163 0.0000000000
65666  -48.935  -26.296  66.793 0.0000000000
72544  -55.591  -20.482  62.872 0.0000000000
72528  -55.090  -20.399  63.579 0.0000000000
72510  -54.965  -20.825  64.035 0.0000000000
72509  -54.467  -20.594  64.470 0.0000000000
71396  -54.815  -21.098  64.320 0.0000000000
69013  -54.240  -22.906  63.811 0.0000000000
69030  -52.990  -23.357  62.968 0.0000000000
78014  -56.219  -14.598  58.333 0.0000000000
79097  -55.935  -14.048  58.268 0.0000000000
80186  -55.745  -13.335  58.314 0.0000000000
81303  -55.580  -12.699  58.213 0.0000000000
81318  -54.502  -12.128  57.123 0.0000000000
82369  -55.941  -11.417  58.208 0.0000000000
52764  -46.839  -36.862  70.623 0.0000000000
55096  -46.693  -35.846  71.511 0.0000000000
55079  -46.711  -34.906  71.889 0.0000000000
56228  -46.340  -34.461  72.216 0.0000000000
58654  -45.710  -32.733  72.056 0.0000000000
59823  -45.756  -32.102  71.820 0.0000000000
48136  -17.850  -41.783  80.166 0.0000000000
49256  -18.276  -41.525  80.085 0.0000000000
49257  -18.726  -41.373  79.944 0.0000000000
49259  -19.935  -41.349  79.400 0.0000000000
48153  -20.335  -41.441  79.406 0.0000000000
48154  -20.923  -41.558  79.300 0.0000000000
48155  -21.972  -41.756  79.407 0.0000000000
46052  -31.522  -43.547  77.377 0.0000000000
46068  -36.329  -42.926  75.578 0.0000000000
46080  -36.648  -43.351  75.248 0.0000000000
44804  -36.411  -44.071  74.413 0.0000000000
44821  -37.785  -44.123  73.407 0.0000000000
44806  -38.280  -43.480  73.733 0.0000000000
44842  -40.175  -43.789  72.372 0.0000000000
49368  -42.704  -39.592  72.557 0.0000000000
51582  -43.548  -38.352  72.948 0.0000000000
49350  -44.219  -40.512  73.066 0.0000000000
49369  -44.566  -40.442  72.195 0.0000000000
49390  -44.561  -40.914  71.683 0.0000000000
48305  -44.857  -40.915  70.767 0.0000000000
49391  -44.923  -40.395  71.256 0.0000000000
50459  -45.265  -39.538  71.454 0.0000000000
51629  -45.453  -39.039  71.105 0.0000000000
51630  -45.809  -38.422  70.733 0.0000000000
52763  -46.588  -37.654  70.224 0.0000000000
58679  -48.829  -32.346  70.154 0.0000000000
59859  -49.297  -31.375  69.876 0.0000000000
62173  -48.572  -29.138  70.806 0.0000000000
62189  -50.311  -29.616  69.290 0.0000000000
63328  -50.661  -28.727  69.093 0.0000000000
68920  -47.869  -23.751  68.734 0.0000000000
68905  -48.469  -22.936  68.779 0.0000000000
68936  -48.718  -23.734  67.786 0.0000000000
67866  -48.423  -24.862  67.217 0.0000000000
68937  -49.637  -23.416  67.439 0.0000000000
67867  -48.959  -24.346  66.725 0.0000000000
66780  -48.890  -25.755  66.242 0.0000000000
74770  -54.865  -18.064  60.284 0.0000000000
74760  -55.510  -18.470  61.181 0.0000000000
74754  -55.624  -19.370  61.976 0.0000000000
73683  -55.768  -19.572  62.003 0.0000000000
72553  -55.971  -20.559  61.728 0.0000000000
72545  -55.868  -20.467  62.216 0.0000000000
70230  -55.285  -22.676  61.442 0.0000000000
56238  -44.110  -35.860  71.449 0.0000000000
56252  -44.014  -35.450  70.704 0.0000000000
51613  -42.879  -38.047  71.512 0.0000000000
52744  -43.180  -37.581  71.579 0.0000000000
55094  -43.690  -36.712  71.613 0.0000000000
55095  -43.829  -36.475  71.636 0.0000000000
65603  -45.388  -26.121  69.995 0.0000000000
65587  -45.979  -26.470  70.898 0.0000000000
67796  -45.355  -25.094  69.794 0.0000000000
67815  -45.722  -24.403  69.552 0.0000000000
68902  -46.248  -23.401  68.947 0.0000000000
70113  -47.038  -22.494  68.926 0.0000000000
71320  -47.242  -21.956  68.911 0.0000000000
71321  -47.853  -21.523  68.736 0.0000000000
71322  -48.688  -21.438  68.787 0.0000000000
72451  -49.241  -21.240  68.251 0.0000000000
72462  -48.971  -21.015  67.453 0.0000000000
72452  -49.704  -21.413  68.268 0.0000000000
72463  -50.096  -21.204  67.645 0.0000000000
72464  -51.241  -21.293  67.329 0.0000000000
72465  -51.780  -21.381  67.168 0.0000000000
74820  -54.647  -18.141  57.977 0.0000000000
74772  -56.025  -17.957  60.710 0.0000000000
74773  -56.404  -18.538  60.220 0.0000000000
138033  -56.303  -19.209  60.003 0.0000000000
71468  -56.369  -21.776  58.102 0.0000000000
78002  -56.959  -15.252  58.565 0.0000000000
76929  -57.562  -16.368  57.707 0.0000000000
52805  -48.793  -36.621  68.377 0.0000000000
52825  -49.010  -36.838  67.714 0.0000000000
55127  -49.309  -35.266  68.971 0.0000000000
56265  -49.162  -34.674  69.342 0.0000000000
53928  -47.646  -36.251  70.350 0.0000000000
55113  -47.847  -35.532  70.602 0.0000000000
56240  -47.564  -34.282  71.304 0.0000000000
57418  -48.472  -33.341  70.424 0.0000000000
61022  -47.592  -30.385  71.517 0.0000000000
56239  -44.510  -35.152  71.434 0.0000000000
58667  -45.188  -33.638  71.097 0.0000000000
58677  -45.232  -33.359  70.643 0.0000000000
59840  -45.626  -32.008  71.346 0.0000000000
64467  -45.358  -26.743  69.912 0.0000000000
44750  -17.721  -44.046  76.725 0.0000000000
48125  -18.442  -42.000  80.526 0.0000000000
47111  -18.835  -42.256  80.454 0.0000000000
48142  -23.033  -42.149  80.003 0.0000000000
43554  -23.867  -44.313  78.874 0.0000000000
44719  -24.327  -44.086  79.067 0.0000000000
42434  -26.497  -45.481  76.343 0.0000000000
43606  -28.736  -45.304  76.352 0.0000000000
41313  -31.302  -46.761  74.013 0.0000000000
47160  -31.731  -42.481  77.465 0.0000000000
46053  -32.340  -42.952  77.362 0.0000000000
48217  -34.155  -41.708  76.618 0.0000000000
46054  -33.356  -42.946  77.171 0.0000000000
44757  -32.892  -43.675  76.805 0.0000000000
43590  -32.498  -44.099  76.647 0.0000000000
43610  -32.790  -44.277  76.257 0.0000000000
43627  -32.689  -44.834  75.573 0.0000000000
43655  -32.486  -45.756  73.834 0.0000000000
44838  -35.918  -44.054  72.612 0.0000000000
44879  -35.627  -44.713  70.505 0.0000000000
44880  -36.813  -44.207  70.447 0.0000000000
44902  -35.757  -45.089  69.822 0.0000000000
49364  -39.320  -40.742  72.650 0.0000000000
49328  -39.538  -41.477  73.816 0.0000000000
44808  -40.010  -43.283  73.538 0.0000000000
44843  -41.058  -43.256  72.094 0.0000000000
47223  -41.906  -42.214  73.386 0.0000000000
46109  -42.409  -42.808  72.612 0.0000000000
46108  -41.676  -42.915  72.831 0.0000000000
44825  -41.348  -43.088  72.592 0.0000000000
44884  -41.103  -43.657  70.926 0.0000000000
44908  -41.647  -43.469  70.421 0.0000000000
46158  -41.572  -43.480  69.470 0.0000000000
46159  -42.340  -43.162  69.851 0.0000000000
49431  -45.000  -41.003  69.255 0.0000000000
50501  -45.277  -40.339  68.638 0.0000000000
49450  -45.299  -41.054  68.136 0.0000000000
50565  -46.627  -39.660  65.702 0.0000000000
50540  -47.127  -39.397  66.744 0.0000000000
50566  -47.292  -39.318  65.994 0.0000000000
44730  -16.264  -44.677  78.439 0.0000000000
43578  -16.375  -44.953  77.647 0.0000000000
65606  -47.804  -26.748  70.573 0.0000000000
66721  -47.127  -25.744  70.344 0.0000000000
66722  -47.790  -26.301  70.198 0.0000000000
64480  -49.023  -27.357  69.833 0.0000000000
64481  -49.785  -27.911  69.436 0.0000000000
63341  -50.829  -28.344  68.711 0.0000000000
67835  -47.779  -24.271  68.637 0.0000000000
65638  -48.594  -26.414  68.410 0.0000000000
65639  -49.438  -26.881  68.036 0.0000000000
65628  -50.009  -27.314  68.369 0.0000000000
64493  -50.777  -27.790  68.382 0.0000000000
63342  -51.254  -28.660  68.474 0.0000000000
72504  -50.153  -20.924  64.589 0.0000000000
72488  -50.861  -20.685  65.630 0.0000000000
72476  -52.120  -21.012  66.686 0.0000000000
70141  -52.404  -21.862  66.851 0.0000000000
73698  -54.340  -18.777  60.566 0.0000000000
73697  -53.244  -19.509  60.324 0.0000000000
73667  -54.755  -19.478  62.692 0.0000000000
72542  -52.031  -20.565  63.053 0.0000000000
72525  -52.293  -20.211  64.029 0.0000000000
72508  -53.721  -20.210  64.858 0.0000000000
72491  -53.784  -20.896  65.602 0.0000000000
72507  -52.647  -20.137  65.003 0.0000000000
72477  -53.077  -21.106  66.267 0.0000000000
70156  -52.865  -22.041  66.519 0.0000000000
68973  -52.343  -23.009  65.540 0.0000000000
69010  -51.208  -23.813  63.295 0.0000000000
69028  -51.419  -23.784  62.682 0.0000000000
69046  -52.356  -23.546  62.067 0.0000000000
69045  -51.556  -23.771  62.167 0.0000000000
67945  -51.072  -24.252  61.636 0.0000000000
41339  -33.367  -47.118  72.681 0.0000000000
42420  -25.144  -44.946  77.276 0.0000000000
42432  -25.196  -45.023  76.893 0.0000000000
42471  -30.999  -46.403  74.525 0.0000000000
43552  -23.218  -44.081  78.252 0.0000000000
43555  -25.673  -44.435  78.525 0.0000000000
43562  -16.280  -44.779  78.158 0.0000000000
43611  -33.373  -44.015  76.181 0.0000000000
43654  -32.181  -46.082  73.944 0.0000000000
44720  -25.378  -44.099  78.866 0.0000000000
44736  -26.882  -44.358  78.402 0.0000000000
44756  -32.173  -43.889  77.037 0.0000000000
44846  -42.621  -43.130  72.011 0.0000000000
44864  -41.788  -43.343  71.559 0.0000000000
44866  -42.553  -43.156  71.744 0.0000000000
44886  -42.183  -43.356  71.065 0.0000000000
44903  -36.400  -44.864  69.519 0.0000000000
46082  -38.011  -42.828  74.158 0.0000000000
46097  -42.008  -42.635  73.080 0.0000000000
47122  -18.921  -42.581  79.822 0.0000000000
47125  -22.955  -42.558  80.021 0.0000000000
47126  -23.397  -42.716  79.778 0.0000000000
47174  -33.880  -42.281  77.161 0.0000000000
47189  -36.616  -42.423  75.390 0.0000000000
47237  -43.169  -42.294  72.700 0.0000000000
48237  -37.641  -41.940  74.548 0.0000000000
48238  -38.291  -41.970  74.298 0.0000000000
48271  -40.655  -41.556  73.608 0.0000000000
49347  -41.274  -41.151  73.361 0.0000000000
49363  -38.451  -40.626  72.577 0.0000000000
49451  -45.498  -40.349  68.132 0.0000000000
49501  -46.810  -39.877  66.590 0.0000000000
50519  -47.060  -39.140  67.198 0.0000000000
52803  -47.714  -37.381  68.721 0.0000000000
53892  -43.607  -37.218  72.021 0.0000000000
53909  -43.528  -37.073  71.653 0.0000000000
53910  -43.714  -36.877  71.856 0.0000000000
56251  -43.573  -36.015  70.667 0.0000000000
56253  -44.546  -34.730  70.948 0.0000000000
61003  -46.007  -31.506  71.799 0.0000000000
64482  -50.528  -28.199  68.897 0.0000000000
65590  -47.413  -26.952  71.059 0.0000000000
65604  -45.669  -26.319  70.486 0.0000000000
66707  -46.071  -26.022  70.783 0.0000000000
66709  -46.935  -26.223  70.833 0.0000000000
67797  -45.513  -25.012  69.969 0.0000000000
67884  -48.678  -25.115  66.557 0.0000000000
67934  -50.957  -24.042  62.468 0.0000000000
67944  -50.689  -24.903  61.195 0.0000000000
67957  -50.897  -25.034  60.665 0.0000000000
68904  -47.783  -23.328  68.848 0.0000000000
68921  -48.612  -23.356  68.386 0.0000000000
68990  -52.650  -23.155  64.883 0.0000000000
69009  -50.551  -24.123  63.364 0.0000000000
70112  -46.698  -22.719  68.721 0.0000000000
70125  -46.824  -22.229  68.683 0.0000000000
70127  -49.534  -22.451  68.489 0.0000000000
70140  -51.981  -22.100  67.102 0.0000000000
70154  -51.039  -22.893  67.060 0.0000000000
70170  -52.069  -22.898  65.937 0.0000000000
70173  -54.181  -21.642  65.271 0.0000000000
70188  -53.223  -22.827  65.040 0.0000000000
70189  -53.805  -22.572  64.783 0.0000000000
70208  -54.151  -22.770  64.147 0.0000000000
70255  -55.404  -20.372  58.085 0.0000000000
70256  -55.505  -20.601  57.767 0.0000000000
70257  -55.864  -20.615  57.846 0.0000000000
70265  -56.062  -20.298  58.131 0.0000000000
71304  -47.280  -22.187  68.965 0.0000000000
71305  -47.518  -22.034  69.021 0.0000000000
71306  -48.190  -21.896  69.052 0.0000000000
71307  -48.840  -21.851  69.012 0.0000000000
71323  -49.468  -21.667  68.722 0.0000000000
71338  -47.258  -21.775  68.411 0.0000000000
71341  -50.014  -21.563  68.288 0.0000000000
71342  -50.685  -21.713  68.055 0.0000000000
71344  -52.132  -21.766  67.032 0.0000000000
71359  -47.669  -21.512  67.104 0.0000000000
71362  -52.049  -21.510  67.016 0.0000000000
71363  -52.589  -21.554  66.703 0.0000000000
71364  -53.236  -21.551  66.315 0.0000000000
71393  -49.615  -21.246  64.365 0.0000000000
71394  -50.295  -20.932  64.208 0.0000000000
71411  -54.739  -21.592  64.338 0.0000000000
71426  -55.922  -20.863  62.050 0.0000000000
71452  -54.970  -21.035  58.396 0.0000000000
71467  -55.662  -21.089  57.794 0.0000000000
71480  -56.259  -20.399  57.921 0.0000000000
71481  -56.648  -20.717  57.790 0.0000000000
72450  -48.478  -21.085  68.260 0.0000000000
72461  -48.358  -21.022  67.817 0.0000000000
72478  -53.477  -21.275  66.064 0.0000000000
72490  -52.937  -20.492  65.833 0.0000000000
72492  -54.251  -21.024  65.180 0.0000000000
72527  -54.735  -20.244  63.783 0.0000000000
72581  -55.164  -20.471  58.415 0.0000000000
72582  -55.578  -20.552  58.951 0.0000000000
73638  -53.953  -20.147  64.549 0.0000000000
73639  -54.134  -20.196  64.392 0.0000000000
73669  -55.788  -19.969  62.309 0.0000000000
74791  -55.023  -17.645  59.696 0.0000000000
75821  -55.672  -17.053  60.211 0.0000000000
75835  -56.769  -17.368  59.411 0.0000000000
75866  -55.484  -16.944  58.617 0.0000000000
76891  -56.123  -16.784  60.253 0.0000000000
78012  -55.369  -14.919  57.441 0.0000000000
79085  -56.288  -13.837  58.453 0.0000000000
79098  -56.258  -14.282  58.429 0.0000000000
80177  -57.229  -13.783  58.068 0.0000000000
80185  -55.261  -13.385  57.931 0.0000000000
82379  -54.827  -11.619  57.367 0.0000000000
138025  -56.412  -19.198  59.411 0.0000000000
138027  -55.911  -20.179  58.617 0.0000000000
138028  -55.799  -20.085  59.030 0.0000000000
138029  -56.229  -20.036  58.329 0.0000000000
138032  -56.332  -20.125  58.080 0.0000000000
