#!ascii label  , from subject MOT01 vox2ras=TkReg
1919
52861  -47.259  -37.154  64.255 0.0000000000
39117  -33.617  -49.172  72.490 0.0000000000
61245  -51.544  -31.210  53.123 0.0000000000
58866  -40.492  -32.567  54.648 0.0000000000
62272  -49.997  -29.352  62.109 0.0000000000
43756  -43.270  -45.766  66.681 0.0000000000
42701  -33.622  -46.417  59.063 0.0000000000
50663  -34.706  -39.908  55.882 0.0000000000
43622  -24.306  -44.653  74.796 0.0000000000
70259  -56.898  -22.517  58.049 0.0000000000
42607  -28.280  -46.433  63.952 0.0000000000
55311  -43.639  -35.145  59.292 0.0000000000
61180  -45.706  -30.607  58.076 0.0000000000
57508  -47.699  -33.232  63.147 0.0000000000
48415  -45.559  -41.759  65.973 0.0000000000
47337  -39.067  -43.078  62.897 0.0000000000
51764  -40.827  -38.822  60.977 0.0000000000
54166  -37.590  -36.254  55.201 0.0000000000
72671  -59.350  -20.650  55.181 0.0000000000
42470  -28.883  -46.512  74.432 0.0000000000
44899  -25.912  -44.275  69.498 0.0000000000
42541  -30.717  -46.147  68.490 0.0000000000
59989  -52.121  -32.107  57.382 0.0000000000
41392  -38.556  -47.730  68.763 0.0000000000
41426  -36.516  -47.390  66.404 0.0000000000
40354  -39.389  -48.560  62.504 0.0000000000
45110  -35.501  -44.455  57.412 0.0000000000
46064  -20.171  -43.106  76.196 0.0000000000
65670  -52.438  -26.987  65.271 0.0000000000
63434  -54.591  -29.077  60.194 0.0000000000
69049  -54.958  -23.093  61.645 0.0000000000
61224  -58.679  -30.025  56.227 0.0000000000
63545  -59.113  -27.832  52.930 0.0000000000
46138  -21.820  -43.341  70.357 0.0000000000
43835  -30.816  -45.077  62.495 0.0000000000
54068  -45.827  -36.204  62.463 0.0000000000
56401  -46.740  -34.366  61.430 0.0000000000
55233  -48.087  -35.407  63.592 0.0000000000
50565  -46.627  -39.660  65.702 0.0000000000
50591  -43.368  -39.889  63.959 0.0000000000
51753  -44.143  -37.804  62.617 0.0000000000
52936  -42.644  -36.975  60.511 0.0000000000
62458  -48.841  -29.723  49.995 0.0000000000
64671  -50.256  -27.857  51.706 0.0000000000
40188  -31.356  -47.900  72.925 0.0000000000
41352  -30.248  -47.631  71.410 0.0000000000
40224  -32.364  -48.442  70.826 0.0000000000
61241  -41.255  -30.037  53.296 0.0000000000
62319  -47.551  -29.603  59.419 0.0000000000
63475  -47.181  -28.540  56.722 0.0000000000
63460  -49.402  -28.839  57.417 0.0000000000
62372  -49.917  -30.542  55.108 0.0000000000
62321  -51.705  -30.034  59.118 0.0000000000
42575  -40.565  -46.521  66.759 0.0000000000
38159  -40.331  -49.916  65.957 0.0000000000
40323  -41.615  -48.291  64.570 0.0000000000
48451  -36.878  -41.442  59.832 0.0000000000
46259  -36.888  -43.986  59.856 0.0000000000
47419  -35.429  -42.373  56.482 0.0000000000
56479  -39.265  -34.528  54.888 0.0000000000
64554  -53.136  -27.757  62.277 0.0000000000
66889  -54.544  -25.529  56.677 0.0000000000
65790  -57.893  -26.264  56.363 0.0000000000
63513  -58.093  -28.827  54.373 0.0000000000
65800  -59.806  -26.433  55.146 0.0000000000
68028  -60.140  -24.495  53.165 0.0000000000
44769  -22.723  -44.031  76.235 0.0000000000
46104  -20.722  -43.127  73.311 0.0000000000
44816  -23.154  -43.514  73.284 0.0000000000
44958  -27.465  -44.116  66.438 0.0000000000
44935  -24.821  -43.687  66.793 0.0000000000
43775  -26.422  -45.583  64.504 0.0000000000
42636  -35.919  -46.060  63.013 0.0000000000
42612  -33.699  -45.538  64.492 0.0000000000
45025  -33.160  -44.688  60.898 0.0000000000
56470  -42.287  -34.174  57.156 0.0000000000
60010  -43.459  -31.755  56.103 0.0000000000
57627  -45.047  -33.385  58.470 0.0000000000
59954  -46.636  -31.723  60.381 0.0000000000
62258  -48.188  -30.189  63.009 0.0000000000
44981  -45.134  -44.331  66.648 0.0000000000
43784  -42.428  -45.708  64.834 0.0000000000
47327  -42.719  -42.744  64.820 0.0000000000
49548  -40.100  -40.952  62.400 0.0000000000
50650  -37.814  -39.113  58.811 0.0000000000
52978  -35.393  -37.674  55.522 0.0000000000
52966  -39.353  -37.441  58.023 0.0000000000
54154  -40.646  -35.977  57.395 0.0000000000
71483  -58.446  -21.396  56.590 0.0000000000
75867  -57.694  -17.327  57.363 0.0000000000
42467  -26.373  -45.431  75.215 0.0000000000
43665  -25.279  -44.674  72.222 0.0000000000
43680  -27.372  -45.747  71.852 0.0000000000
43718  -28.568  -45.505  68.870 0.0000000000
43766  -30.132  -44.916  66.139 0.0000000000
62369  -44.219  -29.474  55.360 0.0000000000
58869  -50.370  -32.973  54.269 0.0000000000
57660  -52.143  -33.511  54.787 0.0000000000
40216  -36.867  -49.080  71.309 0.0000000000
39162  -35.027  -49.769  69.504 0.0000000000
38128  -38.097  -50.460  67.853 0.0000000000
40320  -38.256  -48.616  63.725 0.0000000000
41529  -36.645  -47.665  60.479 0.0000000000
43820  -39.412  -46.013  62.815 0.0000000000
42705  -37.828  -46.953  59.949 0.0000000000
42728  -33.832  -46.256  57.888 0.0000000000
53982  -49.569  -36.004  67.453 0.0000000000
42498  -33.772  -46.568  72.212 0.0000000000
44925  -38.164  -44.560  68.281 0.0000000000
46177  -41.421  -43.618  68.459 0.0000000000
56307  -49.951  -33.898  66.733 0.0000000000
59884  -50.018  -31.438  66.591 0.0000000000
62234  -50.559  -29.619  65.125 0.0000000000
64506  -51.872  -27.565  67.349 0.0000000000
62236  -52.553  -29.128  64.593 0.0000000000
61114  -53.583  -30.518  62.311 0.0000000000
58784  -54.043  -32.770  59.694 0.0000000000
58851  -54.435  -32.721  57.102 0.0000000000
66865  -52.023  -25.173  58.599 0.0000000000
61183  -56.884  -30.436  58.056 0.0000000000
62374  -53.861  -29.892  55.251 0.0000000000
64647  -53.850  -27.609  53.462 0.0000000000
66902  -60.535  -25.545  54.029 0.0000000000
44814  -18.563  -43.851  73.613 0.0000000000
46188  -20.387  -43.875  67.221 0.0000000000
44874  -24.074  -44.050  70.030 0.0000000000
46205  -23.024  -43.542  66.475 0.0000000000
41405  -33.647  -47.296  68.167 0.0000000000
42587  -31.993  -45.751  65.372 0.0000000000
42652  -29.772  -45.973  63.271 0.0000000000
43854  -27.257  -44.699  61.151 0.0000000000
52879  -46.281  -36.899  63.378 0.0000000000
54070  -47.163  -35.791  62.862 0.0000000000
54041  -47.825  -36.649  64.290 0.0000000000
51708  -47.031  -38.346  64.793 0.0000000000
51706  -44.862  -38.731  64.137 0.0000000000
51734  -45.841  -37.707  63.744 0.0000000000
52899  -44.529  -37.285  62.394 0.0000000000
60063  -50.992  -31.658  51.887 0.0000000000
62430  -50.039  -29.774  51.408 0.0000000000
63559  -49.549  -28.538  51.214 0.0000000000
63544  -50.961  -29.363  52.765 0.0000000000
39115  -32.371  -48.605  72.574 0.0000000000
39125  -31.592  -48.620  72.013 0.0000000000
38059  -32.886  -49.668  71.768 0.0000000000
60051  -39.877  -31.380  53.412 0.0000000000
60039  -40.827  -31.536  54.144 0.0000000000
62300  -48.227  -29.297  59.936 0.0000000000
63430  -48.262  -29.148  59.348 0.0000000000
63432  -49.567  -28.932  59.208 0.0000000000
63446  -50.026  -28.954  58.497 0.0000000000
62302  -50.695  -29.325  59.677 0.0000000000
43755  -42.216  -45.669  66.683 0.0000000000
40282  -41.706  -48.456  66.407 0.0000000000
40284  -43.034  -47.598  66.087 0.0000000000
49590  -35.757  -40.322  57.736 0.0000000000
48450  -36.223  -41.967  59.123 0.0000000000
48493  -35.258  -41.286  56.535 0.0000000000
48551  -34.446  -41.541  54.435 0.0000000000
57656  -39.902  -33.589  54.817 0.0000000000
57665  -38.505  -33.481  54.012 0.0000000000
58874  -38.568  -32.835  53.618 0.0000000000
67983  -56.264  -23.593  58.107 0.0000000000
68006  -57.561  -24.572  56.721 0.0000000000
65791  -58.584  -26.287  56.151 0.0000000000
68007  -58.410  -24.125  56.434 0.0000000000
44770  -23.218  -44.243  75.788 0.0000000000
44800  -22.775  -43.632  74.353 0.0000000000
44801  -23.808  -43.969  74.095 0.0000000000
44986  -28.006  -44.600  64.747 0.0000000000
44985  -26.881  -44.595  64.616 0.0000000000
43776  -27.575  -45.511  64.329 0.0000000000
41459  -26.336  -47.537  64.471 0.0000000000
41460  -27.246  -47.312  63.904 0.0000000000
42674  -35.030  -46.357  60.785 0.0000000000
43817  -34.807  -45.430  61.913 0.0000000000
43857  -33.467  -45.689  59.679 0.0000000000
56445  -43.010  -34.799  58.371 0.0000000000
57625  -43.485  -33.701  57.595 0.0000000000
56447  -44.438  -34.533  59.188 0.0000000000
57526  -47.601  -33.794  62.741 0.0000000000
58771  -46.827  -33.240  61.189 0.0000000000
58745  -47.504  -32.696  62.625 0.0000000000
61123  -47.498  -30.779  62.112 0.0000000000
59906  -47.936  -31.420  63.547 0.0000000000
47323  -45.306  -42.838  66.490 0.0000000000
46223  -43.881  -43.561  65.481 0.0000000000
47329  -44.447  -42.459  65.481 0.0000000000
50621  -42.154  -39.276  62.294 0.0000000000
49543  -41.888  -40.584  63.382 0.0000000000
50628  -40.398  -39.528  61.337 0.0000000000
49563  -39.042  -40.106  60.772 0.0000000000
50640  -39.416  -38.861  59.696 0.0000000000
51788  -38.833  -38.174  58.690 0.0000000000
51777  -39.804  -38.217  59.402 0.0000000000
54120  -42.941  -36.126  59.744 0.0000000000
52956  -41.582  -36.558  58.839 0.0000000000
55309  -42.135  -35.622  58.467 0.0000000000
55330  -41.373  -35.057  57.296 0.0000000000
42469  -28.155  -46.373  74.371 0.0000000000
43653  -26.927  -45.753  73.532 0.0000000000
42484  -28.343  -46.585  73.003 0.0000000000
41374  -30.341  -46.941  69.781 0.0000000000
42521  -29.307  -46.644  70.198 0.0000000000
42540  -29.913  -46.168  68.641 0.0000000000
44940  -29.362  -45.078  67.343 0.0000000000
43731  -30.483  -45.528  67.688 0.0000000000
61178  -44.613  -31.071  56.908 0.0000000000
61215  -43.916  -30.477  55.719 0.0000000000
62353  -45.064  -29.697  56.466 0.0000000000
63494  -47.623  -28.384  55.506 0.0000000000
63503  -45.663  -28.395  54.681 0.0000000000
63522  -47.191  -28.740  53.596 0.0000000000
61197  -51.094  -31.287  56.281 0.0000000000
61216  -50.054  -31.694  54.764 0.0000000000
60012  -51.034  -32.264  55.860 0.0000000000
57648  -51.018  -33.476  54.592 0.0000000000
58849  -51.505  -33.046  56.203 0.0000000000
40225  -37.794  -48.728  70.390 0.0000000000
36929  -37.631  -50.362  70.738 0.0000000000
38094  -38.525  -49.875  69.598 0.0000000000
39257  -39.530  -49.300  63.675 0.0000000000
38157  -39.177  -49.686  65.457 0.0000000000
40339  -38.677  -48.978  63.325 0.0000000000
41499  -37.823  -48.389  62.531 0.0000000000
40365  -37.817  -48.236  61.214 0.0000000000
44995  -40.376  -44.759  63.901 0.0000000000
43801  -40.507  -45.798  63.731 0.0000000000
45008  -39.015  -45.107  62.741 0.0000000000
46302  -36.490  -43.836  58.281 0.0000000000
45053  -37.638  -45.140  60.156 0.0000000000
43903  -36.371  -45.318  58.317 0.0000000000
42717  -36.407  -46.665  58.807 0.0000000000
54157  -36.559  -36.742  55.286 0.0000000000
46175  -39.929  -43.825  68.155 0.0000000000
47300  -44.638  -43.003  68.285 0.0000000000
55151  -49.984  -35.014  67.250 0.0000000000
59869  -50.504  -31.479  68.216 0.0000000000
61070  -50.957  -30.051  67.545 0.0000000000
62225  -50.393  -30.057  66.189 0.0000000000
62218  -51.141  -29.673  66.965 0.0000000000
65656  -52.187  -26.925  66.095 0.0000000000
63370  -52.964  -28.186  65.521 0.0000000000
63371  -53.208  -28.308  64.725 0.0000000000
62263  -52.875  -30.107  62.659 0.0000000000
62250  -53.808  -29.244  63.592 0.0000000000
64581  -53.518  -28.225  61.102 0.0000000000
62276  -54.857  -29.893  61.682 0.0000000000
61138  -55.609  -31.094  60.544 0.0000000000
57631  -54.627  -33.268  58.206 0.0000000000
58802  -56.157  -32.175  59.327 0.0000000000
69066  -53.553  -23.490  60.982 0.0000000000
62358  -57.657  -29.161  56.874 0.0000000000
63479  -55.446  -28.396  56.870 0.0000000000
61185  -57.845  -30.504  57.430 0.0000000000
61200  -55.885  -31.011  56.537 0.0000000000
62376  -55.641  -29.863  55.517 0.0000000000
63509  -53.886  -28.717  54.629 0.0000000000
62395  -56.367  -29.253  55.098 0.0000000000
63531  -58.730  -28.136  53.472 0.0000000000
64650  -57.036  -27.799  53.174 0.0000000000
64677  -56.897  -27.390  51.622 0.0000000000
71496  -59.010  -21.442  55.907 0.0000000000
69158  -59.677  -23.268  55.228 0.0000000000
70290  -59.856  -22.965  54.687 0.0000000000
46128  -20.903  -43.260  71.515 0.0000000000
46127  -20.166  -43.367  71.783 0.0000000000
46150  -20.432  -43.478  70.219 0.0000000000
44916  -19.693  -43.950  68.512 0.0000000000
46169  -20.807  -43.519  68.386 0.0000000000
44856  -25.750  -44.709  71.406 0.0000000000
44854  -24.509  -44.081  71.132 0.0000000000
44898  -24.838  -43.994  69.234 0.0000000000
46206  -23.962  -43.515  66.590 0.0000000000
42583  -24.080  -46.534  65.360 0.0000000000
39194  -36.308  -48.945  68.064 0.0000000000
40248  -34.440  -48.485  68.926 0.0000000000
41424  -34.869  -46.750  67.171 0.0000000000
43815  -32.448  -44.849  62.771 0.0000000000
42611  -32.439  -45.670  64.720 0.0000000000
42633  -31.860  -45.659  64.267 0.0000000000
42609  -30.719  -45.681  64.418 0.0000000000
43813  -30.310  -45.668  63.029 0.0000000000
42671  -27.205  -46.074  61.914 0.0000000000
54108  -44.959  -35.733  61.165 0.0000000000
55293  -45.072  -35.062  60.343 0.0000000000
55262  -45.993  -35.411  61.539 0.0000000000
56402  -47.163  -34.788  62.044 0.0000000000
57527  -47.972  -34.289  63.311 0.0000000000
49521  -45.619  -40.851  65.548 0.0000000000
48422  -44.382  -41.646  65.105 0.0000000000
50592  -44.373  -39.584  64.321 0.0000000000
50611  -43.792  -39.154  63.587 0.0000000000
51751  -42.581  -38.546  61.962 0.0000000000
51772  -41.595  -37.869  60.592 0.0000000000
51767  -43.115  -37.631  61.505 0.0000000000
54087  -44.226  -36.541  61.416 0.0000000000
65813  -51.140  -26.773  51.050 0.0000000000
41311  -29.901  -46.956  73.976 0.0000000000
41323  -29.004  -46.955  72.948 0.0000000000
40202  -30.694  -47.851  72.323 0.0000000000
40222  -31.395  -48.168  71.273 0.0000000000
41376  -31.978  -47.598  69.872 0.0000000000
62318  -46.847  -30.013  58.877 0.0000000000
63457  -46.195  -29.329  57.451 0.0000000000
63458  -46.787  -29.190  57.912 0.0000000000
63459  -48.088  -28.701  57.668 0.0000000000
63476  -48.454  -28.587  56.466 0.0000000000
62371  -49.262  -29.818  54.740 0.0000000000
63477  -49.531  -29.003  56.195 0.0000000000
62338  -51.074  -29.986  57.460 0.0000000000
62339  -51.588  -30.254  58.252 0.0000000000
41409  -39.147  -47.434  67.828 0.0000000000
38112  -39.680  -49.512  68.228 0.0000000000
40267  -40.988  -48.521  67.013 0.0000000000
39231  -41.207  -49.327  65.486 0.0000000000
40340  -40.502  -48.534  63.710 0.0000000000
48438  -37.879  -42.205  61.392 0.0000000000
47342  -37.882  -43.245  61.633 0.0000000000
48437  -37.305  -42.621  60.822 0.0000000000
47392  -36.077  -42.670  58.121 0.0000000000
46333  -34.981  -43.194  56.302 0.0000000000
46349  -33.288  -43.040  56.002 0.0000000000
47434  -34.283  -42.327  55.123 0.0000000000
55342  -38.593  -35.310  54.942 0.0000000000
56484  -37.194  -34.557  53.820 0.0000000000
65695  -49.870  -26.565  64.051 0.0000000000
65698  -52.658  -27.303  63.293 0.0000000000
65711  -50.042  -26.356  63.137 0.0000000000
65731  -51.643  -26.878  61.457 0.0000000000
65745  -51.381  -26.301  60.286 0.0000000000
69068  -55.116  -23.106  60.638 0.0000000000
69103  -54.070  -23.824  59.270 0.0000000000
67972  -55.191  -23.764  59.057 0.0000000000
65788  -56.186  -26.319  56.403 0.0000000000
63482  -58.275  -28.165  56.554 0.0000000000
62397  -58.293  -29.423  55.075 0.0000000000
63497  -59.412  -28.642  55.565 0.0000000000
64641  -59.761  -27.982  54.997 0.0000000000
64642  -60.029  -27.503  54.215 0.0000000000
72694  -59.209  -20.725  54.743 0.0000000000
70311  -59.487  -22.479  54.434 0.0000000000
70337  -59.235  -22.831  53.984 0.0000000000
46065  -21.092  -43.367  75.966 0.0000000000
46089  -20.548  -43.149  74.281 0.0000000000
46090  -21.645  -43.196  74.072 0.0000000000
46105  -21.594  -43.139  72.991 0.0000000000
46119  -22.261  -43.375  71.848 0.0000000000
44920  -26.754  -44.451  68.512 0.0000000000
44919  -25.582  -43.989  68.291 0.0000000000
44957  -26.460  -43.865  66.216 0.0000000000
44984  -25.703  -44.651  64.661 0.0000000000
43774  -25.460  -45.564  64.620 0.0000000000
42584  -25.114  -46.892  65.025 0.0000000000
41439  -25.814  -47.301  64.810 0.0000000000
42591  -36.464  -46.888  64.911 0.0000000000
42590  -35.613  -46.313  65.217 0.0000000000
42635  -34.726  -45.449  63.600 0.0000000000
43816  -33.732  -44.827  61.927 0.0000000000
45005  -31.841  -44.690  62.154 0.0000000000
57646  -41.185  -33.453  55.698 0.0000000000
58856  -42.060  -32.335  55.603 0.0000000000
58845  -42.506  -32.647  56.232 0.0000000000
58847  -44.017  -32.460  57.022 0.0000000000
59988  -45.135  -31.882  57.755 0.0000000000
57578  -45.775  -33.804  59.694 0.0000000000
58798  -45.960  -32.696  59.370 0.0000000000
61146  -46.308  -31.408  59.263 0.0000000000
61147  -46.681  -31.010  59.769 0.0000000000
62282  -47.893  -29.835  61.311 0.0000000000
62271  -48.844  -29.493  62.316 0.0000000000
43758  -44.473  -45.185  66.607 0.0000000000
42594  -43.605  -46.485  65.811 0.0000000000
44979  -44.046  -44.897  65.732 0.0000000000
46221  -42.131  -43.775  64.727 0.0000000000
47334  -41.128  -42.860  64.089 0.0000000000
48421  -43.291  -41.712  64.706 0.0000000000
48428  -41.560  -41.426  63.816 0.0000000000
48433  -39.605  -42.020  62.780 0.0000000000
49555  -38.335  -41.264  61.236 0.0000000000
49566  -37.322  -40.460  59.841 0.0000000000
50660  -36.292  -39.464  57.974 0.0000000000
50675  -34.936  -38.845  55.843 0.0000000000
51798  -37.002  -38.669  57.842 0.0000000000
51805  -37.797  -37.725  56.949 0.0000000000
52973  -38.326  -37.248  56.715 0.0000000000
52941  -40.889  -37.547  59.537 0.0000000000
52975  -39.705  -36.937  57.539 0.0000000000
54160  -38.937  -36.213  56.055 0.0000000000
55336  -40.309  -35.125  56.261 0.0000000000
56473  -40.401  -34.482  55.762 0.0000000000
70267  -58.103  -22.284  56.935 0.0000000000
72623  -57.325  -20.301  57.319 0.0000000000
73758  -57.807  -19.228  56.799 0.0000000000
73779  -58.266  -18.820  56.225 0.0000000000
74829  -58.432  -18.442  55.974 0.0000000000
74836  -58.187  -18.394  55.172 0.0000000000
43624  -25.838  -45.215  75.395 0.0000000000
43637  -24.579  -44.478  73.722 0.0000000000
43652  -26.213  -45.463  73.766 0.0000000000
43679  -26.594  -45.323  72.094 0.0000000000
44877  -26.712  -45.016  70.518 0.0000000000
42507  -28.574  -46.684  71.604 0.0000000000
43693  -28.320  -45.878  70.203 0.0000000000
44901  -27.687  -45.124  69.418 0.0000000000
44939  -28.687  -44.970  67.680 0.0000000000
44959  -28.477  -44.436  66.627 0.0000000000
43777  -28.770  -45.334  64.421 0.0000000000
60041  -42.651  -30.725  54.783 0.0000000000
61232  -43.060  -29.873  54.510 0.0000000000
63492  -45.108  -28.957  55.723 0.0000000000
58879  -51.455  -32.977  53.113 0.0000000000
58880  -51.927  -32.736  53.768 0.0000000000
40205  -35.592  -49.100  71.906 0.0000000000
38061  -34.476  -50.433  71.173 0.0000000000
36927  -36.671  -50.670  71.052 0.0000000000
38091  -36.633  -50.603  69.275 0.0000000000
39195  -37.170  -48.976  67.452 0.0000000000
37000  -39.098  -50.746  67.283 0.0000000000
39214  -38.343  -49.506  66.390 0.0000000000
40298  -37.515  -48.033  65.303 0.0000000000
41480  -37.322  -47.691  63.538 0.0000000000
42676  -36.134  -47.053  61.566 0.0000000000
42692  -35.507  -47.137  60.447 0.0000000000
42616  -41.959  -46.752  64.463 0.0000000000
41483  -40.868  -47.700  63.756 0.0000000000
41501  -39.760  -47.983  62.509 0.0000000000
45027  -38.059  -45.125  61.031 0.0000000000
43860  -38.244  -46.222  60.668 0.0000000000
41516  -38.727  -47.906  61.097 0.0000000000
40388  -37.093  -47.698  60.196 0.0000000000
41538  -35.728  -47.375  59.400 0.0000000000
51817  -34.268  -38.514  54.671 0.0000000000
51684  -48.339  -38.078  66.056 0.0000000000
52851  -48.769  -37.101  65.551 0.0000000000
44751  -21.798  -43.531  77.618 0.0000000000
42432  -25.196  -45.023  76.893 0.0000000000
42451  -25.958  -45.323  75.884 0.0000000000
42435  -27.313  -45.618  76.049 0.0000000000
42471  -30.999  -46.403  74.525 0.0000000000
41314  -31.640  -46.638  73.963 0.0000000000
41328  -33.039  -47.470  72.856 0.0000000000
41340  -34.095  -47.706  72.425 0.0000000000
41355  -34.910  -47.536  71.753 0.0000000000
42510  -36.033  -47.142  70.783 0.0000000000
42536  -36.430  -46.535  69.630 0.0000000000
44903  -36.400  -44.864  69.519 0.0000000000
42557  -37.780  -46.208  68.089 0.0000000000
43734  -38.754  -45.661  67.298 0.0000000000
44943  -40.643  -44.822  66.939 0.0000000000
43737  -42.512  -45.021  66.987 0.0000000000
44946  -43.454  -44.588  67.482 0.0000000000
44948  -44.836  -44.316  67.474 0.0000000000
46207  -45.251  -43.707  67.393 0.0000000000
51670  -47.742  -38.728  66.464 0.0000000000
54025  -49.153  -35.884  65.267 0.0000000000
55190  -49.398  -35.144  65.601 0.0000000000
57478  -49.271  -33.567  65.683 0.0000000000
58694  -50.082  -32.731  68.375 0.0000000000
58711  -50.111  -32.677  67.129 0.0000000000
58720  -49.072  -32.487  65.504 0.0000000000
61092  -49.072  -30.747  65.065 0.0000000000
62246  -49.673  -29.713  64.305 0.0000000000
62260  -49.774  -29.543  63.211 0.0000000000
62219  -51.993  -28.867  66.570 0.0000000000
62235  -51.607  -29.323  64.894 0.0000000000
62261  -50.901  -29.557  63.023 0.0000000000
62274  -52.137  -29.900  61.909 0.0000000000
62286  -52.400  -30.142  61.088 0.0000000000
61165  -52.873  -31.268  59.326 0.0000000000
61105  -54.418  -29.723  62.751 0.0000000000
61137  -53.964  -31.307  61.371 0.0000000000
58799  -53.026  -32.918  58.369 0.0000000000
57629  -52.773  -33.407  57.175 0.0000000000
57651  -53.134  -33.209  56.201 0.0000000000
60046  -52.998  -31.395  55.045 0.0000000000
67958  -51.528  -24.441  60.475 0.0000000000
64602  -52.700  -27.238  58.902 0.0000000000
67989  -52.894  -25.141  57.635 0.0000000000
64614  -53.395  -27.599  58.011 0.0000000000
62323  -55.988  -30.250  58.745 0.0000000000
59993  -56.692  -31.883  58.036 0.0000000000
60034  -54.248  -31.229  56.150 0.0000000000
62391  -52.559  -29.812  54.408 0.0000000000
63525  -52.234  -28.949  53.948 0.0000000000
64658  -52.134  -27.432  52.803 0.0000000000
64673  -52.746  -26.971  51.946 0.0000000000
63529  -56.545  -28.207  53.873 0.0000000000
64661  -55.432  -27.357  52.535 0.0000000000
65826  -53.041  -26.745  50.207 0.0000000000
68008  -59.282  -24.267  55.674 0.0000000000
66900  -60.113  -25.466  54.727 0.0000000000
64653  -60.182  -27.454  53.188 0.0000000000
68021  -60.543  -24.749  53.718 0.0000000000
65806  -60.830  -26.458  52.705 0.0000000000
64679  -59.065  -27.611  51.500 0.0000000000
46103  -19.760  -43.294  73.506 0.0000000000
44817  -24.017  -43.893  73.012 0.0000000000
44853  -23.533  -43.784  70.998 0.0000000000
46139  -22.854  -43.505  70.147 0.0000000000
46173  -24.498  -43.666  68.535 0.0000000000
46172  -23.629  -43.452  68.371 0.0000000000
46170  -21.850  -43.434  68.069 0.0000000000
46189  -21.392  -43.496  67.251 0.0000000000
39150  -33.862  -49.684  70.399 0.0000000000
40246  -33.107  -48.063  69.696 0.0000000000
42556  -32.602  -46.687  68.034 0.0000000000
41441  -34.161  -46.397  66.490 0.0000000000
42573  -32.800  -46.350  67.013 0.0000000000
42555  -31.808  -46.063  67.578 0.0000000000
43767  -31.112  -45.365  65.646 0.0000000000
42608  -29.569  -45.826  64.128 0.0000000000
42629  -28.539  -46.721  63.188 0.0000000000
46258  -30.556  -43.802  59.776 0.0000000000
45048  -29.486  -43.860  60.777 0.0000000000
45021  -28.911  -44.495  61.468 0.0000000000
42673  -28.632  -45.879  62.322 0.0000000000
42650  -28.282  -46.566  62.568 0.0000000000
41461  -27.883  -47.104  63.431 0.0000000000
52880  -46.968  -36.684  63.644 0.0000000000
51707  -45.898  -38.442  64.360 0.0000000000
52860  -46.476  -37.712  64.142 0.0000000000
61268  -50.404  -30.841  51.516 0.0000000000
61257  -51.121  -30.769  52.585 0.0000000000
62418  -50.655  -30.167  52.183 0.0000000000
62419  -51.036  -30.083  52.720 0.0000000000
39116  -33.216  -48.955  72.555 0.0000000000
38038  -32.595  -49.124  72.331 0.0000000000
38040  -33.830  -49.681  72.318 0.0000000000
60038  -39.996  -32.102  54.051 0.0000000000
62283  -49.068  -29.149  61.141 0.0000000000
62301  -49.427  -29.061  60.043 0.0000000000
62284  -50.300  -29.245  60.989 0.0000000000
42577  -42.687  -46.631  66.557 0.0000000000
41428  -42.999  -47.281  66.342 0.0000000000
41429  -43.396  -47.251  66.016 0.0000000000
49589  -35.253  -40.374  56.915 0.0000000000
48494  -35.506  -41.125  57.262 0.0000000000
57657  -40.649  -33.236  55.132 0.0000000000
58865  -39.437  -32.878  54.224 0.0000000000
58875  -39.331  -32.194  53.733 0.0000000000
70258  -56.200  -22.509  58.568 0.0000000000
69121  -56.551  -23.401  58.001 0.0000000000
69122  -57.143  -23.215  57.668 0.0000000000
67994  -57.625  -23.772  57.041 0.0000000000
43603  -23.910  -44.591  75.988 0.0000000000
44786  -23.427  -44.252  75.069 0.0000000000
42690  -34.020  -46.234  59.666 0.0000000000
43858  -34.139  -45.954  60.123 0.0000000000
43872  -33.090  -46.004  59.037 0.0000000000
56446  -43.602  -34.723  58.720 0.0000000000
58756  -47.236  -32.977  61.819 0.0000000000
59914  -47.586  -31.654  62.785 0.0000000000
58733  -47.788  -32.562  63.491 0.0000000000
47322  -44.881  -42.846  65.884 0.0000000000
48414  -44.882  -42.000  65.612 0.0000000000
50629  -41.371  -39.097  61.539 0.0000000000
50620  -41.224  -39.743  62.086 0.0000000000
50634  -40.261  -38.940  60.608 0.0000000000
51770  -39.940  -38.750  60.054 0.0000000000
51771  -40.680  -38.220  60.252 0.0000000000
55290  -43.275  -35.590  59.454 0.0000000000
54137  -42.525  -36.028  59.228 0.0000000000
55310  -42.841  -35.495  58.920 0.0000000000
55325  -42.436  -35.116  58.320 0.0000000000
42483  -27.943  -46.426  73.522 0.0000000000
41309  -28.553  -46.625  73.617 0.0000000000
42533  -30.810  -46.779  69.379 0.0000000000
42532  -29.762  -46.514  69.368 0.0000000000
43720  -29.980  -45.843  68.251 0.0000000000
42554  -31.091  -45.764  67.812 0.0000000000
61179  -45.151  -30.845  57.499 0.0000000000
61195  -44.394  -30.637  56.370 0.0000000000
61196  -44.897  -30.460  56.875 0.0000000000
63505  -47.967  -28.778  54.297 0.0000000000
63504  -46.844  -28.347  54.575 0.0000000000
61198  -51.579  -31.478  56.962 0.0000000000
60013  -51.540  -32.230  56.617 0.0000000000
58848  -51.030  -32.929  55.574 0.0000000000
41379  -37.639  -47.684  69.695 0.0000000000
40226  -38.252  -48.932  70.067 0.0000000000
40238  -38.797  -48.850  69.353 0.0000000000
39262  -39.363  -48.994  62.983 0.0000000000
39256  -39.041  -49.367  63.864 0.0000000000
40353  -38.783  -48.733  62.474 0.0000000000
40352  -37.950  -48.497  61.988 0.0000000000
46225  -39.944  -44.018  63.769 0.0000000000
46231  -39.242  -44.125  63.249 0.0000000000
45111  -36.228  -44.579  57.875 0.0000000000
45093  -36.805  -44.907  58.603 0.0000000000
43902  -35.753  -45.396  58.028 0.0000000000
45109  -34.743  -44.631  57.397 0.0000000000
54158  -37.112  -36.757  55.499 0.0000000000
54165  -36.926  -36.268  55.010 0.0000000000
65669  -51.538  -26.809  65.524 0.0000000000
64529  -53.062  -27.709  64.832 0.0000000000
63378  -53.453  -28.508  64.128 0.0000000000
64539  -53.435  -28.078  64.084 0.0000000000
63433  -54.047  -28.602  60.683 0.0000000000
63417  -54.513  -29.163  61.150 0.0000000000
62288  -55.008  -29.770  60.638 0.0000000000
59957  -55.866  -31.688  60.014 0.0000000000
62305  -55.454  -30.431  59.990 0.0000000000
70210  -55.288  -21.881  63.158 0.0000000000
69032  -54.784  -23.032  62.438 0.0000000000
69048  -54.263  -23.288  61.838 0.0000000000
62359  -58.414  -29.487  56.739 0.0000000000
62357  -57.093  -29.001  56.853 0.0000000000
61203  -58.195  -30.465  56.933 0.0000000000
61221  -56.784  -30.595  56.020 0.0000000000
61222  -57.643  -30.623  56.141 0.0000000000
62377  -56.634  -29.968  55.509 0.0000000000
62378  -57.574  -30.074  55.531 0.0000000000
64663  -57.507  -27.616  52.413 0.0000000000
64664  -58.606  -27.723  52.522 0.0000000000
64678  -57.972  -27.570  51.559 0.0000000000
72649  -59.169  -20.836  55.614 0.0000000000
71497  -59.383  -21.461  55.349 0.0000000000
70289  -59.710  -22.262  55.024 0.0000000000
46076  -19.413  -43.310  75.440 0.0000000000
46137  -20.984  -43.316  70.662 0.0000000000
46151  -20.921  -43.353  69.691 0.0000000000
44876  -26.077  -44.655  70.705 0.0000000000
44875  -25.111  -44.205  70.356 0.0000000000
40264  -36.526  -48.083  67.209 0.0000000000
40263  -35.479  -48.233  68.048 0.0000000000
41425  -35.750  -46.905  66.760 0.0000000000
43814  -31.350  -45.235  62.895 0.0000000000
43796  -31.955  -45.489  63.716 0.0000000000
43795  -30.924  -45.701  63.500 0.0000000000
43834  -30.153  -45.050  62.350 0.0000000000
54088  -44.687  -36.198  61.527 0.0000000000
54109  -45.337  -35.603  61.301 0.0000000000
54089  -45.515  -35.860  61.825 0.0000000000
55232  -47.786  -35.714  63.451 0.0000000000
55248  -47.026  -35.542  62.451 0.0000000000
55250  -47.886  -35.185  63.157 0.0000000000
56381  -47.897  -34.769  63.081 0.0000000000
56362  -48.319  -34.717  63.682 0.0000000000
50564  -45.857  -39.979  65.438 0.0000000000
49538  -44.995  -40.504  65.012 0.0000000000
50593  -45.395  -39.370  64.792 0.0000000000
51732  -44.226  -38.400  63.262 0.0000000000
51705  -44.297  -38.928  63.880 0.0000000000
50622  -42.922  -38.820  62.484 0.0000000000
51752  -43.365  -38.036  62.203 0.0000000000
52900  -45.370  -36.627  62.492 0.0000000000
52923  -44.567  -36.683  61.884 0.0000000000
54107  -43.979  -36.078  60.838 0.0000000000
61299  -49.239  -30.348  50.138 0.0000000000
64670  -49.744  -28.009  51.289 0.0000000000
64688  -50.290  -27.066  50.779 0.0000000000
41325  -30.646  -47.372  73.408 0.0000000000
41324  -30.004  -47.389  73.091 0.0000000000
40187  -30.899  -47.817  72.692 0.0000000000
39136  -32.352  -49.084  71.668 0.0000000000
39135  -31.729  -48.505  71.577 0.0000000000
40223  -31.788  -48.199  70.947 0.0000000000
41368  -31.744  -47.910  70.548 0.0000000000
40232  -32.113  -48.083  70.518 0.0000000000
61240  -40.381  -30.574  53.095 0.0000000000
63443  -47.156  -29.422  58.545 0.0000000000
63445  -48.936  -28.770  58.504 0.0000000000
62320  -50.965  -29.521  58.443 0.0000000000
63461  -50.393  -29.224  57.724 0.0000000000
42559  -39.592  -46.708  67.064 0.0000000000
41394  -40.044  -48.187  67.719 0.0000000000
41411  -40.652  -47.940  67.259 0.0000000000
40302  -42.145  -48.447  65.656 0.0000000000
40301  -41.624  -48.918  65.953 0.0000000000
39247  -41.322  -48.902  64.776 0.0000000000
40322  -40.961  -48.674  64.348 0.0000000000
48444  -37.804  -41.397  60.870 0.0000000000
48443  -37.238  -42.012  60.510 0.0000000000
47408  -35.590  -42.134  56.924 0.0000000000
46316  -35.840  -43.435  57.205 0.0000000000
46334  -35.447  -42.688  56.559 0.0000000000
46351  -34.592  -42.571  55.633 0.0000000000
47435  -34.744  -42.195  55.286 0.0000000000
56477  -37.645  -34.860  54.256 0.0000000000
56478  -38.339  -34.626  54.468 0.0000000000
66797  -49.334  -25.955  64.385 0.0000000000
65696  -50.773  -26.814  63.693 0.0000000000
67933  -50.271  -24.792  62.263 0.0000000000
66827  -49.964  -25.850  62.454 0.0000000000
66837  -50.356  -25.697  61.618 0.0000000000
65730  -50.908  -26.212  61.168 0.0000000000
66846  -50.740  -25.533  60.902 0.0000000000
71444  -55.811  -21.714  60.474 0.0000000000
71443  -55.594  -22.203  60.776 0.0000000000
69069  -55.462  -22.920  60.198 0.0000000000
69088  -55.372  -23.350  59.645 0.0000000000
67973  -55.535  -23.566  59.061 0.0000000000
66891  -56.587  -25.207  56.614 0.0000000000
66877  -56.047  -24.726  57.004 0.0000000000
65789  -57.112  -26.292  56.393 0.0000000000
64627  -57.663  -27.239  56.497 0.0000000000
63483  -59.137  -28.469  56.300 0.0000000000
64628  -58.322  -27.064  56.406 0.0000000000
65792  -59.254  -26.393  55.757 0.0000000000
64637  -59.562  -27.535  55.609 0.0000000000
64638  -59.955  -27.225  54.913 0.0000000000
72693  -58.705  -20.571  54.457 0.0000000000
71527  -59.060  -21.432  54.388 0.0000000000
44768  -21.907  -43.547  76.617 0.0000000000
46078  -21.279  -43.319  75.039 0.0000000000
44784  -21.941  -43.681  75.693 0.0000000000
46091  -22.347  -43.284  73.472 0.0000000000
46106  -22.387  -43.265  72.618 0.0000000000
44834  -23.176  -43.562  72.124 0.0000000000
44937  -26.583  -44.125  67.331 0.0000000000
44974  -26.207  -43.940  65.222 0.0000000000
42605  -25.844  -46.601  64.726 0.0000000000
41477  -26.224  -47.844  63.590 0.0000000000
40337  -25.934  -48.049  64.287 0.0000000000
42614  -36.250  -46.406  64.192 0.0000000000
45006  -32.707  -44.584  61.815 0.0000000000
45024  -32.259  -44.322  61.144 0.0000000000
57635  -41.642  -33.717  56.294 0.0000000000
57647  -41.938  -33.087  56.146 0.0000000000
57636  -42.415  -33.410  56.707 0.0000000000
57626  -44.378  -33.504  57.982 0.0000000000
57638  -43.993  -33.082  57.420 0.0000000000
58824  -44.585  -32.589  57.533 0.0000000000
58825  -45.093  -32.716  58.103 0.0000000000
56427  -45.857  -34.466  60.416 0.0000000000
56426  -45.403  -34.526  60.005 0.0000000000
57579  -46.045  -34.082  60.247 0.0000000000
58770  -46.553  -32.814  60.507 0.0000000000
59953  -46.355  -32.140  59.811 0.0000000000
59970  -45.952  -32.011  59.039 0.0000000000
62270  -48.103  -30.074  62.543 0.0000000000
43759  -45.008  -44.913  66.883 0.0000000000
43771  -44.137  -45.531  66.040 0.0000000000
44980  -44.647  -44.664  66.286 0.0000000000
46222  -43.106  -43.801  65.281 0.0000000000
46227  -41.462  -43.475  64.397 0.0000000000
47326  -41.838  -42.772  64.471 0.0000000000
49537  -43.874  -40.676  64.558 0.0000000000
49536  -42.714  -40.753  64.202 0.0000000000
49549  -41.086  -40.422  62.627 0.0000000000
49542  -40.944  -41.128  63.203 0.0000000000
49541  -40.318  -41.633  63.100 0.0000000000
49547  -39.225  -41.474  62.142 0.0000000000
49556  -39.139  -40.745  61.483 0.0000000000
50632  -38.685  -39.814  60.245 0.0000000000
49567  -38.048  -39.865  59.960 0.0000000000
50638  -37.583  -39.626  59.349 0.0000000000
50637  -36.881  -40.054  59.166 0.0000000000
50649  -37.018  -39.406  58.613 0.0000000000
51797  -36.251  -38.959  57.528 0.0000000000
51786  -37.418  -38.935  58.422 0.0000000000
51799  -38.033  -37.933  57.646 0.0000000000
51800  -38.702  -37.734  57.976 0.0000000000
52965  -38.715  -37.501  57.495 0.0000000000
51773  -42.097  -37.556  60.622 0.0000000000
52934  -41.191  -37.730  60.157 0.0000000000
52935  -41.688  -37.394  60.163 0.0000000000
54147  -41.030  -36.237  57.964 0.0000000000
52968  -40.796  -36.678  58.133 0.0000000000
54146  -40.485  -36.357  57.579 0.0000000000
54153  -39.945  -36.306  57.117 0.0000000000
54161  -39.512  -36.045  56.415 0.0000000000
55328  -39.997  -35.635  56.513 0.0000000000
56462  -41.904  -34.678  57.386 0.0000000000
56468  -40.819  -34.721  56.350 0.0000000000
56469  -41.557  -34.441  56.745 0.0000000000
56474  -41.116  -34.168  56.169 0.0000000000
74809  -57.358  -18.284  57.741 0.0000000000
73759  -58.349  -19.910  56.369 0.0000000000
74821  -57.784  -18.075  56.919 0.0000000000
75882  -58.325  -17.683  56.181 0.0000000000
76957  -58.301  -17.262  56.103 0.0000000000
74837  -58.551  -18.845  55.471 0.0000000000
75891  -58.280  -17.788  55.758 0.0000000000
43639  -25.898  -45.216  74.818 0.0000000000
42481  -26.556  -45.567  74.557 0.0000000000
43667  -26.978  -45.680  72.837 0.0000000000
43691  -26.694  -45.201  71.200 0.0000000000
41337  -29.200  -47.182  71.951 0.0000000000
41351  -29.271  -47.078  71.091 0.0000000000
43708  -28.955  -46.020  69.237 0.0000000000
42531  -28.880  -46.237  69.873 0.0000000000
43707  -28.428  -45.730  69.569 0.0000000000
43706  -27.797  -45.375  69.945 0.0000000000
43717  -28.069  -45.337  69.298 0.0000000000
44921  -27.864  -44.972  68.685 0.0000000000
44922  -28.490  -45.215  68.377 0.0000000000
43750  -29.951  -45.116  67.103 0.0000000000
44960  -29.329  -44.803  66.766 0.0000000000
44977  -29.286  -44.579  65.722 0.0000000000
44987  -29.024  -44.601  64.977 0.0000000000
44988  -29.459  -44.713  65.188 0.0000000000
58857  -42.892  -32.094  56.003 0.0000000000
60027  -42.234  -31.507  55.035 0.0000000000
60028  -43.098  -31.319  55.515 0.0000000000
61214  -43.431  -30.238  55.130 0.0000000000
62368  -43.650  -29.561  54.831 0.0000000000
63474  -45.906  -29.096  56.810 0.0000000000
63473  -45.373  -29.220  56.328 0.0000000000
63496  -49.587  -29.532  55.413 0.0000000000
60044  -50.198  -32.497  54.470 0.0000000000
57667  -50.591  -33.352  53.292 0.0000000000
57659  -51.482  -33.505  54.396 0.0000000000
57668  -51.358  -33.375  53.647 0.0000000000
57669  -51.904  -33.344  54.180 0.0000000000
41342  -35.891  -48.663  71.810 0.0000000000
39129  -36.032  -49.742  71.704 0.0000000000
39138  -36.743  -49.787  71.433 0.0000000000
36959  -38.137  -50.685  69.430 0.0000000000
36942  -37.362  -50.861  70.097 0.0000000000
38109  -37.411  -50.530  68.587 0.0000000000
38126  -36.897  -49.412  67.899 0.0000000000
38127  -37.590  -49.811  67.565 0.0000000000
38146  -40.392  -49.890  66.919 0.0000000000
38129  -39.605  -50.322  67.828 0.0000000000
38145  -39.486  -50.372  66.889 0.0000000000
40300  -38.671  -49.091  64.882 0.0000000000
39229  -38.658  -49.347  65.603 0.0000000000
40299  -38.138  -48.567  65.077 0.0000000000
40281  -37.854  -48.686  66.147 0.0000000000
41445  -37.562  -47.967  64.826 0.0000000000
41462  -37.276  -47.601  64.424 0.0000000000
41463  -37.735  -48.160  64.086 0.0000000000
40351  -37.387  -48.055  61.500 0.0000000000
41498  -37.283  -47.853  62.372 0.0000000000
41515  -36.503  -47.519  61.179 0.0000000000
41514  -35.865  -47.287  60.668 0.0000000000
41528  -35.798  -47.482  60.173 0.0000000000
43769  -43.066  -45.969  65.313 0.0000000000
42617  -42.826  -46.738  64.933 0.0000000000
43800  -39.856  -45.892  63.284 0.0000000000
42639  -40.527  -46.954  63.452 0.0000000000
42638  -39.891  -46.562  63.060 0.0000000000
42657  -39.945  -47.341  62.838 0.0000000000
42656  -39.341  -47.161  62.068 0.0000000000
46242  -37.680  -44.086  61.132 0.0000000000
46243  -38.121  -44.156  61.812 0.0000000000
45026  -37.665  -44.616  60.680 0.0000000000
43873  -37.668  -46.071  59.644 0.0000000000
43859  -37.897  -45.912  60.208 0.0000000000
43874  -37.975  -46.469  60.164 0.0000000000
42677  -38.713  -47.199  61.208 0.0000000000
42693  -38.244  -47.066  60.449 0.0000000000
41530  -37.881  -47.705  60.491 0.0000000000
41540  -37.462  -47.520  60.152 0.0000000000
42716  -35.465  -46.343  58.442 0.0000000000
41550  -35.663  -47.063  58.871 0.0000000000
42715  -34.600  -46.631  58.535 0.0000000000
41537  -35.073  -47.212  58.948 0.0000000000
51809  -35.424  -38.315  55.988 0.0000000000
51808  -34.852  -38.313  55.453 0.0000000000
42433  -25.786  -45.264  76.628 0.0000000000
41300  -30.195  -46.374  74.714 0.0000000000
41354  -34.243  -47.146  71.982 0.0000000000
42524  -36.149  -46.914  70.283 0.0000000000
43709  -35.972  -45.597  69.591 0.0000000000
44881  -38.007  -44.073  70.484 0.0000000000
44904  -37.457  -44.327  69.434 0.0000000000
44924  -37.104  -44.925  68.759 0.0000000000
43723  -38.149  -45.268  67.736 0.0000000000
44941  -38.548  -44.959  67.608 0.0000000000
46176  -40.572  -43.709  68.246 0.0000000000
46195  -40.188  -44.096  67.635 0.0000000000
46196  -41.142  -43.991  67.550 0.0000000000
44944  -41.857  -44.703  67.037 0.0000000000
46197  -42.112  -43.960  67.766 0.0000000000
44927  -42.933  -44.018  67.986 0.0000000000
44928  -43.680  -43.963  67.941 0.0000000000
44947  -44.175  -44.521  67.478 0.0000000000
44929  -44.329  -43.937  67.836 0.0000000000
47309  -45.088  -42.892  67.785 0.0000000000
47317  -45.377  -42.860  67.134 0.0000000000
51683  -47.635  -38.597  65.619 0.0000000000
52840  -49.309  -36.684  66.586 0.0000000000
52852  -49.220  -36.418  65.785 0.0000000000
55152  -50.074  -34.378  66.923 0.0000000000
55169  -49.706  -34.768  66.397 0.0000000000
56342  -49.144  -34.577  65.103 0.0000000000
56306  -49.642  -34.104  66.281 0.0000000000
59885  -50.227  -31.911  67.118 0.0000000000
58701  -50.248  -32.500  67.505 0.0000000000
58710  -49.862  -32.506  66.656 0.0000000000
58721  -49.494  -32.802  66.083 0.0000000000
59892  -49.532  -31.913  66.095 0.0000000000
59899  -48.676  -31.703  64.924 0.0000000000
59891  -49.222  -31.415  65.522 0.0000000000
62233  -49.649  -30.216  65.284 0.0000000000
62247  -50.726  -29.540  64.079 0.0000000000
65641  -51.148  -27.050  67.306 0.0000000000
63354  -52.217  -28.313  67.086 0.0000000000
62227  -52.376  -28.806  65.595 0.0000000000
62248  -51.814  -29.527  63.881 0.0000000000
62273  -51.122  -29.556  61.978 0.0000000000
62262  -51.982  -29.703  62.863 0.0000000000
62275  -52.914  -30.408  61.822 0.0000000000
62287  -53.025  -30.623  61.173 0.0000000000
61148  -52.473  -30.625  59.616 0.0000000000
61136  -53.438  -31.173  60.837 0.0000000000
64546  -53.190  -27.681  63.041 0.0000000000
63394  -53.895  -28.492  63.026 0.0000000000
64555  -53.556  -28.112  62.689 0.0000000000
59942  -54.949  -31.997  61.096 0.0000000000
59924  -54.564  -31.374  61.399 0.0000000000
59941  -54.171  -31.870  60.783 0.0000000000
59973  -53.525  -32.333  59.443 0.0000000000
58800  -53.547  -32.819  59.009 0.0000000000
57601  -53.090  -33.412  57.928 0.0000000000
57602  -53.770  -33.379  58.514 0.0000000000
57642  -54.274  -33.214  57.509 0.0000000000
57641  -53.535  -33.288  56.919 0.0000000000
58850  -53.773  -32.658  56.504 0.0000000000
60032  -52.826  -32.372  55.076 0.0000000000
60014  -53.853  -32.045  56.170 0.0000000000
67959  -52.334  -23.926  60.251 0.0000000000
69064  -51.758  -23.850  61.442 0.0000000000
67969  -51.755  -24.629  59.635 0.0000000000
65756  -51.631  -26.005  59.272 0.0000000000
65766  -51.786  -25.719  58.817 0.0000000000
67991  -54.521  -24.695  57.358 0.0000000000
67980  -53.783  -24.177  58.474 0.0000000000
66875  -53.831  -25.262  57.010 0.0000000000
63465  -55.908  -29.084  57.269 0.0000000000
64615  -54.216  -27.941  57.382 0.0000000000
62340  -55.081  -29.187  57.995 0.0000000000
62322  -55.154  -29.387  58.591 0.0000000000
61166  -56.331  -30.722  58.935 0.0000000000
59975  -56.965  -31.169  58.328 0.0000000000
61219  -54.881  -30.478  55.872 0.0000000000
61199  -55.097  -30.915  56.355 0.0000000000
61218  -53.822  -30.668  55.592 0.0000000000
61236  -53.192  -30.384  54.932 0.0000000000
63507  -52.556  -29.246  54.321 0.0000000000
62392  -53.439  -29.485  54.863 0.0000000000
63527  -54.415  -28.085  54.077 0.0000000000
63526  -53.309  -28.257  54.137 0.0000000000
64659  -53.283  -27.225  52.739 0.0000000000
63512  -57.029  -28.739  54.483 0.0000000000
64676  -55.861  -27.174  51.726 0.0000000000
64675  -54.871  -27.059  51.823 0.0000000000
65816  -53.987  -26.923  51.117 0.0000000000
69137  -58.384  -23.069  56.607 0.0000000000
69138  -59.012  -23.197  55.983 0.0000000000
68015  -59.887  -24.423  54.979 0.0000000000
65801  -60.230  -26.468  54.457 0.0000000000
65804  -60.520  -26.520  53.638 0.0000000000
69186  -59.996  -23.446  53.972 0.0000000000
70312  -59.974  -23.291  54.332 0.0000000000
69213  -60.263  -24.219  53.619 0.0000000000
64666  -60.804  -27.191  52.024 0.0000000000
46116  -20.032  -43.284  72.625 0.0000000000
44872  -19.580  -43.775  71.252 0.0000000000
44852  -19.560  -43.556  72.063 0.0000000000
44894  -18.866  -44.477  69.439 0.0000000000
46168  -20.135  -43.699  67.937 0.0000000000
46187  -19.859  -43.926  67.681 0.0000000000
44934  -20.154  -44.290  66.719 0.0000000000
46202  -20.485  -44.190  66.557 0.0000000000
43651  -25.241  -45.002  73.230 0.0000000000
43650  -24.776  -44.305  72.775 0.0000000000
44873  -23.478  -43.752  70.258 0.0000000000
46140  -23.477  -43.676  69.787 0.0000000000
44936  -25.654  -43.834  67.059 0.0000000000
46174  -25.005  -43.784  68.302 0.0000000000
46193  -24.969  -43.693  67.763 0.0000000000
46191  -23.319  -43.412  67.417 0.0000000000
46171  -22.709  -43.400  68.251 0.0000000000
46190  -22.386  -43.401  67.295 0.0000000000
41438  -25.420  -47.491  65.000 0.0000000000
40297  -25.137  -47.833  65.141 0.0000000000
38062  -34.989  -50.560  70.728 0.0000000000
38074  -34.461  -50.176  70.393 0.0000000000
39161  -34.391  -49.557  69.811 0.0000000000
41390  -34.443  -48.010  68.504 0.0000000000
40247  -33.660  -48.191  69.328 0.0000000000
41388  -33.010  -47.599  69.077 0.0000000000
41404  -33.013  -47.161  68.278 0.0000000000
42589  -34.473  -45.964  65.505 0.0000000000
42588  -33.182  -45.945  65.853 0.0000000000
42572  -32.260  -45.869  66.355 0.0000000000
43752  -31.555  -45.596  66.573 0.0000000000
43768  -31.797  -45.632  65.937 0.0000000000
42631  -30.291  -45.876  63.670 0.0000000000
42630  -29.276  -46.175  63.484 0.0000000000
46257  -30.059  -43.579  59.977 0.0000000000
45049  -30.573  -43.891  60.557 0.0000000000
46256  -29.329  -43.458  60.055 0.0000000000
43855  -27.902  -44.639  61.474 0.0000000000
45020  -28.337  -44.484  61.448 0.0000000000
43832  -28.321  -45.095  62.003 0.0000000000
43831  -27.543  -45.312  61.773 0.0000000000
42670  -26.356  -46.159  61.669 0.0000000000
42649  -27.604  -46.618  62.315 0.0000000000
41479  -27.935  -47.158  62.893 0.0000000000
41496  -27.347  -47.104  62.627 0.0000000000
52901  -45.980  -36.410  62.782 0.0000000000
54069  -46.487  -36.008  62.650 0.0000000000
54057  -46.817  -36.458  63.313 0.0000000000
54058  -47.456  -36.205  63.557 0.0000000000
54059  -47.968  -35.892  63.774 0.0000000000
50594  -46.370  -39.181  65.059 0.0000000000
51733  -45.127  -38.037  63.663 0.0000000000
52877  -44.671  -37.775  63.025 0.0000000000
52878  -45.318  -37.398  63.118 0.0000000000
60075  -50.848  -31.843  51.552 0.0000000000
60090  -50.184  -31.403  50.943 0.0000000000
61280  -49.912  -30.444  50.999 0.0000000000
62444  -49.835  -29.966  50.982 0.0000000000
63573  -48.845  -29.085  50.295 0.0000000000
62429  -49.658  -29.234  51.270 0.0000000000
63543  -50.401  -28.935  52.167 0.0000000000
64656  -50.529  -28.304  52.238 0.0000000000
40189  -31.914  -48.000  73.042 0.0000000000
39113  -31.538  -48.370  72.415 0.0000000000
38037  -32.167  -48.824  72.300 0.0000000000
38058  -32.437  -49.340  71.947 0.0000000000
39137  -32.807  -49.491  71.451 0.0000000000
61230  -41.372  -30.760  53.918 0.0000000000
63444  -47.822  -29.162  58.845 0.0000000000
63431  -48.704  -29.001  59.312 0.0000000000
42576  -41.500  -46.885  66.701 0.0000000000
41412  -41.378  -47.823  66.812 0.0000000000
41427  -42.208  -47.539  66.545 0.0000000000
40283  -42.573  -47.905  66.159 0.0000000000
40325  -42.748  -47.924  65.405 0.0000000000
49565  -36.534  -40.891  59.143 0.0000000000
48471  -35.940  -41.348  58.133 0.0000000000
47407  -35.334  -41.804  56.311 0.0000000000
48552  -34.709  -41.829  54.857 0.0000000000
48531  -34.900  -41.543  55.166 0.0000000000
48530  -34.683  -41.150  54.711 0.0000000000
56480  -39.977  -34.273  55.187 0.0000000000
57654  -38.292  -33.961  54.169 0.0000000000
57655  -38.946  -33.748  54.396 0.0000000000
58864  -38.862  -33.220  54.085 0.0000000000
70247  -55.798  -22.471  59.457 0.0000000000
69105  -55.701  -23.363  59.084 0.0000000000
67993  -56.643  -24.151  57.384 0.0000000000
66892  -57.405  -25.383  56.467 0.0000000000
66893  -58.115  -25.310  56.291 0.0000000000
66894  -58.836  -25.293  55.881 0.0000000000
44785  -22.692  -43.929  75.356 0.0000000000
44976  -28.289  -44.263  65.606 0.0000000000
44975  -27.250  -44.065  65.395 0.0000000000
42606  -26.975  -46.544  64.320 0.0000000000
43838  -35.142  -46.054  61.280 0.0000000000
43818  -35.542  -45.982  61.928 0.0000000000
43837  -34.560  -45.742  60.883 0.0000000000
43836  -33.784  -45.282  60.577 0.0000000000
45051  -32.723  -44.863  59.871 0.0000000000
56463  -42.667  -34.485  57.753 0.0000000000
57624  -42.830  -33.758  57.289 0.0000000000
56464  -43.584  -34.265  58.102 0.0000000000
56465  -44.171  -34.205  58.475 0.0000000000
57599  -44.701  -33.916  58.599 0.0000000000
57548  -47.119  -33.925  61.752 0.0000000000
57565  -46.549  -33.751  60.819 0.0000000000
59939  -46.770  -32.266  61.033 0.0000000000
61134  -47.001  -31.012  60.955 0.0000000000
59923  -47.169  -31.887  61.901 0.0000000000
61101  -48.107  -30.851  63.558 0.0000000000
46217  -45.010  -43.751  66.325 0.0000000000
46216  -44.423  -43.900  65.788 0.0000000000
47321  -44.278  -43.097  65.590 0.0000000000
47328  -43.736  -42.711  65.222 0.0000000000
50609  -42.292  -39.869  62.989 0.0000000000
49544  -42.650  -40.087  63.539 0.0000000000
49550  -41.752  -39.994  62.655 0.0000000000
50619  -40.551  -40.163  62.043 0.0000000000
49557  -39.956  -40.260  61.694 0.0000000000
50627  -39.602  -39.992  61.150 0.0000000000
50633  -39.490  -39.390  60.417 0.0000000000
50639  -38.614  -39.180  59.439 0.0000000000
50651  -38.295  -38.789  58.806 0.0000000000
51776  -39.168  -38.624  59.297 0.0000000000
51789  -39.508  -37.903  58.900 0.0000000000
52943  -42.415  -36.546  59.778 0.0000000000
52942  -41.813  -36.791  59.456 0.0000000000
54119  -42.335  -36.327  59.406 0.0000000000
54136  -42.025  -36.135  58.891 0.0000000000
54148  -41.704  -35.974  58.309 0.0000000000
55323  -41.078  -35.579  57.497 0.0000000000
55324  -41.747  -35.315  57.914 0.0000000000
42468  -27.133  -45.799  74.860 0.0000000000
42482  -27.164  -45.946  74.025 0.0000000000
42494  -27.353  -46.015  73.370 0.0000000000
42495  -27.775  -46.265  72.810 0.0000000000
41366  -29.988  -47.145  70.378 0.0000000000
41365  -29.291  -46.847  70.602 0.0000000000
43719  -29.356  -45.837  68.647 0.0000000000
43729  -28.920  -45.363  68.301 0.0000000000
43730  -29.528  -45.379  67.868 0.0000000000
43751  -30.787  -45.276  66.743 0.0000000000
60011  -44.076  -31.649  56.547 0.0000000000
60029  -43.816  -31.186  56.027 0.0000000000
62352  -44.440  -29.936  55.983 0.0000000000
63493  -46.360  -28.434  55.707 0.0000000000
62373  -50.534  -30.647  55.844 0.0000000000
61217  -50.511  -31.487  55.485 0.0000000000
60031  -50.487  -32.458  55.035 0.0000000000
58878  -50.398  -33.246  53.758 0.0000000000
58858  -50.912  -33.241  55.075 0.0000000000
58859  -51.374  -33.328  55.594 0.0000000000
57639  -51.929  -33.494  55.920 0.0000000000
40217  -37.328  -48.969  70.908 0.0000000000
39139  -37.435  -49.746  70.988 0.0000000000
39152  -37.659  -49.294  70.694 0.0000000000
36944  -38.153  -50.357  70.028 0.0000000000
36974  -38.810  -50.460  68.618 0.0000000000
38171  -40.107  -49.834  65.270 0.0000000000
38158  -39.573  -49.993  65.856 0.0000000000
39245  -39.495  -49.509  64.406 0.0000000000
41481  -37.790  -48.278  63.132 0.0000000000
40338  -38.254  -48.595  62.811 0.0000000000
40364  -37.190  -47.922  60.894 0.0000000000
44990  -41.795  -44.864  64.641 0.0000000000
43783  -41.336  -45.884  64.257 0.0000000000
44989  -40.975  -44.997  64.298 0.0000000000
44994  -39.730  -45.112  63.404 0.0000000000
46286  -36.832  -44.275  59.162 0.0000000000
46287  -37.159  -44.553  59.750 0.0000000000
45077  -36.948  -44.796  58.970 0.0000000000
45094  -37.066  -45.459  58.803 0.0000000000
43887  -37.316  -45.977  58.927 0.0000000000
42704  -37.160  -46.842  59.366 0.0000000000
43885  -36.187  -45.929  58.410 0.0000000000
42730  -35.240  -45.767  58.116 0.0000000000
52979  -36.257  -37.385  55.764 0.0000000000
42508  -34.331  -46.470  71.554 0.0000000000
43669  -33.759  -45.017  72.221 0.0000000000
44905  -38.617  -44.001  69.454 0.0000000000
44926  -39.302  -43.935  68.461 0.0000000000
44906  -39.855  -43.830  69.622 0.0000000000
46181  -44.429  -43.485  68.108 0.0000000000
55139  -49.692  -35.209  68.209 0.0000000000
56278  -50.043  -34.226  68.039 0.0000000000
56279  -50.189  -33.759  67.700 0.0000000000
61069  -50.812  -30.747  67.859 0.0000000000
61079  -50.556  -30.631  67.021 0.0000000000
61078  -50.161  -30.856  66.518 0.0000000000
61080  -50.850  -30.060  67.228 0.0000000000
62226  -51.370  -29.334  65.918 0.0000000000
65667  -49.522  -26.471  66.163 0.0000000000
65655  -51.487  -26.891  66.562 0.0000000000
64520  -52.162  -27.142  66.621 0.0000000000
64507  -52.419  -27.873  66.789 0.0000000000
64521  -52.586  -27.527  66.162 0.0000000000
62228  -52.928  -28.619  64.975 0.0000000000
62237  -53.232  -28.896  64.319 0.0000000000
62249  -52.909  -29.578  63.628 0.0000000000
61103  -53.678  -30.081  63.083 0.0000000000
64567  -53.564  -28.162  61.920 0.0000000000
63404  -54.335  -29.110  61.975 0.0000000000
63416  -54.007  -28.627  61.548 0.0000000000
61127  -55.277  -30.924  61.256 0.0000000000
58774  -55.220  -32.227  60.662 0.0000000000
57581  -54.600  -33.073  59.531 0.0000000000
58786  -55.491  -32.473  60.013 0.0000000000
58801  -55.731  -32.733  59.129 0.0000000000
58829  -55.657  -32.639  58.339 0.0000000000
69047  -53.341  -23.389  61.994 0.0000000000
67970  -52.561  -24.214  59.363 0.0000000000
64625  -55.794  -27.472  56.457 0.0000000000
65786  -54.200  -26.598  56.645 0.0000000000
63480  -56.459  -28.551  56.727 0.0000000000
62342  -56.786  -29.713  57.608 0.0000000000
59995  -57.580  -30.816  57.685 0.0000000000
60018  -57.450  -31.169  57.440 0.0000000000
61201  -56.832  -31.090  56.642 0.0000000000
61220  -55.846  -30.502  55.939 0.0000000000
62393  -54.343  -29.230  55.079 0.0000000000
62394  -55.336  -29.182  55.132 0.0000000000
63510  -54.924  -28.612  54.618 0.0000000000
63528  -55.488  -28.121  53.966 0.0000000000
63514  -59.281  -28.651  54.527 0.0000000000
63530  -57.599  -28.250  53.770 0.0000000000
64651  -57.939  -27.827  53.118 0.0000000000
64662  -56.465  -27.500  52.447 0.0000000000
70277  -58.742  -22.269  56.268 0.0000000000
70278  -59.288  -22.289  55.599 0.0000000000
69159  -60.048  -23.730  54.576 0.0000000000
68038  -60.412  -24.932  52.828 0.0000000000
68029  -60.528  -24.889  53.130 0.0000000000
46087  -18.922  -43.601  74.252 0.0000000000
46117  -20.821  -43.164  72.382 0.0000000000
46136  -20.293  -43.515  70.913 0.0000000000
44895  -19.748  -43.783  70.017 0.0000000000
44917  -20.303  -43.667  69.288 0.0000000000
43677  -25.533  -44.677  71.722 0.0000000000
44836  -24.862  -44.246  71.846 0.0000000000
44855  -25.298  -44.457  71.376 0.0000000000
44897  -24.303  -43.864  69.419 0.0000000000
44955  -24.645  -43.790  65.821 0.0000000000
46214  -23.715  -43.873  65.708 0.0000000000
46213  -22.729  -43.908  65.672 0.0000000000
43764  -23.185  -45.489  65.321 0.0000000000
41421  -24.278  -47.592  65.981 0.0000000000
38107  -35.810  -49.603  68.897 0.0000000000
39175  -35.136  -49.263  69.042 0.0000000000
40249  -35.069  -48.609  68.574 0.0000000000
41406  -34.585  -47.554  67.998 0.0000000000
43797  -33.225  -45.104  63.483 0.0000000000
43781  -32.646  -45.457  64.200 0.0000000000
43780  -32.177  -45.594  64.267 0.0000000000
42610  -31.617  -45.663  64.570 0.0000000000
42632  -31.239  -45.838  64.020 0.0000000000
43794  -30.495  -45.774  63.445 0.0000000000
43853  -26.440  -45.027  60.777 0.0000000000
55276  -44.227  -35.502  60.345 0.0000000000
55292  -44.558  -35.011  59.956 0.0000000000
55277  -44.726  -35.443  60.583 0.0000000000
55278  -45.534  -35.233  60.916 0.0000000000
55279  -46.088  -35.114  61.278 0.0000000000
54090  -46.162  -35.628  61.942 0.0000000000
55263  -46.596  -35.218  61.789 0.0000000000
56380  -47.504  -34.534  62.466 0.0000000000
57509  -48.140  -33.767  63.716 0.0000000000
48423  -45.149  -41.373  65.416 0.0000000000
50610  -42.961  -39.408  63.109 0.0000000000
50630  -42.029  -38.678  61.593 0.0000000000
51765  -41.490  -38.430  61.042 0.0000000000
51766  -42.449  -37.929  61.225 0.0000000000
52921  -42.976  -37.428  61.171 0.0000000000
52898  -43.920  -37.549  62.176 0.0000000000
52922  -43.681  -37.114  61.467 0.0000000000
52937  -43.396  -36.663  60.799 0.0000000000
54106  -43.268  -36.390  60.428 0.0000000000
54121  -43.447  -36.034  60.249 0.0000000000
63586  -48.783  -28.444  50.125 0.0000000000
41310  -29.127  -46.768  73.851 0.0000000000
41338  -29.921  -47.570  72.282 0.0000000000
39124  -31.000  -48.129  72.171 0.0000000000
40215  -31.099  -48.129  71.665 0.0000000000
41367  -31.099  -47.771  70.715 0.0000000000
41375  -30.908  -47.241  69.966 0.0000000000
42542  -31.823  -46.773  68.918 0.0000000000
62317  -46.148  -30.205  58.320 0.0000000000
62335  -45.845  -29.785  57.650 0.0000000000
62336  -46.392  -29.747  58.212 0.0000000000
63495  -48.829  -28.863  55.225 0.0000000000
63506  -48.673  -29.456  54.383 0.0000000000
62355  -50.202  -29.798  55.934 0.0000000000
62337  -50.285  -29.415  56.859 0.0000000000
62356  -50.786  -30.269  56.534 0.0000000000
61181  -51.303  -30.766  56.951 0.0000000000
61182  -51.817  -30.987  57.639 0.0000000000
40251  -39.167  -48.588  68.804 0.0000000000
41393  -39.473  -48.034  68.157 0.0000000000
40266  -40.353  -48.622  67.552 0.0000000000
39215  -40.849  -49.412  66.742 0.0000000000
39216  -41.226  -49.254  66.291 0.0000000000
38160  -40.843  -49.670  66.213 0.0000000000
39246  -40.361  -49.362  64.471 0.0000000000
39258  -39.904  -49.033  63.386 0.0000000000
39263  -39.605  -48.819  62.938 0.0000000000
48432  -38.683  -42.282  62.197 0.0000000000
47336  -38.359  -43.234  62.243 0.0000000000
48431  -38.187  -42.708  61.895 0.0000000000
47341  -37.391  -43.225  61.010 0.0000000000
47346  -36.837  -43.146  60.243 0.0000000000
47367  -36.481  -43.150  59.197 0.0000000000
47345  -36.727  -43.653  59.609 0.0000000000
46315  -35.391  -43.750  56.981 0.0000000000
46332  -33.893  -43.582  56.536 0.0000000000
46350  -34.162  -42.820  55.800 0.0000000000
47451  -33.179  -42.060  54.657 0.0000000000
47453  -34.391  -41.994  54.654 0.0000000000
55333  -38.162  -35.959  55.161 0.0000000000
55340  -36.725  -35.820  54.467 0.0000000000
55341  -37.658  -35.565  54.672 0.0000000000
55349  -37.148  -35.217  54.230 0.0000000000
56483  -36.295  -34.633  53.356 0.0000000000
56485  -37.862  -34.331  54.102 0.0000000000
57663  -36.950  -33.813  53.229 0.0000000000
65681  -49.729  -26.521  65.068 0.0000000000
65683  -51.670  -26.881  64.501 0.0000000000
65684  -52.567  -27.163  64.226 0.0000000000
65697  -51.796  -26.999  63.438 0.0000000000
65713  -52.062  -27.126  62.504 0.0000000000
66826  -49.723  -25.920  62.987 0.0000000000
65712  -50.860  -26.602  62.386 0.0000000000
65732  -52.523  -27.390  61.840 0.0000000000
64566  -53.034  -27.795  61.440 0.0000000000
64580  -53.076  -27.783  60.687 0.0000000000
64592  -53.517  -28.068  60.245 0.0000000000
70230  -55.285  -22.676  61.442 0.0000000000
69067  -54.421  -23.394  60.815 0.0000000000
69087  -54.672  -23.592  59.778 0.0000000000
69104  -54.565  -23.921  58.989 0.0000000000
68003  -54.944  -24.977  56.864 0.0000000000
67982  -55.754  -23.751  58.385 0.0000000000
66876  -55.747  -24.752  57.008 0.0000000000
64626  -56.790  -27.368  56.459 0.0000000000
63481  -57.362  -28.265  56.630 0.0000000000
62379  -58.398  -30.016  55.705 0.0000000000
62360  -59.048  -29.405  56.210 0.0000000000
62380  -59.028  -29.430  55.583 0.0000000000
64629  -58.968  -27.327  56.251 0.0000000000
63515  -59.799  -27.855  53.756 0.0000000000
63532  -59.577  -27.823  53.412 0.0000000000
73804  -59.279  -20.296  54.974 0.0000000000
71509  -59.471  -21.475  54.870 0.0000000000
71528  -59.322  -21.501  54.617 0.0000000000
70338  -59.546  -23.199  53.942 0.0000000000
46077  -20.345  -43.229  75.235 0.0000000000
44799  -22.072  -43.555  74.916 0.0000000000
46118  -21.601  -43.213  72.098 0.0000000000
46129  -21.669  -43.325  71.275 0.0000000000
44956  -25.521  -43.751  66.017 0.0000000000
44973  -25.317  -44.020  65.245 0.0000000000
42604  -24.926  -46.178  64.788 0.0000000000
42585  -25.460  -46.916  64.928 0.0000000000
40319  -25.920  -47.936  64.503 0.0000000000
41443  -36.125  -46.793  65.844 0.0000000000
42613  -35.160  -45.803  64.412 0.0000000000
43799  -35.124  -45.512  62.691 0.0000000000
43798  -34.289  -45.159  62.927 0.0000000000
42634  -33.965  -45.306  63.673 0.0000000000
45004  -31.261  -44.889  62.331 0.0000000000
58855  -41.183  -32.719  55.182 0.0000000000
58846  -43.261  -32.444  56.534 0.0000000000
57637  -43.318  -33.094  57.150 0.0000000000
59987  -44.607  -31.759  57.203 0.0000000000
61161  -45.516  -31.273  58.079 0.0000000000
56425  -44.865  -34.603  59.634 0.0000000000
57600  -45.282  -33.872  59.125 0.0000000000
58782  -45.762  -33.283  59.361 0.0000000000
58783  -46.191  -33.232  59.928 0.0000000000
58797  -45.574  -32.859  58.786 0.0000000000
59969  -45.582  -31.974  58.373 0.0000000000
61162  -46.036  -31.027  58.666 0.0000000000
61163  -46.482  -30.861  59.125 0.0000000000
62299  -47.354  -30.097  60.034 0.0000000000
43757  -43.972  -45.507  66.641 0.0000000000
42578  -43.532  -46.341  66.300 0.0000000000
42595  -43.981  -45.870  66.204 0.0000000000
43770  -43.614  -45.761  65.609 0.0000000000
44978  -43.206  -45.021  65.424 0.0000000000
46215  -43.762  -44.251  65.542 0.0000000000
44991  -42.508  -44.637  65.054 0.0000000000
46220  -41.424  -44.182  64.478 0.0000000000
46226  -40.774  -43.872  64.177 0.0000000000
47333  -40.294  -42.973  63.728 0.0000000000
48420  -42.220  -41.771  64.369 0.0000000000
49535  -42.071  -41.089  63.994 0.0000000000
48419  -41.491  -42.140  64.131 0.0000000000
48427  -40.831  -42.023  63.657 0.0000000000
48426  -40.152  -42.236  63.327 0.0000000000
47338  -39.725  -42.691  63.278 0.0000000000
48439  -38.637  -41.551  61.724 0.0000000000
49562  -38.230  -40.578  60.611 0.0000000000
49577  -36.322  -40.213  58.520 0.0000000000
50659  -35.694  -39.437  57.303 0.0000000000
50664  -35.085  -39.386  56.349 0.0000000000
51803  -36.187  -38.436  56.822 0.0000000000
51787  -37.870  -38.573  58.401 0.0000000000
51804  -37.242  -38.016  57.026 0.0000000000
52971  -36.888  -37.698  56.448 0.0000000000
52972  -37.553  -37.531  56.549 0.0000000000
52981  -37.811  -37.187  56.243 0.0000000000
54159  -38.085  -36.644  55.794 0.0000000000
52940  -40.279  -37.817  59.339 0.0000000000
52954  -40.072  -37.559  58.783 0.0000000000
52955  -41.018  -36.868  58.599 0.0000000000
52967  -40.319  -36.842  57.925 0.0000000000
52974  -39.195  -37.048  57.212 0.0000000000
54151  -38.606  -36.704  56.264 0.0000000000
55334  -38.775  -35.808  55.487 0.0000000000
55343  -39.212  -35.197  55.272 0.0000000000
56472  -39.720  -34.807  55.355 0.0000000000
55329  -40.712  -35.357  56.883 0.0000000000
57645  -40.430  -33.816  55.316 0.0000000000
70266  -57.464  -22.443  57.509 0.0000000000
71467  -55.662  -21.089  57.794 0.0000000000
71482  -57.489  -21.442  57.354 0.0000000000
72624  -58.073  -20.464  56.735 0.0000000000
72648  -58.773  -20.512  56.131 0.0000000000
72670  -59.063  -20.228  55.593 0.0000000000
74828  -58.142  -18.252  56.403 0.0000000000
73803  -59.091  -19.790  55.182 0.0000000000
74855  -58.607  -19.242  54.917 0.0000000000
74854  -57.993  -18.926  54.701 0.0000000000
43623  -25.140  -45.011  75.532 0.0000000000
43638  -25.196  -45.027  74.321 0.0000000000
43666  -25.996  -45.212  72.670 0.0000000000
43678  -25.964  -44.912  71.821 0.0000000000
43690  -26.097  -44.855  71.301 0.0000000000
42496  -28.469  -46.675  72.399 0.0000000000
42506  -27.944  -46.289  72.081 0.0000000000
42520  -28.658  -46.442  70.725 0.0000000000
42519  -28.053  -46.191  71.421 0.0000000000
43692  -27.721  -45.734  70.832 0.0000000000
43705  -27.177  -45.241  70.448 0.0000000000
44900  -27.010  -44.847  69.734 0.0000000000
44938  -27.636  -44.491  67.540 0.0000000000
43871  -32.482  -45.875  58.742 0.0000000000
58867  -41.446  -31.967  54.850 0.0000000000
60040  -41.785  -31.112  54.487 0.0000000000
61231  -42.154  -30.198  54.089 0.0000000000
61242  -42.163  -29.525  53.530 0.0000000000
62354  -45.545  -29.649  56.998 0.0000000000
63491  -44.576  -29.017  55.252 0.0000000000
63502  -44.429  -28.763  54.640 0.0000000000
61234  -49.503  -31.164  54.393 0.0000000000
57677  -51.072  -33.339  52.926 0.0000000000
58888  -51.160  -32.855  52.303 0.0000000000
58901  -51.072  -32.307  51.827 0.0000000000
60055  -51.589  -32.255  53.014 0.0000000000
60056  -52.020  -31.683  53.746 0.0000000000
40204  -34.767  -48.865  72.219 0.0000000000
39127  -34.347  -49.431  72.311 0.0000000000
39128  -35.217  -49.629  72.003 0.0000000000
36916  -35.739  -50.443  71.464 0.0000000000
36940  -35.943  -50.822  70.235 0.0000000000
36928  -37.472  -50.535  70.789 0.0000000000
36941  -36.634  -50.951  70.050 0.0000000000
38090  -35.698  -50.054  69.402 0.0000000000
38108  -36.517  -49.816  68.519 0.0000000000
38111  -39.204  -49.869  68.664 0.0000000000
36985  -38.688  -50.667  67.493 0.0000000000
38144  -38.661  -50.083  66.669 0.0000000000
38143  -38.126  -49.691  66.847 0.0000000000
39213  -37.853  -49.209  66.754 0.0000000000
40265  -37.406  -48.580  66.759 0.0000000000
40280  -37.332  -48.077  66.047 0.0000000000
42592  -36.895  -47.285  64.697 0.0000000000
42615  -36.858  -47.140  64.160 0.0000000000
42637  -36.718  -47.046  63.228 0.0000000000
42654  -36.472  -47.035  62.179 0.0000000000
42653  -35.986  -46.589  61.914 0.0000000000
42675  -35.626  -46.779  61.051 0.0000000000
42691  -34.748  -46.728  60.062 0.0000000000
41446  -43.203  -47.372  65.558 0.0000000000
41466  -42.886  -47.549  65.066 0.0000000000
41465  -42.232  -47.571  64.674 0.0000000000
43802  -40.894  -46.395  63.853 0.0000000000
42640  -41.215  -46.893  63.963 0.0000000000
40341  -41.072  -48.178  64.150 0.0000000000
41482  -40.293  -47.880  63.148 0.0000000000
41500  -39.381  -48.082  62.007 0.0000000000
46230  -38.630  -44.132  62.568 0.0000000000
45007  -38.466  -45.134  62.001 0.0000000000
43819  -38.903  -46.058  62.139 0.0000000000
43839  -38.542  -46.087  61.440 0.0000000000
42655  -38.901  -46.652  61.672 0.0000000000
42678  -39.053  -47.475  61.536 0.0000000000
41517  -39.075  -47.890  61.475 0.0000000000
40367  -39.044  -48.400  61.913 0.0000000000
40366  -38.494  -48.274  61.442 0.0000000000
40375  -37.647  -47.888  60.679 0.0000000000
40374  -37.039  -47.778  60.427 0.0000000000
42703  -36.616  -47.146  59.255 0.0000000000
41539  -36.637  -47.553  59.799 0.0000000000
41527  -35.123  -47.250  59.508 0.0000000000
42702  -34.441  -46.888  59.061 0.0000000000
55339  -36.088  -35.949  54.187 0.0000000000
51709  -47.895  -37.745  65.166 0.0000000000
52839  -48.833  -37.477  66.754 0.0000000000
46050  -20.989  -43.133  76.970 0.0000000000
44752  -22.670  -43.875  77.163 0.0000000000
43579  -23.313  -44.334  76.725 0.0000000000
43604  -24.692  -44.867  76.544 0.0000000000
42434  -26.497  -45.481  76.343 0.0000000000
42452  -26.810  -45.640  75.618 0.0000000000
42453  -27.750  -45.859  75.278 0.0000000000
42454  -28.915  -46.180  74.967 0.0000000000
41298  -29.330  -46.590  74.386 0.0000000000
41299  -29.797  -46.499  74.578 0.0000000000
41312  -30.573  -46.736  74.224 0.0000000000
41326  -31.273  -47.340  73.518 0.0000000000
41327  -31.994  -47.152  73.459 0.0000000000
40190  -32.718  -47.953  72.941 0.0000000000
40191  -33.341  -48.468  72.647 0.0000000000
41339  -33.367  -47.118  72.681 0.0000000000
40192  -33.993  -48.693  72.524 0.0000000000
41341  -35.301  -48.342  72.004 0.0000000000
41356  -36.277  -48.036  71.482 0.0000000000
42509  -35.295  -47.025  71.121 0.0000000000
41369  -36.680  -47.404  70.371 0.0000000000
41378  -36.971  -47.165  69.807 0.0000000000
41391  -37.903  -47.319  68.948 0.0000000000
43710  -36.481  -45.649  69.219 0.0000000000
42545  -37.396  -46.633  68.777 0.0000000000
42546  -38.041  -47.130  68.583 0.0000000000
42558  -38.351  -46.733  67.921 0.0000000000
42574  -40.106  -46.228  66.733 0.0000000000
44942  -39.336  -44.630  67.501 0.0000000000
43735  -39.869  -45.613  66.804 0.0000000000
43753  -40.453  -45.971  66.670 0.0000000000
44962  -41.370  -45.287  66.742 0.0000000000
43738  -43.037  -45.139  67.048 0.0000000000
46178  -42.279  -43.518  68.680 0.0000000000
43739  -43.810  -45.150  67.097 0.0000000000
43740  -44.464  -45.009  67.104 0.0000000000
43741  -44.925  -44.880  67.077 0.0000000000
44964  -45.287  -44.488  67.051 0.0000000000
46198  -44.874  -43.601  67.803 0.0000000000
46218  -45.376  -43.715  66.833 0.0000000000
48406  -45.525  -41.952  66.755 0.0000000000
48391  -45.656  -41.226  67.389 0.0000000000
48407  -45.869  -41.239  67.062 0.0000000000
48416  -46.000  -41.222  66.482 0.0000000000
49522  -46.255  -40.592  65.966 0.0000000000
50566  -47.292  -39.318  65.994 0.0000000000
50595  -47.087  -39.096  65.379 0.0000000000
52862  -48.094  -37.016  64.733 0.0000000000
54042  -48.436  -36.199  64.485 0.0000000000
54043  -48.861  -35.693  64.720 0.0000000000
54004  -49.528  -35.740  66.329 0.0000000000
55212  -48.638  -35.338  64.269 0.0000000000
56341  -48.719  -34.593  64.393 0.0000000000
57490  -48.726  -33.735  64.844 0.0000000000
57443  -50.162  -33.307  68.071 0.0000000000
57444  -50.200  -33.155  67.657 0.0000000000
58695  -50.310  -32.430  68.006 0.0000000000
57454  -50.134  -33.086  67.319 0.0000000000
57465  -50.006  -33.246  66.934 0.0000000000
57464  -49.698  -33.392  66.421 0.0000000000
57477  -48.883  -33.161  65.243 0.0000000000
58734  -48.201  -32.999  64.255 0.0000000000
59907  -48.153  -32.043  64.241 0.0000000000
61102  -48.378  -30.884  64.143 0.0000000000
61113  -48.235  -30.557  63.541 0.0000000000
61093  -49.458  -30.643  65.445 0.0000000000
62245  -49.031  -30.225  64.557 0.0000000000
62259  -48.586  -29.994  63.448 0.0000000000
63353  -51.813  -28.480  67.751 0.0000000000
62210  -51.794  -28.929  67.276 0.0000000000
63364  -52.584  -28.250  66.359 0.0000000000
62285  -51.436  -29.653  60.969 0.0000000000
62303  -51.969  -29.954  60.148 0.0000000000
61164  -52.336  -30.914  58.645 0.0000000000
59971  -52.427  -31.660  58.056 0.0000000000
64538  -53.162  -27.620  63.846 0.0000000000
63387  -54.096  -28.897  63.249 0.0000000000
61115  -54.234  -30.397  62.484 0.0000000000
62264  -54.454  -29.535  62.452 0.0000000000
61125  -54.146  -30.906  61.892 0.0000000000
59940  -53.567  -31.639  60.280 0.0000000000
59972  -52.983  -32.009  58.793 0.0000000000
59990  -52.608  -32.368  58.049 0.0000000000
58826  -51.982  -32.999  57.018 0.0000000000
57628  -52.136  -33.377  56.550 0.0000000000
57640  -52.641  -33.411  56.389 0.0000000000
57630  -53.678  -33.472  57.701 0.0000000000
57650  -52.477  -33.398  55.599 0.0000000000
58860  -52.602  -33.065  55.127 0.0000000000
60045  -52.463  -32.073  54.407 0.0000000000
66847  -51.004  -25.403  60.338 0.0000000000
65757  -52.121  -26.820  59.574 0.0000000000
63447  -54.036  -28.468  59.755 0.0000000000
69086  -53.682  -23.632  59.928 0.0000000000
67971  -53.522  -23.909  59.231 0.0000000000
66873  -52.444  -25.550  57.841 0.0000000000
64623  -53.904  -27.344  57.064 0.0000000000
65776  -53.406  -26.660  57.114 0.0000000000
65775  -52.724  -26.517  57.719 0.0000000000
64613  -52.658  -26.967  58.246 0.0000000000
63462  -53.963  -28.323  58.858 0.0000000000
62304  -55.128  -29.663  59.579 0.0000000000
61150  -56.132  -31.007  59.432 0.0000000000
58830  -56.247  -32.261  58.724 0.0000000000
59991  -55.164  -32.159  57.346 0.0000000000
60016  -55.885  -31.522  57.145 0.0000000000
60015  -54.740  -31.750  56.753 0.0000000000
60033  -53.482  -31.766  55.620 0.0000000000
61235  -52.493  -31.012  54.432 0.0000000000
61246  -51.952  -30.606  53.878 0.0000000000
62409  -51.979  -29.830  53.961 0.0000000000
63524  -51.458  -28.820  53.223 0.0000000000
64644  -51.447  -28.387  53.064 0.0000000000
64646  -52.723  -27.821  53.508 0.0000000000
64672  -51.536  -27.138  51.994 0.0000000000
65814  -52.303  -26.775  51.083 0.0000000000
62396  -57.374  -29.367  55.052 0.0000000000
63511  -55.973  -28.668  54.540 0.0000000000
64649  -55.997  -27.760  53.222 0.0000000000
64660  -54.386  -27.259  52.624 0.0000000000
64674  -53.873  -27.021  51.786 0.0000000000
65815  -53.371  -26.901  51.081 0.0000000000
69123  -57.803  -23.050  57.096 0.0000000000
66899  -59.550  -25.378  55.364 0.0000000000
63533  -59.845  -27.676  53.476 0.0000000000
64652  -59.834  -27.676  53.035 0.0000000000
69187  -60.359  -23.924  54.069 0.0000000000
66906  -60.770  -25.580  53.233 0.0000000000
64665  -59.672  -27.674  52.549 0.0000000000
46088  -19.584  -43.325  74.477 0.0000000000
44815  -19.119  -43.629  73.309 0.0000000000
44932  -18.732  -44.944  67.577 0.0000000000
44915  -18.767  -44.604  68.232 0.0000000000
44835  -24.240  -43.974  72.038 0.0000000000
46130  -22.537  -43.479  71.141 0.0000000000
46155  -24.389  -43.779  69.119 0.0000000000
46192  -24.208  -43.499  67.576 0.0000000000
46154  -23.929  -43.651  69.229 0.0000000000
46153  -23.102  -43.447  69.176 0.0000000000
46152  -21.999  -43.406  69.159 0.0000000000
46203  -21.074  -43.994  66.310 0.0000000000
41437  -24.834  -47.449  65.347 0.0000000000
38060  -33.670  -50.076  71.583 0.0000000000
38073  -33.664  -50.065  70.934 0.0000000000
39159  -33.185  -48.733  70.364 0.0000000000
40235  -34.003  -48.793  69.596 0.0000000000
40234  -33.380  -48.510  69.920 0.0000000000
40233  -32.726  -48.290  70.265 0.0000000000
41377  -32.711  -47.866  69.759 0.0000000000
41387  -32.358  -47.275  69.160 0.0000000000
41442  -35.153  -46.397  66.218 0.0000000000
41423  -34.008  -46.834  67.400 0.0000000000
41440  -33.496  -46.469  66.852 0.0000000000
43732  -31.193  -45.582  67.299 0.0000000000
42586  -31.308  -45.594  64.921 0.0000000000
43779  -30.824  -45.450  64.930 0.0000000000
43778  -29.958  -45.055  64.956 0.0000000000
45075  -31.867  -45.030  59.032 0.0000000000
45074  -31.061  -44.138  59.447 0.0000000000
45050  -31.689  -44.179  60.253 0.0000000000
45023  -31.057  -44.388  61.723 0.0000000000
45022  -29.888  -44.450  61.572 0.0000000000
45047  -28.208  -43.785  60.624 0.0000000000
43833  -29.254  -45.245  62.227 0.0000000000
43812  -29.750  -45.584  62.618 0.0000000000
42651  -29.289  -46.138  62.790 0.0000000000
42672  -27.956  -45.983  62.124 0.0000000000
41478  -27.230  -47.433  63.179 0.0000000000
36915  -35.124  -50.523  71.348 0.0000000000
36917  -36.196  -50.369  71.438 0.0000000000
36925  -34.946  -50.556  70.944 0.0000000000
36926  -35.710  -50.673  70.816 0.0000000000
36943  -37.932  -50.460  70.242 0.0000000000
36957  -36.981  -50.937  69.424 0.0000000000
36958  -37.514  -50.871  69.265 0.0000000000
36960  -38.435  -50.304  69.510 0.0000000000
36972  -37.802  -50.767  68.676 0.0000000000
36973  -38.284  -50.676  68.456 0.0000000000
36986  -39.078  -50.753  67.783 0.0000000000
36999  -38.976  -50.665  66.979 0.0000000000
38036  -32.122  -48.604  72.406 0.0000000000
38039  -33.187  -49.446  72.372 0.0000000000
38046  -31.897  -48.727  72.204 0.0000000000
38047  -32.241  -49.060  72.145 0.0000000000
38048  -32.751  -49.498  72.148 0.0000000000
38049  -33.455  -49.835  72.088 0.0000000000
38050  -34.642  -50.118  71.894 0.0000000000
38051  -35.882  -50.037  71.734 0.0000000000
38052  -36.467  -50.228  71.455 0.0000000000
38063  -37.156  -50.309  71.211 0.0000000000
38064  -37.566  -50.288  70.869 0.0000000000
38065  -37.790  -50.297  70.573 0.0000000000
38072  -33.127  -49.800  71.339 0.0000000000
38075  -35.362  -50.586  70.154 0.0000000000
38076  -36.048  -50.689  69.822 0.0000000000
38077  -38.124  -50.136  70.218 0.0000000000
38078  -38.295  -50.232  69.860 0.0000000000
38089  -34.960  -50.084  69.829 0.0000000000
38092  -37.135  -50.843  69.122 0.0000000000
38093  -38.302  -49.752  70.020 0.0000000000
38110  -37.919  -50.656  68.401 0.0000000000
38130  -39.953  -49.709  67.824 0.0000000000
38147  -40.823  -49.568  66.512 0.0000000000
38169  -39.357  -49.570  64.891 0.0000000000
38170  -39.677  -49.720  65.025 0.0000000000
39112  -31.145  -48.174  72.234 0.0000000000
39114  -32.108  -48.432  72.634 0.0000000000
39126  -32.168  -49.067  71.959 0.0000000000
39140  -37.772  -49.959  70.662 0.0000000000
39147  -31.757  -48.364  71.308 0.0000000000
39148  -32.176  -48.600  71.272 0.0000000000
39149  -32.993  -49.141  70.921 0.0000000000
39151  -34.202  -49.858  70.184 0.0000000000
39153  -38.011  -49.534  70.387 0.0000000000
39160  -33.636  -49.069  70.194 0.0000000000
39163  -38.495  -49.285  69.766 0.0000000000
39164  -38.992  -49.292  69.149 0.0000000000
39174  -34.478  -49.033  69.330 0.0000000000
39176  -35.868  -49.297  68.604 0.0000000000
39177  -39.522  -49.197  68.518 0.0000000000
39178  -39.998  -49.168  67.926 0.0000000000
39193  -35.566  -48.869  68.470 0.0000000000
39196  -40.593  -49.226  67.289 0.0000000000
39197  -41.120  -49.002  66.760 0.0000000000
39228  -38.288  -49.022  66.040 0.0000000000
39230  -40.512  -49.654  65.270 0.0000000000
39232  -41.793  -48.765  65.130 0.0000000000
39244  -39.010  -49.415  64.727 0.0000000000
39248  -41.781  -48.599  64.851 0.0000000000
39261  -39.062  -49.188  63.190 0.0000000000
40203  -31.020  -48.136  72.039 0.0000000000
40206  -36.265  -49.113  71.655 0.0000000000
40214  -30.608  -47.877  71.938 0.0000000000
40236  -38.152  -48.440  69.890 0.0000000000
40237  -38.496  -48.681  69.663 0.0000000000
40250  -38.695  -48.414  69.238 0.0000000000
40252  -39.772  -48.641  68.119 0.0000000000
40262  -34.793  -48.175  68.416 0.0000000000
40303  -42.903  -47.776  65.808 0.0000000000
40321  -38.651  -49.044  64.221 0.0000000000
40324  -42.297  -48.280  64.974 0.0000000000
40355  -39.912  -48.530  62.983 0.0000000000
40376  -38.096  -48.171  60.968 0.0000000000
40389  -37.295  -47.729  60.398 0.0000000000
41322  -28.476  -46.633  73.288 0.0000000000
41329  -33.644  -48.140  72.639 0.0000000000
41353  -30.958  -47.948  71.281 0.0000000000
41357  -36.957  -48.578  71.167 0.0000000000
41370  -37.199  -48.200  70.765 0.0000000000
41380  -38.351  -48.189  69.485 0.0000000000
41389  -33.972  -47.837  68.675 0.0000000000
41407  -35.557  -47.433  67.442 0.0000000000
41408  -36.131  -47.371  67.033 0.0000000000
41410  -39.912  -47.633  67.482 0.0000000000
41422  -33.281  -46.808  67.609 0.0000000000
41444  -37.001  -47.465  65.315 0.0000000000
41464  -41.493  -47.585  64.281 0.0000000000
41497  -27.825  -46.929  62.579 0.0000000000
41531  -38.286  -47.801  60.759 0.0000000000
41541  -38.001  -47.431  60.370 0.0000000000
41549  -35.177  -46.878  58.724 0.0000000000
41551  -36.201  -47.249  59.194 0.0000000000
42534  -31.372  -47.094  69.570 0.0000000000
42535  -35.755  -46.049  69.819 0.0000000000
42537  -37.102  -47.019  69.471 0.0000000000
42543  -32.589  -47.096  68.708 0.0000000000
42544  -36.784  -46.117  69.072 0.0000000000
42560  -40.556  -47.237  67.002 0.0000000000
42561  -41.035  -47.500  66.926 0.0000000000
42579  -44.018  -45.684  66.363 0.0000000000
42593  -43.310  -46.425  65.405 0.0000000000
42618  -43.266  -46.965  65.314 0.0000000000
42700  -32.968  -46.238  58.705 0.0000000000
42718  -36.973  -46.371  58.847 0.0000000000
43602  -23.305  -44.313  76.208 0.0000000000
43664  -24.836  -44.245  72.257 0.0000000000
43668  -27.527  -45.979  72.408 0.0000000000
43721  -36.941  -45.663  68.774 0.0000000000
43722  -37.548  -45.552  68.186 0.0000000000
43733  -38.044  -45.881  67.735 0.0000000000
43736  -40.602  -45.534  66.713 0.0000000000
43754  -41.109  -45.908  66.645 0.0000000000
43782  -40.918  -45.573  64.140 0.0000000000
43830  -26.818  -45.482  61.422 0.0000000000
43884  -32.070  -46.183  58.260 0.0000000000
43886  -36.783  -45.817  58.609 0.0000000000
44896  -20.332  -43.554  69.804 0.0000000000
44918  -24.973  -43.862  68.595 0.0000000000
44923  -36.697  -45.235  69.039 0.0000000000
44930  -44.675  -43.868  67.770 0.0000000000
44945  -42.698  -44.600  67.395 0.0000000000
44961  -40.937  -45.383  66.723 0.0000000000
44963  -44.978  -44.762  66.718 0.0000000000
45052  -33.308  -45.109  60.229 0.0000000000
45054  -37.964  -45.605  60.498 0.0000000000
45078  -37.214  -45.148  59.216 0.0000000000
45127  -35.065  -44.005  57.013 0.0000000000
46102  -19.179  -43.518  73.831 0.0000000000
46156  -40.060  -43.714  68.725 0.0000000000
46194  -39.643  -44.047  67.871 0.0000000000
46260  -37.283  -44.121  60.423 0.0000000000
47299  -44.094  -42.995  68.774 0.0000000000
47332  -39.612  -43.344  63.454 0.0000000000
47368  -36.659  -42.331  59.824 0.0000000000
47418  -35.246  -42.201  56.065 0.0000000000
47433  -33.627  -42.407  55.227 0.0000000000
47454  -34.562  -41.944  54.721 0.0000000000
48368  -44.359  -42.642  68.687 0.0000000000
48512  -35.083  -41.458  55.900 0.0000000000
49473  -45.534  -41.186  67.607 0.0000000000
49561  -37.439  -41.122  60.403 0.0000000000
49653  -34.134  -41.086  53.992 0.0000000000
51731  -43.480  -38.783  62.909 0.0000000000
51778  -40.400  -37.948  59.633 0.0000000000
52924  -44.999  -36.316  61.967 0.0000000000
52953  -39.417  -37.750  58.612 0.0000000000
52980  -37.283  -37.219  56.026 0.0000000000
54024  -48.953  -36.440  65.261 0.0000000000
54135  -41.471  -36.370  58.501 0.0000000000
54152  -39.091  -36.624  56.597 0.0000000000
55170  -49.855  -34.327  66.598 0.0000000000
55213  -49.096  -35.243  64.846 0.0000000000
55249  -47.560  -35.340  62.858 0.0000000000
55264  -47.127  -35.237  62.252 0.0000000000
55291  -43.731  -35.545  59.944 0.0000000000
55312  -44.072  -35.038  59.593 0.0000000000
55335  -39.602  -35.412  55.878 0.0000000000
56291  -50.152  -34.255  67.438 0.0000000000
56292  -50.156  -33.714  67.246 0.0000000000
56323  -49.388  -34.424  65.743 0.0000000000
56413  -45.750  -34.693  60.555 0.0000000000
56414  -46.175  -34.618  60.905 0.0000000000
56448  -45.022  -34.390  59.454 0.0000000000
57491  -49.133  -34.124  65.350 0.0000000000
57547  -46.800  -33.936  61.313 0.0000000000
57566  -46.807  -33.696  61.267 0.0000000000
57580  -54.078  -33.187  59.178 0.0000000000
57582  -55.016  -32.939  59.799 0.0000000000
57603  -54.583  -33.325  58.957 0.0000000000
57604  -55.154  -33.080  59.414 0.0000000000
57632  -55.207  -33.150  58.809 0.0000000000
57649  -51.610  -33.535  55.142 0.0000000000
57658  -50.848  -33.462  54.000 0.0000000000
57664  -37.846  -33.703  53.720 0.0000000000
58727  -48.585  -32.711  64.849 0.0000000000
58772  -54.324  -32.420  60.238 0.0000000000
58773  -54.825  -32.431  60.576 0.0000000000
58785  -54.721  -32.761  60.027 0.0000000000
58787  -56.011  -32.023  59.737 0.0000000000
58827  -52.544  -32.960  57.681 0.0000000000
58828  -55.012  -32.737  57.711 0.0000000000
58861  -53.178  -32.717  55.730 0.0000000000
58870  -52.363  -32.940  54.518 0.0000000000
59875  -50.472  -31.627  67.648 0.0000000000
59925  -55.148  -31.404  61.323 0.0000000000
59926  -55.415  -31.326  61.019 0.0000000000
59938  -46.553  -32.238  60.415 0.0000000000
59943  -55.449  -31.786  60.734 0.0000000000
59955  -53.330  -31.754  59.641 0.0000000000
59956  -53.803  -32.171  60.043 0.0000000000
59958  -56.250  -31.636  59.391 0.0000000000
59974  -56.676  -31.579  58.705 0.0000000000
59992  -55.877  -32.064  57.707 0.0000000000
59994  -57.257  -31.158  57.980 0.0000000000
60017  -56.794  -31.479  57.312 0.0000000000
60019  -57.715  -30.849  57.502 0.0000000000
60030  -50.129  -32.239  54.570 0.0000000000
60064  -51.223  -31.814  52.182 0.0000000000
60076  -51.100  -32.016  51.811 0.0000000000
61063  -51.003  -30.031  68.075 0.0000000000
61085  -49.369  -30.886  65.496 0.0000000000
61086  -49.761  -30.801  65.972 0.0000000000
61087  -50.234  -30.573  66.438 0.0000000000
61104  -54.258  -29.874  63.005 0.0000000000
61112  -47.958  -30.637  63.073 0.0000000000
61116  -54.587  -30.044  62.432 0.0000000000
61124  -53.531  -30.832  61.588 0.0000000000
61126  -54.823  -30.720  61.839 0.0000000000
61135  -52.738  -30.608  60.487 0.0000000000
61149  -53.113  -31.142  60.018 0.0000000000
61151  -56.477  -31.284  59.033 0.0000000000
61167  -56.697  -30.864  58.558 0.0000000000
61168  -57.102  -30.980  58.174 0.0000000000
61184  -57.286  -30.601  57.842 0.0000000000
61202  -57.631  -31.006  56.781 0.0000000000
61204  -58.628  -29.877  56.535 0.0000000000
61223  -58.213  -30.526  56.338 0.0000000000
61256  -50.857  -31.220  51.987 0.0000000000
62217  -50.704  -30.085  66.763 0.0000000000
62224  -49.937  -30.330  65.815 0.0000000000
62232  -49.239  -30.361  64.957 0.0000000000
62251  -54.272  -29.381  63.003 0.0000000000
62277  -55.115  -30.498  61.501 0.0000000000
62289  -55.281  -30.432  60.990 0.0000000000
62324  -56.625  -30.357  58.241 0.0000000000
62334  -45.296  -30.074  57.102 0.0000000000
62341  -55.682  -29.484  57.932 0.0000000000
62343  -57.804  -29.931  57.376 0.0000000000
62344  -58.187  -30.131  57.188 0.0000000000
62370  -44.690  -29.477  55.906 0.0000000000
62375  -54.648  -29.856  55.456 0.0000000000
62387  -43.964  -29.188  54.800 0.0000000000
62398  -58.780  -29.391  55.249 0.0000000000
62408  -51.470  -29.964  53.323 0.0000000000
62442  -49.044  -29.491  50.302 0.0000000000
62443  -49.429  -29.661  50.637 0.0000000000
62459  -49.196  -29.914  50.234 0.0000000000
63386  -53.730  -28.539  63.607 0.0000000000
63395  -54.236  -28.967  62.705 0.0000000000
63403  -53.960  -28.554  62.333 0.0000000000
63448  -54.577  -28.920  59.188 0.0000000000
63463  -54.482  -28.646  58.072 0.0000000000
63464  -55.211  -28.896  57.532 0.0000000000
63478  -54.759  -28.361  57.238 0.0000000000
63508  -52.924  -29.007  54.537 0.0000000000
63546  -59.302  -27.840  53.107 0.0000000000
63560  -49.880  -28.872  51.645 0.0000000000
63574  -49.083  -28.508  50.563 0.0000000000
64530  -53.340  -28.131  64.468 0.0000000000
64547  -53.515  -28.079  63.409 0.0000000000
64591  -52.885  -27.494  59.902 0.0000000000
64603  -53.406  -27.882  59.278 0.0000000000
64624  -54.733  -27.565  56.723 0.0000000000
64645  -51.803  -28.208  53.271 0.0000000000
64648  -54.948  -27.617  53.349 0.0000000000
64657  -51.083  -28.200  52.684 0.0000000000
65682  -50.652  -26.814  64.773 0.0000000000
65714  -52.763  -27.437  62.606 0.0000000000
65744  -50.918  -25.903  60.618 0.0000000000
65746  -52.343  -27.280  60.724 0.0000000000
65767  -52.121  -26.303  58.540 0.0000000000
65787  -55.161  -26.442  56.437 0.0000000000
66855  -51.388  -25.257  59.675 0.0000000000
66856  -51.784  -24.852  59.196 0.0000000000
66864  -51.682  -25.391  59.082 0.0000000000
66874  -53.119  -25.672  57.252 0.0000000000
66888  -53.737  -25.925  56.753 0.0000000000
66890  -55.565  -25.187  56.717 0.0000000000
67932  -49.733  -25.381  63.023 0.0000000000
67979  -52.774  -24.718  58.155 0.0000000000
67981  -54.919  -24.105  58.274 0.0000000000
67990  -53.438  -24.837  57.551 0.0000000000
67992  -55.567  -24.489  57.390 0.0000000000
67995  -58.062  -23.500  56.802 0.0000000000
68004  -55.166  -24.781  57.041 0.0000000000
68005  -57.062  -24.781  56.735 0.0000000000
68016  -60.346  -24.599  54.345 0.0000000000
69065  -52.513  -23.661  61.042 0.0000000000
69085  -52.909  -23.683  60.275 0.0000000000
69106  -56.134  -23.164  58.722 0.0000000000
69107  -56.650  -22.990  58.256 0.0000000000
69212  -59.790  -23.874  53.600 0.0000000000
70222  -54.793  -22.780  62.965 0.0000000000
70237  -55.420  -22.573  60.813 0.0000000000
71469  -57.118  -22.056  57.807 0.0000000000
73780  -58.584  -19.457  55.934 0.0000000000
73829  -58.937  -19.993  54.725 0.0000000000
73830  -59.158  -20.126  54.856 0.0000000000
75881  -58.064  -17.481  56.628 0.0000000000
76947  -58.235  -17.107  56.369 0.0000000000
76956  -57.952  -16.603  56.164 0.0000000000
