#!ascii label  , from subject MOT01 vox2ras=TkReg
928
54086  -38.570  -35.575  61.878 0.0000000000
51714  -20.734  -38.141  63.594 0.0000000000
52891  -29.196  -38.142  61.559 0.0000000000
83548  -45.595  -9.603  49.135 0.0000000000
85811  -50.955  -8.080  43.922 0.0000000000
51646  -13.503  -38.384  68.252 0.0000000000
82446  -42.075  -11.214  50.767 0.0000000000
58768  -40.717  -31.969  60.184 0.0000000000
52916  -33.848  -37.938  61.062 0.0000000000
52854  -16.808  -37.383  64.847 0.0000000000
47308  -16.715  -42.545  67.510 0.0000000000
57593  -34.448  -33.609  57.654 0.0000000000
60007  -36.811  -31.439  56.095 0.0000000000
52871  -24.638  -37.973  62.294 0.0000000000
57591  -29.636  -33.819  58.381 0.0000000000
71572  -39.974  -21.473  51.373 0.0000000000
74891  -42.714  -18.332  50.371 0.0000000000
78104  -45.894  -15.154  49.629 0.0000000000
43697  -9.849  -46.047  69.443 0.0000000000
41318  -6.866  -46.609  72.240 0.0000000000
65796  -35.383  -26.959  55.536 0.0000000000
68013  -34.410  -24.592  55.472 0.0000000000
70346  -36.307  -22.533  52.855 0.0000000000
46165  -13.106  -44.146  67.842 0.0000000000
50547  -20.283  -40.048  65.334 0.0000000000
50549  -22.038  -39.374  65.743 0.0000000000
52918  -36.047  -36.861  61.628 0.0000000000
55217  -19.483  -35.025  63.757 0.0000000000
51712  -18.791  -37.976  63.549 0.0000000000
49509  -18.693  -40.657  65.207 0.0000000000
59946  -33.479  -31.196  58.477 0.0000000000
57618  -32.317  -33.554  57.519 0.0000000000
74879  -39.347  -18.275  51.264 0.0000000000
73857  -41.796  -19.913  50.805 0.0000000000
77004  -40.007  -16.310  50.822 0.0000000000
80271  -43.343  -13.529  48.787 0.0000000000
81401  -44.481  -12.956  47.945 0.0000000000
79186  -47.417  -14.685  49.166 0.0000000000
81427  -46.412  -12.242  46.686 0.0000000000
81429  -48.356  -12.398  46.194 0.0000000000
63453  -35.737  -28.844  57.990 0.0000000000
62366  -37.502  -29.449  55.528 0.0000000000
64595  -33.608  -27.390  58.316 0.0000000000
69125  -32.145  -23.454  56.627 0.0000000000
70285  -32.787  -22.035  55.460 0.0000000000
70301  -34.718  -23.063  53.991 0.0000000000
72703  -34.652  -20.777  53.719 0.0000000000
72705  -36.280  -19.942  52.966 0.0000000000
51740  -27.033  -38.436  62.230 0.0000000000
48324  -11.571  -41.453  69.042 0.0000000000
49455  -13.097  -40.990  67.168 0.0000000000
39105  -6.351  -49.596  72.891 0.0000000000
39098  -4.928  -49.363  72.921 0.0000000000
80233  -41.070  -13.214  52.476 0.0000000000
62298  -42.471  -29.740  59.803 0.0000000000
51759  -31.371  -38.908  61.219 0.0000000000
51667  -15.385  -37.954  66.128 0.0000000000
48410  -14.938  -40.822  65.772 0.0000000000
49507  -16.833  -40.570  65.295 0.0000000000
85814  -52.209  -8.445  42.834 0.0000000000
56421  -36.186  -34.426  59.321 0.0000000000
57597  -37.714  -33.168  58.534 0.0000000000
58820  -35.904  -32.621  56.898 0.0000000000
55219  -21.232  -35.172  62.792 0.0000000000
51716  -22.469  -37.933  63.651 0.0000000000
55237  -23.336  -35.293  61.510 0.0000000000
54077  -25.225  -36.219  61.023 0.0000000000
54079  -26.925  -36.203  60.785 0.0000000000
57570  -27.936  -33.646  59.493 0.0000000000
54096  -28.772  -36.175  59.782 0.0000000000
54114  -31.352  -36.508  59.075 0.0000000000
55286  -34.242  -35.377  59.015 0.0000000000
70327  -40.652  -23.585  53.032 0.0000000000
78099  -41.892  -14.679  49.762 0.0000000000
77008  -44.352  -16.542  49.849 0.0000000000
82518  -49.799  -11.143  45.370 0.0000000000
42490  -8.190  -46.093  71.007 0.0000000000
39120  -7.820  -49.241  72.275 0.0000000000
59985  -39.040  -31.445  57.402 0.0000000000
62332  -39.958  -29.583  57.273 0.0000000000
66887  -39.313  -26.838  56.581 0.0000000000
65770  -32.624  -26.032  57.521 0.0000000000
66883  -35.227  -25.534  55.776 0.0000000000
66870  -37.605  -24.960  57.475 0.0000000000
69111  -37.324  -23.954  57.767 0.0000000000
69149  -37.761  -23.614  55.658 0.0000000000
69199  -38.635  -23.822  53.609 0.0000000000
70362  -38.630  -22.181  51.776 0.0000000000
73846  -37.914  -19.171  52.243 0.0000000000
50552  -24.618  -39.977  65.502 0.0000000000
47254  -10.550  -42.038  70.681 0.0000000000
43699  -11.612  -45.695  68.742 0.0000000000
46167  -14.971  -43.745  68.161 0.0000000000
39096  -4.180  -49.420  72.915 0.0000000000
50575  -20.651  -39.371  64.701 0.0000000000
50548  -21.221  -39.512  65.447 0.0000000000
51692  -21.228  -38.787  64.392 0.0000000000
54105  -37.244  -35.780  61.062 0.0000000000
54047  -19.833  -36.159  63.341 0.0000000000
54046  -18.930  -36.099  63.631 0.0000000000
51713  -19.698  -38.378  63.565 0.0000000000
50573  -19.275  -39.395  63.891 0.0000000000
76995  -39.083  -16.542  52.362 0.0000000000
75930  -39.692  -17.232  51.105 0.0000000000
78080  -39.819  -15.384  51.588 0.0000000000
83547  -44.360  -10.374  48.920 0.0000000000
82470  -43.682  -11.880  48.485 0.0000000000
82472  -44.711  -11.211  47.801 0.0000000000
81413  -45.790  -12.562  47.095 0.0000000000
83576  -45.552  -10.925  47.137 0.0000000000
83577  -46.268  -10.344  46.921 0.0000000000
64609  -34.784  -28.407  57.672 0.0000000000
71475  -33.030  -21.314  57.244 0.0000000000
71504  -33.532  -21.255  54.975 0.0000000000
72659  -34.167  -20.324  55.245 0.0000000000
73789  -35.301  -19.403  54.757 0.0000000000
51741  -27.904  -38.559  62.212 0.0000000000
51699  -27.968  -39.433  63.539 0.0000000000
51723  -29.130  -39.322  62.813 0.0000000000
49437  -12.757  -39.820  68.321 0.0000000000
50507  -13.403  -39.433  67.491 0.0000000000
83619  -50.953  -9.704  44.277 0.0000000000
39099  -5.602  -49.532  72.944 0.0000000000
57546  -41.339  -33.298  61.607 0.0000000000
59952  -41.224  -30.961  59.798 0.0000000000
52915  -32.863  -38.242  60.757 0.0000000000
51747  -33.805  -38.964  62.120 0.0000000000
54010  -17.158  -35.708  65.569 0.0000000000
54009  -16.517  -36.297  65.831 0.0000000000
52829  -15.954  -36.247  67.144 0.0000000000
51675  -15.805  -38.299  65.558 0.0000000000
51674  -15.583  -38.997  65.585 0.0000000000
50545  -16.787  -39.946  64.931 0.0000000000
49458  -19.428  -41.071  67.334 0.0000000000
49483  -18.253  -41.267  66.198 0.0000000000
56442  -35.247  -34.255  58.567 0.0000000000
57623  -36.170  -33.163  57.533 0.0000000000
57622  -35.410  -33.151  57.342 0.0000000000
56365  -21.754  -34.383  62.685 0.0000000000
54061  -22.251  -35.970  62.323 0.0000000000
56366  -22.447  -34.104  62.304 0.0000000000
56386  -24.729  -34.260  61.143 0.0000000000
56387  -25.613  -34.212  61.104 0.0000000000
54078  -26.100  -36.167  60.896 0.0000000000
56407  -26.913  -34.805  60.652 0.0000000000
57555  -29.445  -32.739  59.656 0.0000000000
57571  -28.791  -33.499  58.892 0.0000000000
55283  -28.369  -35.247  59.273 0.0000000000
55302  -29.573  -35.384  58.575 0.0000000000
54113  -30.455  -36.429  59.066 0.0000000000
55304  -30.974  -35.290  57.914 0.0000000000
57619  -33.058  -33.410  57.466 0.0000000000
55306  -33.092  -35.209  58.457 0.0000000000
56441  -34.260  -34.171  58.022 0.0000000000
55287  -35.373  -35.139  59.441 0.0000000000
70364  -40.620  -22.345  51.836 0.0000000000
70351  -41.360  -22.928  52.463 0.0000000000
71573  -40.999  -21.493  51.394 0.0000000000
73870  -42.214  -19.094  50.575 0.0000000000
72733  -43.387  -20.638  51.139 0.0000000000
81360  -41.296  -12.488  52.010 0.0000000000
80256  -40.689  -13.991  50.786 0.0000000000
81384  -41.431  -12.798  50.355 0.0000000000
79183  -44.655  -14.459  48.887 0.0000000000
78101  -43.391  -15.296  49.600 0.0000000000
78090  -44.867  -15.772  49.701 0.0000000000
75943  -45.880  -16.889  50.445 0.0000000000
81442  -48.953  -11.953  45.824 0.0000000000
83590  -48.497  -10.443  45.642 0.0000000000
83603  -49.191  -10.366  45.311 0.0000000000
44868  -9.554  -44.070  70.398 0.0000000000
43672  -9.004  -44.530  70.863 0.0000000000
43671  -8.784  -45.788  70.347 0.0000000000
40196  -9.259  -49.059  71.867 0.0000000000
38032  -7.934  -50.503  73.543 0.0000000000
58822  -37.791  -32.304  57.156 0.0000000000
58795  -38.919  -32.317  58.416 0.0000000000
59984  -38.354  -31.749  56.974 0.0000000000
64635  -36.929  -27.679  55.435 0.0000000000
63490  -38.220  -28.925  55.664 0.0000000000
64621  -38.841  -28.265  55.948 0.0000000000
64611  -40.001  -28.254  56.969 0.0000000000
65799  -38.135  -27.105  55.670 0.0000000000
67976  -32.032  -24.437  58.374 0.0000000000
68011  -32.897  -24.095  55.460 0.0000000000
67999  -33.710  -25.075  55.672 0.0000000000
68000  -34.718  -25.027  55.756 0.0000000000
66884  -36.641  -25.200  56.349 0.0000000000
68002  -36.538  -24.613  56.502 0.0000000000
67988  -37.372  -24.457  57.734 0.0000000000
69126  -35.923  -24.302  56.067 0.0000000000
69196  -35.749  -23.102  53.649 0.0000000000
69172  -36.959  -23.630  54.531 0.0000000000
69197  -36.348  -23.295  53.673 0.0000000000
69173  -38.127  -23.750  54.568 0.0000000000
69198  -37.365  -23.525  53.341 0.0000000000
69222  -38.257  -23.382  52.713 0.0000000000
70347  -36.930  -22.677  52.586 0.0000000000
73814  -37.090  -17.950  54.322 0.0000000000
73845  -37.421  -19.404  52.525 0.0000000000
74858  -37.357  -18.091  53.674 0.0000000000
52870  -23.770  -37.713  62.609 0.0000000000
51695  -23.795  -38.904  64.340 0.0000000000
51696  -24.805  -39.124  63.904 0.0000000000
46183  -12.173  -43.224  67.649 0.0000000000
46147  -11.257  -43.355  68.073 0.0000000000
44912  -12.632  -44.710  68.139 0.0000000000
48397  -15.989  -41.826  66.071 0.0000000000
47316  -15.264  -42.401  66.444 0.0000000000
47296  -15.702  -43.237  68.102 0.0000000000
49459  -20.292  -40.639  67.392 0.0000000000
50508  -21.080  -40.222  67.454 0.0000000000
50527  -22.316  -39.823  66.556 0.0000000000
50528  -23.062  -39.914  66.507 0.0000000000
52917  -34.857  -37.591  61.557 0.0000000000
52893  -34.959  -37.968  62.099 0.0000000000
55197  -19.057  -34.611  64.554 0.0000000000
54030  -18.131  -35.937  64.121 0.0000000000
51689  -18.017  -37.934  63.804 0.0000000000
49527  -17.868  -40.134  64.557 0.0000000000
49528  -18.691  -40.025  64.304 0.0000000000
49510  -19.540  -40.550  65.549 0.0000000000
59981  -33.361  -32.077  57.370 0.0000000000
59982  -34.065  -31.730  57.375 0.0000000000
57573  -30.864  -32.400  58.651 0.0000000000
56438  -30.950  -34.329  57.654 0.0000000000
58791  -32.321  -31.779  57.963 0.0000000000
73854  -38.833  -19.364  51.344 0.0000000000
72730  -40.432  -20.615  50.996 0.0000000000
74888  -40.089  -18.518  50.716 0.0000000000
74889  -40.729  -18.174  50.503 0.0000000000
75938  -41.349  -17.347  50.295 0.0000000000
81385  -41.908  -12.364  49.813 0.0000000000
82459  -43.168  -11.610  48.940 0.0000000000
80290  -43.698  -13.081  48.400 0.0000000000
79197  -44.799  -13.983  48.432 0.0000000000
79185  -46.487  -14.905  49.353 0.0000000000
80293  -45.889  -13.852  48.095 0.0000000000
80310  -46.320  -13.437  47.466 0.0000000000
80311  -47.323  -13.499  47.239 0.0000000000
81428  -47.239  -12.539  46.472 0.0000000000
83588  -47.062  -10.656  46.350 0.0000000000
42514  -11.074  -47.185  69.894 0.0000000000
42512  -9.518  -46.914  69.994 0.0000000000
41346  -11.042  -48.016  70.803 0.0000000000
62349  -36.290  -29.390  56.169 0.0000000000
61212  -36.973  -29.984  55.663 0.0000000000
63470  -35.825  -28.855  56.654 0.0000000000
63487  -35.492  -28.256  56.076 0.0000000000
64619  -34.261  -27.689  56.685 0.0000000000
69109  -32.113  -23.436  57.810 0.0000000000
70261  -32.198  -22.497  57.226 0.0000000000
70272  -32.405  -22.407  56.166 0.0000000000
69168  -32.920  -23.222  54.825 0.0000000000
69170  -34.552  -23.528  54.576 0.0000000000
70300  -33.968  -22.980  54.040 0.0000000000
71539  -34.071  -22.061  53.653 0.0000000000
71541  -35.548  -21.957  53.020 0.0000000000
72717  -35.915  -21.267  52.729 0.0000000000
72683  -35.687  -19.895  53.523 0.0000000000
52872  -25.403  -38.053  62.007 0.0000000000
51697  -25.868  -39.382  63.675 0.0000000000
51698  -26.960  -39.479  63.607 0.0000000000
48349  -12.219  -41.367  67.932 0.0000000000
47304  -13.025  -42.641  67.181 0.0000000000
40181  -6.876  -48.434  72.287 0.0000000000
41305  -6.134  -46.337  73.001 0.0000000000
40174  -5.785  -48.383  72.715 0.0000000000
40173  -5.187  -48.038  72.950 0.0000000000
40172  -4.597  -47.877  73.162 0.0000000000
63428  -42.354  -28.592  58.879 0.0000000000
52892  -29.955  -38.366  61.432 0.0000000000
51724  -30.031  -39.449  62.604 0.0000000000
52810  -15.352  -36.786  67.589 0.0000000000
52808  -14.497  -38.045  67.136 0.0000000000
50523  -14.222  -39.614  66.613 0.0000000000
50524  -14.786  -39.590  66.034 0.0000000000
49506  -15.935  -40.645  65.513 0.0000000000
48398  -16.999  -41.871  66.338 0.0000000000
49508  -17.716  -40.747  65.300 0.0000000000
48399  -17.680  -41.763  66.569 0.0000000000
48376  -17.327  -42.185  67.287 0.0000000000
85813  -51.659  -8.167  43.240 0.0000000000
55274  -37.478  -35.125  60.598 0.0000000000
56409  -37.775  -34.398  60.192 0.0000000000
56422  -37.156  -34.207  59.572 0.0000000000
58821  -36.834  -32.700  57.215 0.0000000000
60006  -36.071  -31.388  56.311 0.0000000000
59983  -34.930  -31.209  57.154 0.0000000000
61174  -35.655  -30.823  56.804 0.0000000000
61191  -36.318  -30.434  56.284 0.0000000000
63454  -36.618  -29.096  58.107 0.0000000000
52867  -21.144  -37.212  63.193 0.0000000000
51715  -21.613  -38.002  63.673 0.0000000000
52868  -21.983  -37.270  63.045 0.0000000000
52869  -22.844  -37.359  62.722 0.0000000000
52884  -23.445  -37.033  62.071 0.0000000000
56385  -23.903  -34.313  61.377 0.0000000000
55254  -24.123  -35.225  61.048 0.0000000000
52886  -25.060  -37.285  61.534 0.0000000000
52887  -25.909  -37.545  61.636 0.0000000000
52909  -27.197  -37.076  61.257 0.0000000000
52910  -27.989  -37.228  61.240 0.0000000000
56389  -27.084  -33.619  60.585 0.0000000000
56408  -27.207  -34.336  60.230 0.0000000000
54095  -28.079  -35.974  60.304 0.0000000000
54082  -29.109  -36.934  60.470 0.0000000000
52927  -30.467  -37.579  60.237 0.0000000000
52928  -31.327  -37.779  60.128 0.0000000000
54100  -32.867  -36.916  59.692 0.0000000000
55305  -32.129  -35.247  57.995 0.0000000000
54134  -32.537  -35.782  58.602 0.0000000000
54101  -33.920  -36.726  59.864 0.0000000000
54118  -35.134  -35.907  59.873 0.0000000000
55272  -36.041  -35.400  59.922 0.0000000000
55218  -20.417  -35.058  63.235 0.0000000000
71574  -41.975  -21.528  51.360 0.0000000000
79159  -40.321  -14.344  51.150 0.0000000000
78086  -40.492  -15.340  50.603 0.0000000000
77006  -41.975  -16.521  49.984 0.0000000000
79180  -42.145  -14.174  49.671 0.0000000000
78089  -43.207  -15.975  49.701 0.0000000000
75941  -44.029  -17.559  50.051 0.0000000000
74894  -45.136  -18.061  50.641 0.0000000000
82519  -50.731  -11.238  45.222 0.0000000000
83604  -50.110  -10.173  44.756 0.0000000000
85810  -50.240  -8.115  44.634 0.0000000000
42477  -7.824  -45.465  71.803 0.0000000000
42489  -7.704  -46.577  71.433 0.0000000000
41345  -8.818  -47.785  70.876 0.0000000000
41344  -8.123  -47.657  71.327 0.0000000000
40194  -7.344  -48.447  72.044 0.0000000000
39106  -7.224  -49.536  72.675 0.0000000000
56424  -38.690  -33.840  60.131 0.0000000000
58780  -39.328  -32.474  59.059 0.0000000000
59968  -39.957  -31.266  58.675 0.0000000000
61193  -38.210  -30.555  55.988 0.0000000000
61176  -39.560  -30.519  57.273 0.0000000000
61159  -40.763  -30.305  58.704 0.0000000000
62315  -41.136  -29.359  58.141 0.0000000000
64600  -41.136  -27.996  57.793 0.0000000000
65764  -40.968  -27.092  58.225 0.0000000000
64607  -33.424  -27.139  57.876 0.0000000000
65780  -34.333  -26.727  55.927 0.0000000000
66880  -32.464  -25.213  56.838 0.0000000000
65779  -33.650  -26.219  56.280 0.0000000000
65781  -35.742  -26.086  55.683 0.0000000000
66897  -36.979  -25.859  55.885 0.0000000000
66872  -39.489  -26.333  57.161 0.0000000000
69148  -36.629  -23.777  55.586 0.0000000000
69128  -37.511  -23.687  56.722 0.0000000000
69224  -39.945  -23.718  53.163 0.0000000000
70349  -38.958  -22.949  52.252 0.0000000000
71571  -38.947  -21.385  51.513 0.0000000000
71559  -37.061  -21.590  52.301 0.0000000000
72720  -38.325  -20.316  51.647 0.0000000000
74878  -38.578  -18.581  51.873 0.0000000000
75921  -38.372  -17.161  52.656 0.0000000000
51693  -22.088  -38.521  64.385 0.0000000000
50551  -23.661  -39.565  65.467 0.0000000000
50553  -25.683  -40.283  65.380 0.0000000000
46133  -9.975  -43.569  69.996 0.0000000000
47271  -11.033  -41.718  69.908 0.0000000000
46145  -10.259  -43.878  69.232 0.0000000000
43698  -10.365  -45.670  69.069 0.0000000000
42528  -11.350  -46.548  69.379 0.0000000000
49479  -13.742  -40.585  66.663 0.0000000000
47305  -13.985  -43.036  66.930 0.0000000000
46166  -14.116  -44.244  68.220 0.0000000000
36903  -4.756  -51.620  73.587 0.0000000000
39097  -4.437  -49.345  72.879 0.0000000000
40171  -4.187  -48.199  73.114 0.0000000000
55259  -38.616  -34.993  61.345 0.0000000000
51691  -20.392  -38.921  64.033 0.0000000000
54085  -37.875  -35.848  61.620 0.0000000000
52866  -20.243  -37.236  63.330 0.0000000000
78070  -39.442  -16.117  52.798 0.0000000000
78079  -39.581  -16.005  52.226 0.0000000000
78071  -39.838  -15.386  52.807 0.0000000000
83564  -44.598  -10.846  48.182 0.0000000000
83565  -45.228  -10.431  47.872 0.0000000000
82483  -45.158  -11.579  47.311 0.0000000000
52890  -28.360  -37.951  61.705 0.0000000000
51742  -28.745  -38.715  62.143 0.0000000000
50492  -13.051  -39.166  68.548 0.0000000000
84711  -50.608  -8.943  44.246 0.0000000000
84712  -51.333  -9.009  43.750 0.0000000000
58754  -41.940  -32.131  61.224 0.0000000000
59920  -42.144  -31.518  60.972 0.0000000000
59935  -41.042  -31.363  59.997 0.0000000000
51761  -33.350  -38.685  61.414 0.0000000000
51762  -34.243  -38.318  61.745 0.0000000000
52843  -16.779  -36.644  65.212 0.0000000000
52842  -16.250  -37.198  65.547 0.0000000000
51687  -16.521  -38.194  64.909 0.0000000000
50570  -16.339  -38.850  65.004 0.0000000000
57594  -34.974  -33.675  57.814 0.0000000000
57621  -34.618  -33.131  57.367 0.0000000000
57533  -26.156  -32.995  61.185 0.0000000000
56388  -26.613  -34.186  60.917 0.0000000000
57572  -29.867  -32.929  58.739 0.0000000000
57590  -29.108  -34.102  58.527 0.0000000000
56419  -28.748  -34.521  58.732 0.0000000000
56436  -29.451  -34.687  58.416 0.0000000000
55303  -30.037  -35.229  58.285 0.0000000000
56437  -30.199  -34.460  57.964 0.0000000000
57620  -33.892  -33.379  57.510 0.0000000000
56461  -33.514  -33.974  57.642 0.0000000000
73871  -43.203  -19.080  50.523 0.0000000000
74892  -43.645  -18.355  50.327 0.0000000000
82445  -41.553  -11.952  51.449 0.0000000000
81370  -41.238  -12.645  51.064 0.0000000000
81371  -41.572  -12.148  50.651 0.0000000000
78103  -45.189  -15.165  49.451 0.0000000000
78102  -44.343  -15.132  49.458 0.0000000000
78091  -45.689  -15.642  49.926 0.0000000000
84704  -48.708  -9.830  45.549 0.0000000000
43684  -9.439  -45.208  69.823 0.0000000000
43683  -9.388  -46.119  69.738 0.0000000000
60008  -37.773  -31.506  56.340 0.0000000000
64634  -35.940  -27.606  55.546 0.0000000000
64636  -38.011  -27.807  55.502 0.0000000000
65798  -37.531  -26.977  55.543 0.0000000000
68012  -33.448  -24.452  55.368 0.0000000000
68001  -35.767  -24.673  56.056 0.0000000000
68014  -35.065  -24.581  55.744 0.0000000000
69147  -35.373  -24.058  55.573 0.0000000000
70325  -35.934  -22.730  53.208 0.0000000000
70326  -36.548  -23.018  53.080 0.0000000000
69221  -37.558  -23.147  52.578 0.0000000000
51718  -24.285  -38.418  63.264 0.0000000000
46184  -12.705  -43.372  67.557 0.0000000000
46164  -12.056  -43.805  67.868 0.0000000000
43713  -13.113  -45.176  68.731 0.0000000000
44913  -13.484  -44.716  68.471 0.0000000000
47307  -16.020  -42.714  67.122 0.0000000000
47297  -16.425  -42.883  68.114 0.0000000000
42476  -7.231  -45.982  72.167 0.0000000000
42475  -6.756  -46.062  72.567 0.0000000000
57545  -40.650  -33.425  61.232 0.0000000000
50525  -20.811  -40.241  66.396 0.0000000000
50526  -21.602  -39.906  66.504 0.0000000000
50510  -22.542  -40.011  67.491 0.0000000000
50550  -22.771  -39.478  65.706 0.0000000000
52932  -35.286  -36.759  60.887 0.0000000000
52894  -35.536  -37.761  62.264 0.0000000000
56345  -19.684  -34.141  64.351 0.0000000000
52856  -18.400  -36.995  63.734 0.0000000000
50572  -18.115  -39.103  63.898 0.0000000000
50599  -18.458  -38.464  63.692 0.0000000000
50574  -20.034  -39.561  64.361 0.0000000000
50546  -19.460  -40.125  64.713 0.0000000000
49485  -19.965  -40.663  66.358 0.0000000000
59963  -33.215  -31.449  57.776 0.0000000000
59964  -34.102  -31.075  57.961 0.0000000000
58778  -33.242  -31.518  59.070 0.0000000000
58792  -32.873  -31.381  58.421 0.0000000000
59962  -32.820  -31.991  57.521 0.0000000000
73855  -40.007  -19.413  50.738 0.0000000000
74880  -40.043  -17.891  50.807 0.0000000000
75937  -40.434  -17.222  50.595 0.0000000000
82458  -42.525  -11.509  49.566 0.0000000000
83545  -42.972  -11.098  49.399 0.0000000000
81411  -44.435  -12.317  47.895 0.0000000000
81400  -43.995  -12.567  48.216 0.0000000000
80291  -44.208  -13.581  48.345 0.0000000000
80292  -45.023  -13.525  48.044 0.0000000000
79198  -45.351  -14.220  48.520 0.0000000000
81414  -46.578  -12.930  46.899 0.0000000000
84691  -46.883  -10.176  46.590 0.0000000000
64596  -34.088  -27.948  58.685 0.0000000000
64620  -34.906  -28.040  56.510 0.0000000000
64608  -33.848  -27.536  57.588 0.0000000000
70273  -32.731  -21.865  56.040 0.0000000000
71490  -32.702  -21.824  56.311 0.0000000000
70284  -32.525  -22.638  55.543 0.0000000000
69144  -32.550  -23.394  55.546 0.0000000000
70298  -32.672  -22.742  55.096 0.0000000000
69169  -33.597  -23.437  54.538 0.0000000000
70299  -33.241  -22.462  54.480 0.0000000000
71518  -34.082  -21.063  54.126 0.0000000000
71517  -33.742  -21.754  53.957 0.0000000000
71540  -34.590  -21.696  53.501 0.0000000000
72704  -35.463  -20.848  53.083 0.0000000000
72682  -35.027  -20.051  53.930 0.0000000000
51739  -26.144  -38.293  62.160 0.0000000000
51720  -26.461  -39.028  62.806 0.0000000000
51721  -27.451  -39.121  62.813 0.0000000000
50581  -28.753  -39.783  64.080 0.0000000000
49456  -13.004  -40.255  67.471 0.0000000000
49436  -12.449  -40.727  68.081 0.0000000000
48374  -12.640  -41.672  67.372 0.0000000000
48373  -12.422  -42.231  67.437 0.0000000000
47313  -13.110  -42.056  66.951 0.0000000000
40180  -6.385  -48.496  72.519 0.0000000000
41316  -6.011  -47.702  72.660 0.0000000000
40165  -5.012  -47.313  73.269 0.0000000000
61132  -42.652  -30.487  60.578 0.0000000000
62280  -43.145  -29.279  60.141 0.0000000000
62297  -42.130  -29.301  59.138 0.0000000000
52913  -30.719  -38.262  60.887 0.0000000000
51744  -30.552  -39.040  61.749 0.0000000000
51745  -31.648  -39.336  62.004 0.0000000000
52828  -15.601  -37.273  66.449 0.0000000000
52827  -15.212  -37.828  66.436 0.0000000000
52809  -14.877  -37.656  67.027 0.0000000000
51665  -14.578  -39.092  66.474 0.0000000000
51666  -15.017  -38.554  66.220 0.0000000000
50544  -16.183  -39.549  65.188 0.0000000000
49481  -16.648  -41.265  65.794 0.0000000000
49526  -17.228  -40.189  64.886 0.0000000000
48377  -18.194  -41.758  67.329 0.0000000000
55289  -36.869  -34.896  60.083 0.0000000000
56444  -36.531  -33.964  59.077 0.0000000000
58843  -36.399  -32.109  56.455 0.0000000000
59965  -35.148  -30.987  58.234 0.0000000000
61157  -36.270  -30.448  58.044 0.0000000000
61175  -35.876  -30.310  57.139 0.0000000000
62331  -36.755  -29.500  57.906 0.0000000000
62330  -36.180  -29.590  57.347 0.0000000000
54048  -20.729  -36.217  63.046 0.0000000000
54049  -21.622  -36.283  62.709 0.0000000000
55236  -22.614  -35.220  62.002 0.0000000000
54062  -22.885  -36.307  62.023 0.0000000000
55255  -24.980  -35.185  60.897 0.0000000000
54076  -24.492  -35.939  61.056 0.0000000000
54064  -24.522  -36.621  61.335 0.0000000000
52907  -25.733  -36.865  61.226 0.0000000000
52908  -26.417  -36.951  61.229 0.0000000000
54080  -27.684  -36.494  60.818 0.0000000000
57554  -28.432  -32.905  59.834 0.0000000000
57519  -29.073  -32.586  61.489 0.0000000000
57535  -28.257  -32.688  60.821 0.0000000000
57553  -27.543  -33.299  60.174 0.0000000000
57569  -27.503  -33.872  59.814 0.0000000000
54111  -28.901  -35.713  59.163 0.0000000000
55271  -28.216  -35.660  59.813 0.0000000000
54081  -28.407  -36.690  60.648 0.0000000000
52912  -29.712  -37.660  60.798 0.0000000000
54097  -29.824  -36.870  59.833 0.0000000000
54098  -30.863  -37.097  59.621 0.0000000000
54099  -31.844  -37.099  59.605 0.0000000000
52929  -32.359  -37.720  60.140 0.0000000000
54115  -32.296  -36.410  59.066 0.0000000000
57617  -31.520  -33.663  57.584 0.0000000000
55321  -31.237  -34.741  57.666 0.0000000000
56459  -32.090  -34.393  57.641 0.0000000000
55285  -33.662  -35.391  58.767 0.0000000000
54116  -33.419  -36.033  59.063 0.0000000000
54102  -34.852  -36.461  60.164 0.0000000000
54117  -34.507  -35.974  59.545 0.0000000000
56420  -35.686  -34.415  59.081 0.0000000000
55288  -36.371  -34.926  59.764 0.0000000000
55273  -36.550  -35.385  60.238 0.0000000000
69201  -40.627  -23.864  53.512 0.0000000000
70352  -42.492  -22.840  52.306 0.0000000000
70329  -42.108  -23.467  53.025 0.0000000000
73856  -40.939  -19.959  50.800 0.0000000000
72731  -41.410  -20.740  50.977 0.0000000000
79149  -40.278  -14.269  52.350 0.0000000000
80232  -40.557  -13.688  51.700 0.0000000000
79169  -41.520  -14.262  50.023 0.0000000000
79168  -40.903  -14.455  50.470 0.0000000000
78087  -41.552  -15.304  49.970 0.0000000000
80270  -42.380  -13.400  49.315 0.0000000000
79181  -42.917  -14.312  49.365 0.0000000000
77017  -44.128  -15.759  49.630 0.0000000000
77016  -43.653  -16.062  49.692 0.0000000000
77007  -43.163  -16.726  49.849 0.0000000000
75942  -45.129  -17.421  50.383 0.0000000000
75932  -46.125  -17.564  50.895 0.0000000000
79200  -46.747  -14.606  48.857 0.0000000000
82517  -49.031  -11.220  45.536 0.0000000000
81443  -49.522  -11.799  45.744 0.0000000000
84705  -49.125  -9.235  45.289 0.0000000000
84710  -49.946  -9.095  44.651 0.0000000000
43658  -8.430  -44.992  71.402 0.0000000000
40219  -10.292  -48.156  70.792 0.0000000000
41359  -9.573  -47.750  70.520 0.0000000000
40209  -9.736  -48.503  71.213 0.0000000000
39121  -8.749  -49.497  72.381 0.0000000000
40208  -8.769  -48.429  71.287 0.0000000000
40195  -8.112  -48.647  71.702 0.0000000000
39119  -7.285  -48.963  72.268 0.0000000000
57575  -37.994  -33.523  59.193 0.0000000000
58796  -39.485  -31.999  58.793 0.0000000000
58781  -39.875  -32.311  59.528 0.0000000000
59967  -39.417  -31.630  58.229 0.0000000000
62365  -36.775  -29.292  55.604 0.0000000000
61213  -37.623  -30.116  55.629 0.0000000000
62367  -38.106  -29.754  55.678 0.0000000000
63471  -38.801  -28.925  56.076 0.0000000000
62351  -39.362  -29.850  56.744 0.0000000000
61177  -40.152  -30.457  57.896 0.0000000000
62333  -40.575  -29.724  57.862 0.0000000000
65785  -39.391  -27.274  56.487 0.0000000000
64612  -40.537  -27.914  57.278 0.0000000000
65774  -40.627  -27.338  57.554 0.0000000000
65760  -32.564  -26.148  58.172 0.0000000000
65772  -33.840  -27.197  56.802 0.0000000000
65771  -33.197  -26.642  57.146 0.0000000000
67986  -32.115  -24.434  57.209 0.0000000000
66882  -34.100  -25.730  55.867 0.0000000000
66881  -33.116  -25.680  56.321 0.0000000000
65782  -36.462  -25.882  55.819 0.0000000000
66869  -37.079  -24.854  57.023 0.0000000000
66885  -37.779  -25.710  56.384 0.0000000000
66871  -38.661  -25.608  57.332 0.0000000000
66862  -39.608  -25.863  58.232 0.0000000000
69171  -35.661  -23.473  54.354 0.0000000000
69174  -39.261  -23.920  54.618 0.0000000000
69175  -40.316  -24.121  54.588 0.0000000000
69200  -39.665  -23.946  53.707 0.0000000000
70348  -37.857  -22.557  52.115 0.0000000000
70363  -39.551  -22.330  51.798 0.0000000000
72718  -36.314  -20.918  52.580 0.0000000000
72719  -37.173  -20.099  52.295 0.0000000000
75920  -38.114  -17.534  53.232 0.0000000000
50576  -23.864  -39.268  64.888 0.0000000000
51679  -23.622  -39.226  64.917 0.0000000000
50529  -23.959  -40.094  66.481 0.0000000000
50579  -26.367  -39.944  64.430 0.0000000000
50578  -25.266  -39.742  64.590 0.0000000000
50603  -30.645  -39.854  63.313 0.0000000000
47285  -11.088  -42.497  68.756 0.0000000000
46163  -11.401  -43.875  68.149 0.0000000000
46146  -10.797  -43.610  68.642 0.0000000000
44890  -10.653  -44.682  68.731 0.0000000000
49480  -14.560  -40.392  66.051 0.0000000000
48396  -14.726  -41.428  66.034 0.0000000000
47306  -15.006  -43.115  67.178 0.0000000000
47315  -14.410  -42.355  66.528 0.0000000000
46186  -14.352  -43.591  67.553 0.0000000000
38022  -4.491  -50.599  72.972 0.0000000000
51676  -21.828  -39.079  64.974 0.0000000000
54084  -36.901  -36.235  61.325 0.0000000000
52865  -19.311  -37.169  63.447 0.0000000000
50600  -18.874  -38.709  63.636 0.0000000000
51690  -19.872  -39.103  63.897 0.0000000000
58779  -33.816  -31.705  59.405 0.0000000000
75929  -39.019  -17.238  51.762 0.0000000000
76996  -39.528  -16.458  51.628 0.0000000000
82460  -43.748  -11.200  48.730 0.0000000000
82471  -44.244  -11.520  48.214 0.0000000000
82482  -44.643  -11.851  47.699 0.0000000000
81412  -44.969  -12.609  47.583 0.0000000000
82484  -45.903  -11.526  46.809 0.0000000000
64610  -35.323  -28.643  58.413 0.0000000000
64597  -34.937  -28.435  58.880 0.0000000000
71491  -33.181  -21.268  56.260 0.0000000000
72658  -33.628  -20.735  55.882 0.0000000000
72681  -34.418  -20.467  54.373 0.0000000000
72660  -34.695  -19.974  54.662 0.0000000000
73788  -34.696  -19.796  55.090 0.0000000000
51722  -28.323  -39.148  62.803 0.0000000000
51700  -28.654  -39.469  63.350 0.0000000000
50601  -29.017  -39.576  63.420 0.0000000000
83605  -51.295  -10.571  44.614 0.0000000000
38025  -6.301  -50.754  73.661 0.0000000000
38024  -5.389  -50.631  73.441 0.0000000000
59937  -42.292  -31.193  60.835 0.0000000000
61144  -41.741  -30.315  59.629 0.0000000000
52914  -31.813  -38.410  60.631 0.0000000000
51760  -32.321  -38.938  61.237 0.0000000000
50618  -34.203  -39.342  62.613 0.0000000000
55195  -17.774  -35.172  65.355 0.0000000000
53990  -16.608  -35.668  66.653 0.0000000000
53989  -16.152  -36.507  66.319 0.0000000000
49484  -19.134  -40.962  66.257 0.0000000000
49457  -18.789  -41.344  66.951 0.0000000000
48378  -18.777  -41.391  67.682 0.0000000000
56443  -36.028  -33.987  58.787 0.0000000000
57595  -35.779  -33.614  58.072 0.0000000000
55235  -21.959  -35.221  62.451 0.0000000000
57531  -24.575  -33.432  61.671 0.0000000000
57532  -25.369  -33.264  61.467 0.0000000000
55256  -25.839  -35.227  60.873 0.0000000000
55257  -26.583  -35.332  60.769 0.0000000000
55269  -27.154  -35.294  60.510 0.0000000000
56418  -28.133  -34.322  59.109 0.0000000000
55284  -29.051  -35.293  58.780 0.0000000000
54112  -29.538  -36.001  58.948 0.0000000000
54130  -29.856  -35.616  58.577 0.0000000000
54131  -30.295  -35.786  58.546 0.0000000000
54132  -30.954  -36.007  58.607 0.0000000000
56460  -32.860  -34.136  57.623 0.0000000000
56439  -32.721  -34.724  57.928 0.0000000000
56440  -33.393  -34.531  58.027 0.0000000000
55307  -33.872  -34.902  58.523 0.0000000000
55308  -34.594  -34.760  58.737 0.0000000000
70350  -40.232  -23.280  52.601 0.0000000000
70328  -41.115  -23.531  53.037 0.0000000000
70365  -41.640  -22.260  51.793 0.0000000000
73858  -42.783  -19.871  50.803 0.0000000000
81349  -41.371  -12.734  52.419 0.0000000000
80244  -40.660  -13.716  51.113 0.0000000000
80245  -40.894  -13.161  51.473 0.0000000000
80257  -41.076  -13.536  50.602 0.0000000000
79182  -43.776  -14.474  49.151 0.0000000000
77009  -45.379  -16.399  50.106 0.0000000000
76997  -46.375  -16.833  50.644 0.0000000000
83589  -47.801  -10.530  46.015 0.0000000000
82498  -48.343  -11.379  45.815 0.0000000000
39107  -8.321  -49.904  72.957 0.0000000000
58793  -37.452  -32.817  57.887 0.0000000000
57598  -38.380  -32.983  58.732 0.0000000000
58794  -38.130  -32.605  58.056 0.0000000000
58823  -38.479  -32.114  57.574 0.0000000000
60009  -38.507  -31.196  56.617 0.0000000000
63489  -37.288  -28.611  55.444 0.0000000000
63472  -39.436  -28.906  56.535 0.0000000000
63455  -39.982  -28.866  57.100 0.0000000000
65784  -38.791  -27.216  56.051 0.0000000000
66867  -32.217  -25.410  57.707 0.0000000000
67998  -32.689  -24.526  56.059 0.0000000000
67987  -37.017  -24.515  57.103 0.0000000000
69110  -36.983  -24.183  57.162 0.0000000000
69127  -36.605  -24.204  56.499 0.0000000000
70324  -35.166  -22.716  53.507 0.0000000000
69150  -38.896  -23.715  55.651 0.0000000000
73833  -36.628  -19.402  53.171 0.0000000000
72706  -36.812  -19.583  52.850 0.0000000000
73834  -37.205  -18.922  53.097 0.0000000000
73835  -37.748  -18.510  52.822 0.0000000000
51717  -23.353  -38.114  63.524 0.0000000000
50577  -24.334  -39.422  64.790 0.0000000000
47295  -11.655  -42.918  67.784 0.0000000000
44911  -11.600  -44.588  68.249 0.0000000000
43712  -12.365  -45.285  68.501 0.0000000000
48411  -15.364  -41.048  65.721 0.0000000000
57564  -40.804  -33.101  61.083 0.0000000000
58769  -41.112  -32.514  60.845 0.0000000000
50493  -21.284  -40.054  68.428 0.0000000000
51763  -34.689  -38.076  62.000 0.0000000000
55196  -18.294  -35.061  64.819 0.0000000000
55216  -18.715  -35.317  64.104 0.0000000000
54029  -17.687  -35.688  64.814 0.0000000000
52855  -17.453  -36.782  64.469 0.0000000000
51688  -17.288  -38.134  64.369 0.0000000000
50571  -17.005  -39.300  64.631 0.0000000000
58818  -34.017  -32.542  57.285 0.0000000000
57556  -30.535  -32.592  59.643 0.0000000000
57592  -30.563  -33.388  57.965 0.0000000000
58790  -31.524  -32.581  57.811 0.0000000000
58777  -32.441  -31.645  58.790 0.0000000000
58815  -31.937  -33.087  57.557 0.0000000000
58816  -32.499  -32.650  57.517 0.0000000000
58817  -33.284  -32.720  57.374 0.0000000000
72729  -39.385  -20.450  51.182 0.0000000000
73868  -40.473  -18.810  50.600 0.0000000000
73869  -41.112  -19.106  50.548 0.0000000000
74890  -41.735  -18.264  50.395 0.0000000000
75939  -42.345  -17.491  50.165 0.0000000000
81386  -42.675  -12.474  49.004 0.0000000000
81399  -43.390  -12.529  48.566 0.0000000000
80272  -43.976  -14.066  48.740 0.0000000000
79184  -45.622  -14.785  49.078 0.0000000000
79199  -46.162  -14.470  48.680 0.0000000000
80309  -45.576  -13.237  47.608 0.0000000000
80294  -46.919  -14.168  48.238 0.0000000000
80323  -48.033  -13.116  46.730 0.0000000000
82497  -47.561  -11.524  46.135 0.0000000000
82496  -46.683  -11.485  46.430 0.0000000000
42527  -10.471  -46.540  69.488 0.0000000000
42526  -9.894  -46.547  69.666 0.0000000000
42513  -10.286  -47.020  69.811 0.0000000000
41360  -10.493  -47.680  70.314 0.0000000000
61192  -37.272  -30.738  55.792 0.0000000000
61211  -36.535  -29.775  55.830 0.0000000000
63452  -35.292  -28.648  57.536 0.0000000000
63469  -35.293  -28.568  57.028 0.0000000000
63488  -36.286  -28.546  55.666 0.0000000000
64633  -35.159  -27.618  55.805 0.0000000000
70249  -32.392  -22.344  58.381 0.0000000000
71474  -32.589  -21.797  56.789 0.0000000000
69145  -33.152  -23.874  55.009 0.0000000000
69146  -34.086  -24.123  54.956 0.0000000000
70322  -33.805  -22.359  53.869 0.0000000000
70323  -34.351  -22.494  53.672 0.0000000000
71542  -35.979  -22.290  52.886 0.0000000000
71558  -36.211  -21.847  52.672 0.0000000000
71557  -35.757  -21.478  52.821 0.0000000000
73812  -35.523  -19.578  53.969 0.0000000000
73813  -36.177  -19.115  53.797 0.0000000000
51719  -25.365  -38.649  62.857 0.0000000000
50580  -27.515  -39.907  64.323 0.0000000000
49415  -11.956  -40.733  69.068 0.0000000000
49416  -12.339  -40.162  69.107 0.0000000000
49435  -12.007  -41.227  68.419 0.0000000000
48348  -11.842  -41.934  67.906 0.0000000000
47303  -12.284  -42.727  67.527 0.0000000000
47298  -17.042  -42.494  68.227 0.0000000000
41331  -6.925  -47.853  72.132 0.0000000000
41317  -6.446  -47.117  72.476 0.0000000000
41304  -5.655  -46.798  73.028 0.0000000000
41303  -5.199  -47.141  73.207 0.0000000000
40164  -4.811  -47.075  73.417 0.0000000000
80224  -41.466  -13.491  53.202 0.0000000000
81350  -41.741  -12.517  52.775 0.0000000000
82433  -41.553  -11.978  52.009 0.0000000000
82434  -42.019  -11.617  52.235 0.0000000000
64589  -42.327  -27.722  58.856 0.0000000000
51743  -29.582  -38.891  62.005 0.0000000000
51725  -30.835  -39.560  62.452 0.0000000000
51748  -34.884  -38.611  62.375 0.0000000000
52787  -14.617  -37.157  68.099 0.0000000000
52786  -14.204  -37.822  67.638 0.0000000000
51657  -14.238  -38.619  67.059 0.0000000000
49505  -15.142  -40.360  65.665 0.0000000000
50543  -15.389  -39.611  65.574 0.0000000000
48375  -16.657  -42.323  66.818 0.0000000000
49482  -17.379  -41.287  65.893 0.0000000000
55258  -38.013  -35.237  61.125 0.0000000000
55275  -38.097  -34.935  60.934 0.0000000000
57574  -37.420  -33.575  58.944 0.0000000000
57596  -36.804  -33.478  58.393 0.0000000000
58844  -37.163  -32.123  56.506 0.0000000000
58819  -34.928  -32.273  56.924 0.0000000000
58841  -35.238  -31.682  56.747 0.0000000000
61156  -35.583  -30.762  57.461 0.0000000000
60005  -35.563  -31.341  56.638 0.0000000000
61190  -35.847  -30.990  56.415 0.0000000000
63439  -36.004  -28.779  58.763 0.0000000000
63440  -36.479  -28.850  59.177 0.0000000000
54050  -22.291  -36.668  62.532 0.0000000000
52885  -24.169  -37.207  61.832 0.0000000000
57513  -23.501  -33.145  62.458 0.0000000000
56367  -23.170  -34.236  61.776 0.0000000000
54063  -23.786  -36.289  61.444 0.0000000000
52888  -26.703  -37.684  61.728 0.0000000000
52889  -27.527  -37.809  61.756 0.0000000000
57534  -27.110  -32.698  61.043 0.0000000000
55282  -27.898  -34.799  59.407 0.0000000000
55270  -27.668  -35.239  59.875 0.0000000000
54094  -27.519  -35.821  60.511 0.0000000000
52911  -28.792  -37.415  61.099 0.0000000000
52930  -33.382  -37.496  60.330 0.0000000000
54133  -31.710  -35.898  58.524 0.0000000000
52931  -34.368  -37.187  60.630 0.0000000000
52933  -35.867  -36.530  60.923 0.0000000000
54103  -35.794  -35.994  60.340 0.0000000000
54083  -36.281  -36.333  60.961 0.0000000000
54104  -36.713  -35.833  60.742 0.0000000000
56346  -20.299  -33.995  63.841 0.0000000000
70366  -42.437  -22.148  51.755 0.0000000000
72732  -42.390  -20.746  51.024 0.0000000000
77005  -40.948  -16.347  50.338 0.0000000000
80269  -41.666  -13.417  49.874 0.0000000000
78100  -42.419  -14.938  49.658 0.0000000000
78088  -42.612  -15.802  49.749 0.0000000000
75940  -43.176  -17.698  50.161 0.0000000000
74893  -44.605  -18.338  50.538 0.0000000000
83618  -50.402  -9.496  44.486 0.0000000000
42501  -8.790  -46.919  70.548 0.0000000000
42500  -8.256  -47.022  70.975 0.0000000000
41332  -7.219  -47.371  71.807 0.0000000000
38031  -7.047  -50.442  73.370 0.0000000000
56410  -38.357  -34.423  60.579 0.0000000000
57576  -39.028  -33.222  59.501 0.0000000000
62350  -38.745  -29.643  56.156 0.0000000000
61194  -38.965  -30.568  56.630 0.0000000000
59986  -39.684  -31.108  57.857 0.0000000000
59951  -40.618  -31.227  59.510 0.0000000000
61143  -41.102  -30.599  59.374 0.0000000000
61160  -41.238  -30.209  59.169 0.0000000000
62316  -41.461  -29.695  58.864 0.0000000000
63456  -40.607  -28.805  57.494 0.0000000000
63441  -41.215  -28.713  57.893 0.0000000000
63442  -41.788  -28.663  58.371 0.0000000000
64601  -41.622  -27.671  58.326 0.0000000000
65762  -33.575  -27.351  58.973 0.0000000000
65749  -32.591  -26.223  59.278 0.0000000000
65761  -33.126  -26.869  58.479 0.0000000000
65795  -34.837  -27.201  55.753 0.0000000000
66868  -32.644  -25.847  57.072 0.0000000000
65797  -36.540  -26.628  55.542 0.0000000000
65783  -38.111  -26.530  55.877 0.0000000000
66886  -38.737  -26.303  56.500 0.0000000000
65763  -40.235  -26.653  57.732 0.0000000000
65754  -41.066  -26.625  58.970 0.0000000000
66860  -37.936  -24.811  58.110 0.0000000000
69223  -39.274  -23.584  52.959 0.0000000000
71560  -37.969  -21.373  51.860 0.0000000000
74871  -38.669  -17.892  52.005 0.0000000000
74870  -38.201  -18.140  52.627 0.0000000000
51677  -22.468  -39.101  64.981 0.0000000000
51694  -22.903  -38.580  64.350 0.0000000000
51678  -23.191  -39.167  64.951 0.0000000000
50530  -25.008  -40.298  66.471 0.0000000000
50602  -29.563  -39.719  63.393 0.0000000000
46123  -9.766  -43.180  70.826 0.0000000000
44889  -9.903  -44.480  69.453 0.0000000000
47270  -10.627  -42.494  69.779 0.0000000000
47284  -10.637  -42.899  69.162 0.0000000000
46134  -10.375  -43.178  69.548 0.0000000000
42529  -12.210  -46.425  69.423 0.0000000000
49478  -13.500  -41.186  66.763 0.0000000000
48395  -13.856  -41.579  66.498 0.0000000000
48394  -13.304  -41.619  66.876 0.0000000000
46185  -13.557  -43.554  67.487 0.0000000000
47286  -16.138  -43.180  68.814 0.0000000000
46148  -14.826  -44.208  68.847 0.0000000000
38023  -4.812  -50.601  73.166 0.0000000000
41302  -4.210  -47.298  73.503 0.0000000000
39104  -3.893  -49.460  72.785 0.0000000000
40193  -3.746  -48.394  72.559 0.0000000000
40179  -3.968  -48.349  73.110 0.0000000000
41301  -3.986  -47.201  73.603 0.0000000000
40220  -10.697  -48.087  70.810 0.0000000000
47314  -13.610  -42.242  66.747 0.0000000000
51658  -14.654  -38.190  66.841 0.0000000000
55322  -31.582  -34.848  57.708 0.0000000000
56397  -38.886  -34.397  60.913 0.0000000000
56417  -27.646  -34.358  59.590 0.0000000000
56423  -38.165  -33.925  59.879 0.0000000000
56458  -31.470  -34.406  57.614 0.0000000000
58842  -35.653  -31.928  56.546 0.0000000000
59936  -41.698  -31.324  60.410 0.0000000000
59980  -32.967  -32.328  57.415 0.0000000000
61131  -42.078  -30.608  60.163 0.0000000000
61145  -42.235  -30.289  60.040 0.0000000000
64622  -39.452  -27.848  56.430 0.0000000000
64632  -34.627  -27.501  56.052 0.0000000000
65773  -39.984  -27.252  56.921 0.0000000000
66861  -38.533  -25.030  58.426 0.0000000000
66898  -37.403  -26.288  55.767 0.0000000000
71505  -34.046  -20.772  54.677 0.0000000000
81361  -41.611  -12.112  52.285 0.0000000000
