#!ascii label  , from subject MOT01 vox2ras=TkReg
1163
102163  -44.691  6.487  40.553 0.0000000000
101293  -53.307  5.014  32.240 0.0000000000
107800  -50.783  12.709  40.938 0.0000000000
101220  -52.471  4.963  37.569 0.0000000000
94647  -52.923  -0.660  43.361 0.0000000000
106139  -45.920  10.240  32.112 0.0000000000
112747  -51.068  17.095  30.037 0.0000000000
110610  -47.278  15.897  38.736 0.0000000000
91292  -46.263  -3.661  47.500 0.0000000000
102175  -48.574  5.811  39.194 0.0000000000
102239  -48.879  7.068  34.782 0.0000000000
104143  -44.750  8.401  37.018 0.0000000000
108690  -55.894  13.206  39.949 0.0000000000
109672  -52.216  14.727  35.274 0.0000000000
112687  -54.729  17.417  36.094 0.0000000000
111671  -48.754  16.286  34.643 0.0000000000
112653  -52.730  17.726  40.553 0.0000000000
101327  -49.435  6.159  29.376 0.0000000000
103126  -43.094  7.516  43.765 0.0000000000
106070  -45.709  10.958  41.203 0.0000000000
101155  -58.500  5.328  41.251 0.0000000000
98959  -52.567  2.834  41.093 0.0000000000
97763  -47.752  2.186  41.178 0.0000000000
92411  -47.555  -2.336  43.927 0.0000000000
105188  -52.007  9.642  30.516 0.0000000000
107094  -49.645  11.315  26.552 0.0000000000
108739  -47.416  13.095  36.316 0.0000000000
109719  -48.205  14.616  31.037 0.0000000000
109754  -46.678  14.601  26.370 0.0000000000
111717  -44.243  16.426  30.950 0.0000000000
110678  -42.697  16.141  34.680 0.0000000000
101168  -46.167  5.619  40.267 0.0000000000
102185  -46.863  6.730  37.996 0.0000000000
103169  -44.695  7.814  38.748 0.0000000000
110593  -57.193  14.981  40.070 0.0000000000
110633  -56.126  15.618  37.748 0.0000000000
112671  -55.860  17.879  38.385 0.0000000000
112669  -53.376  17.916  38.419 0.0000000000
101319  -51.584  5.899  30.824 0.0000000000
102133  -44.175  6.558  45.541 0.0000000000
104093  -45.322  8.828  44.720 0.0000000000
95715  -52.757  1.129  41.896 0.0000000000
97766  -50.605  2.117  41.199 0.0000000000
95699  -49.701  0.140  42.174 0.0000000000
92385  -46.549  -3.235  45.307 0.0000000000
95684  -42.267  0.177  42.938 0.0000000000
97743  -41.250  2.665  43.053 0.0000000000
95682  -40.677  0.844  43.756 0.0000000000
101253  -53.044  5.054  35.778 0.0000000000
104179  -47.624  7.980  33.455 0.0000000000
103240  -50.530  7.816  32.552 0.0000000000
104224  -48.680  9.187  30.532 0.0000000000
105230  -50.820  10.382  28.285 0.0000000000
106169  -47.945  10.710  28.886 0.0000000000
106955  -48.131  11.507  41.169 0.0000000000
106995  -46.519  12.017  38.723 0.0000000000
107851  -49.324  12.875  38.809 0.0000000000
110705  -52.581  15.947  31.987 0.0000000000
109697  -50.203  14.599  33.246 0.0000000000
110742  -50.136  15.989  29.325 0.0000000000
110750  -48.029  15.393  27.830 0.0000000000
112783  -47.978  17.182  27.667 0.0000000000
111740  -44.852  15.922  28.588 0.0000000000
112760  -47.748  17.198  29.792 0.0000000000
110649  -48.090  15.658  36.797 0.0000000000
110681  -46.200  15.924  34.940 0.0000000000
110646  -44.825  15.406  36.566 0.0000000000
110643  -41.852  15.474  36.437 0.0000000000
110587  -43.908  15.066  38.765 0.0000000000
101202  -50.072  5.548  38.870 0.0000000000
101250  -50.208  5.564  36.171 0.0000000000
102199  -48.321  6.234  37.520 0.0000000000
103196  -46.909  7.583  35.284 0.0000000000
105155  -45.306  9.248  34.316 0.0000000000
107821  -53.304  12.992  40.532 0.0000000000
108712  -51.194  13.547  38.498 0.0000000000
109636  -54.050  14.636  38.068 0.0000000000
110687  -54.438  15.939  34.574 0.0000000000
112709  -52.843  17.113  33.037 0.0000000000
112716  -49.576  17.109  32.652 0.0000000000
111654  -52.159  16.927  35.559 0.0000000000
111626  -50.433  16.466  37.374 0.0000000000
111603  -49.561  16.896  39.764 0.0000000000
102302  -47.787  6.617  28.803 0.0000000000
103143  -43.305  7.440  41.762 0.0000000000
105111  -43.725  8.973  40.878 0.0000000000
105095  -44.153  9.549  42.859 0.0000000000
106038  -47.132  10.231  43.306 0.0000000000
106040  -49.751  11.071  43.180 0.0000000000
106027  -51.309  10.405  44.363 0.0000000000
106936  -52.392  11.800  42.495 0.0000000000
100163  -55.642  4.973  39.782 0.0000000000
100122  -55.520  3.833  41.198 0.0000000000
100160  -52.376  4.642  39.736 0.0000000000
100142  -50.823  4.183  40.297 0.0000000000
98974  -48.314  3.691  40.657 0.0000000000
93512  -52.619  -2.137  45.567 0.0000000000
92360  -49.736  -2.645  47.647 0.0000000000
92388  -49.706  -2.619  45.723 0.0000000000
93541  -50.098  -1.686  43.748 0.0000000000
94657  -47.103  -0.370  42.235 0.0000000000
98957  -43.576  3.716  41.142 0.0000000000
103257  -55.192  7.918  31.675 0.0000000000
102258  -51.317  6.821  33.793 0.0000000000
104197  -53.134  8.829  31.814 0.0000000000
104228  -53.445  8.916  30.276 0.0000000000
104250  -52.064  8.950  28.546 0.0000000000
104261  -49.925  9.022  27.202 0.0000000000
105241  -47.477  9.507  26.656 0.0000000000
105125  -44.191  9.508  38.709 0.0000000000
107011  -45.212  11.571  36.714 0.0000000000
107898  -45.389  12.219  33.877 0.0000000000
108741  -49.430  13.786  36.270 0.0000000000
108774  -47.942  14.147  32.959 0.0000000000
107914  -46.169  12.712  31.528 0.0000000000
107936  -47.421  13.026  28.261 0.0000000000
107957  -48.136  12.825  25.974 0.0000000000
106176  -45.805  10.688  27.913 0.0000000000
111703  -46.428  16.640  32.410 0.0000000000
111685  -43.701  16.575  32.817 0.0000000000
110693  -40.720  15.676  32.919 0.0000000000
111662  -39.431  16.108  33.954 0.0000000000
111635  -38.146  16.154  35.706 0.0000000000
101167  -45.147  5.653  40.543 0.0000000000
102164  -45.730  6.563  39.926 0.0000000000
103154  -44.898  7.087  40.016 0.0000000000
111612  -56.376  16.375  39.028 0.0000000000
114366  -55.703  18.853  39.656 0.0000000000
101309  -52.854  5.788  31.527 0.0000000000
94663  -53.369  0.036  42.942 0.0000000000
95701  -51.748  0.353  42.317 0.0000000000
94661  -51.183  -0.490  42.837 0.0000000000
94634  -42.152  -0.989  43.898 0.0000000000
95683  -41.463  0.554  43.309 0.0000000000
101221  -53.575  5.020  37.471 0.0000000000
101236  -52.841  4.815  36.687 0.0000000000
104191  -46.512  9.075  32.538 0.0000000000
104193  -48.722  8.114  32.374 0.0000000000
104209  -47.561  9.069  31.406 0.0000000000
105199  -47.994  9.885  29.933 0.0000000000
105198  -47.319  10.014  30.330 0.0000000000
106977  -49.388  12.102  40.776 0.0000000000
107835  -48.685  12.372  39.455 0.0000000000
107837  -50.269  13.020  39.708 0.0000000000
112749  -52.267  16.699  30.696 0.0000000000
110718  -51.834  15.636  31.074 0.0000000000
111746  -50.928  16.552  29.634 0.0000000000
111759  -49.736  16.718  28.730 0.0000000000
112762  -49.963  17.151  29.058 0.0000000000
112774  -48.009  17.369  28.598 0.0000000000
112745  -48.888  17.400  30.536 0.0000000000
110630  -47.626  15.715  37.693 0.0000000000
110648  -47.099  15.575  36.819 0.0000000000
110628  -45.848  15.452  37.848 0.0000000000
110626  -44.159  15.250  37.317 0.0000000000
110608  -45.289  15.416  38.440 0.0000000000
101201  -49.422  5.536  39.233 0.0000000000
102201  -49.637  5.725  38.214 0.0000000000
102187  -48.451  6.041  38.484 0.0000000000
103178  -45.488  7.618  37.310 0.0000000000
103179  -46.474  7.225  37.014 0.0000000000
103185  -45.816  7.749  36.309 0.0000000000
104162  -46.356  7.953  35.155 0.0000000000
104160  -44.997  8.878  35.443 0.0000000000
108689  -54.863  13.202  39.858 0.0000000000
108699  -54.292  13.677  39.177 0.0000000000
108715  -54.629  14.136  38.576 0.0000000000
111629  -55.668  16.480  36.526 0.0000000000
110651  -55.284  15.814  36.159 0.0000000000
112695  -55.217  16.667  35.342 0.0000000000
112701  -53.837  16.886  33.968 0.0000000000
112693  -53.928  17.339  35.096 0.0000000000
112699  -52.346  16.988  34.764 0.0000000000
112692  -52.955  17.140  35.439 0.0000000000
112660  -52.421  17.602  39.388 0.0000000000
112676  -51.964  17.020  37.643 0.0000000000
112659  -51.204  17.224  38.997 0.0000000000
111619  -50.114  16.479  38.245 0.0000000000
112658  -50.484  16.974  39.209 0.0000000000
102303  -48.919  6.528  28.761 0.0000000000
103134  -42.903  7.302  42.814 0.0000000000
104106  -43.378  8.281  42.274 0.0000000000
104097  -43.452  8.400  43.383 0.0000000000
105073  -46.490  9.370  44.608 0.0000000000
105086  -46.244  9.805  43.880 0.0000000000
106023  -47.375  9.950  43.981 0.0000000000
106039  -48.410  10.709  43.213 0.0000000000
106025  -49.056  10.341  44.036 0.0000000000
105063  -52.005  9.363  45.675 0.0000000000
106042  -52.032  10.867  43.778 0.0000000000
106921  -52.746  11.334  43.196 0.0000000000
106937  -53.435  11.714  42.555 0.0000000000
106923  -54.871  11.276  43.226 0.0000000000
101193  -57.307  5.793  38.991 0.0000000000
100147  -56.631  4.882  40.419 0.0000000000
98962  -55.403  3.164  41.749 0.0000000000
98980  -54.592  3.587  40.952 0.0000000000
100145  -54.081  4.006  40.223 0.0000000000
100144  -52.930  3.946  40.175 0.0000000000
100159  -51.373  4.724  39.855 0.0000000000
98977  -51.131  3.400  40.590 0.0000000000
97764  -48.705  2.153  41.232 0.0000000000
97781  -49.424  2.854  40.886 0.0000000000
97779  -47.575  2.981  40.849 0.0000000000
92358  -47.995  -3.141  47.310 0.0000000000
92387  -48.684  -2.837  45.697 0.0000000000
92401  -48.100  -2.735  44.769 0.0000000000
92403  -50.161  -2.309  44.755 0.0000000000
93539  -48.043  -1.772  43.309 0.0000000000
93553  -48.567  -1.144  42.807 0.0000000000
93552  -47.565  -1.146  42.696 0.0000000000
100121  -43.208  4.509  41.321 0.0000000000
98956  -42.794  3.680  41.641 0.0000000000
103245  -55.857  7.728  32.204 0.0000000000
102225  -50.260  5.690  35.600 0.0000000000
101268  -51.521  5.505  35.017 0.0000000000
102257  -50.290  6.833  33.868 0.0000000000
104195  -51.128  8.449  31.829 0.0000000000
103241  -51.548  8.016  32.492 0.0000000000
104214  -52.605  9.276  31.114 0.0000000000
104215  -53.565  9.189  31.011 0.0000000000
105190  -53.226  9.516  30.103 0.0000000000
104239  -52.835  8.805  29.212 0.0000000000
105219  -52.292  10.168  28.777 0.0000000000
106179  -50.331  10.705  27.798 0.0000000000
106191  -50.463  10.513  27.460 0.0000000000
105255  -49.787  10.326  26.522 0.0000000000
104272  -48.669  9.358  26.595 0.0000000000
106200  -48.718  10.819  25.936 0.0000000000
106079  -44.642  10.450  40.564 0.0000000000
105119  -44.023  9.455  40.027 0.0000000000
106080  -45.322  11.105  40.009 0.0000000000
107863  -47.262  12.597  37.549 0.0000000000
107003  -45.581  11.682  37.573 0.0000000000
107874  -46.206  12.445  36.456 0.0000000000
107884  -45.364  11.917  35.510 0.0000000000
108753  -46.474  13.098  35.249 0.0000000000
108743  -51.966  14.313  36.463 0.0000000000
108730  -51.597  13.933  37.284 0.0000000000
108757  -50.681  14.374  35.315 0.0000000000
109708  -49.253  14.578  32.187 0.0000000000
108775  -48.746  14.282  33.192 0.0000000000
109707  -48.445  14.464  32.003 0.0000000000
108781  -46.831  13.623  32.227 0.0000000000
108790  -46.808  13.637  31.022 0.0000000000
107929  -46.951  12.720  29.030 0.0000000000
109729  -47.473  14.524  29.546 0.0000000000
110769  -47.702  15.018  26.313 0.0000000000
108821  -48.115  13.792  26.434 0.0000000000
109761  -47.103  14.134  26.025 0.0000000000
107079  -46.718  11.639  26.431 0.0000000000
107944  -45.862  12.654  27.142 0.0000000000
107065  -45.141  11.742  28.577 0.0000000000
108812  -45.489  13.591  27.542 0.0000000000
111728  -44.202  16.137  29.781 0.0000000000
110739  -44.171  15.281  29.174 0.0000000000
111691  -49.340  16.696  33.710 0.0000000000
112715  -48.533  17.003  32.479 0.0000000000
111689  -47.530  16.490  33.525 0.0000000000
110679  -43.946  16.125  34.517 0.0000000000
111667  -44.898  16.394  33.841 0.0000000000
111665  -43.145  16.482  33.729 0.0000000000
111684  -42.615  16.392  32.854 0.0000000000
111664  -41.989  16.333  33.860 0.0000000000
111681  -39.798  15.819  33.446 0.0000000000
111663  -40.640  16.334  34.201 0.0000000000
110623  -41.510  15.011  37.326 0.0000000000
110641  -39.758  15.852  36.362 0.0000000000
110622  -40.380  15.107  37.437 0.0000000000
110639  -37.647  15.852  36.457 0.0000000000
102166  -47.377  6.066  39.876 0.0000000000
102174  -47.645  6.134  39.308 0.0000000000
102173  -46.589  6.683  38.950 0.0000000000
103163  -45.844  7.044  38.755 0.0000000000
103177  -44.900  7.929  37.907 0.0000000000
108717  -56.048  14.430  38.518 0.0000000000
110612  -56.376  15.570  38.584 0.0000000000
112681  -56.186  16.909  37.726 0.0000000000
112680  -55.669  17.524  37.270 0.0000000000
112678  -53.606  17.641  37.248 0.0000000000
113595  -54.682  18.376  38.358 0.0000000000
113594  -54.078  18.470  39.239 0.0000000000
101318  -50.273  5.939  30.084 0.0000000000
103121  -43.510  7.385  44.552 0.0000000000
104092  -44.202  8.476  44.413 0.0000000000
104081  -44.456  7.960  45.039 0.0000000000
96713  -52.762  1.614  41.629 0.0000000000
97783  -51.294  2.714  40.959 0.0000000000
96712  -51.840  1.566  41.483 0.0000000000
96710  -49.945  1.439  41.499 0.0000000000
95711  -49.314  0.708  41.766 0.0000000000
91302  -47.150  -3.487  46.695 0.0000000000
92384  -45.599  -3.193  45.160 0.0000000000
95692  -43.055  0.505  42.456 0.0000000000
97751  -42.429  2.808  42.084 0.0000000000
96692  -41.804  1.889  42.596 0.0000000000
96684  -40.960  1.643  43.303 0.0000000000
103221  -48.367  7.631  33.732 0.0000000000
103209  -49.394  7.226  33.894 0.0000000000
104180  -48.427  7.778  33.225 0.0000000000
104211  -49.548  8.694  31.251 0.0000000000
104226  -50.133  9.227  30.555 0.0000000000
105218  -51.439  10.227  28.946 0.0000000000
105201  -49.922  9.634  29.850 0.0000000000
106170  -48.819  10.373  28.702 0.0000000000
106177  -48.538  11.160  28.007 0.0000000000
106953  -46.615  11.319  40.806 0.0000000000
106973  -46.177  11.443  40.196 0.0000000000
106986  -47.661  12.034  39.502 0.0000000000
107849  -47.516  12.366  38.517 0.0000000000
107864  -48.202  12.871  37.683 0.0000000000
109700  -52.387  15.197  33.988 0.0000000000
109685  -51.175  14.733  34.299 0.0000000000
110704  -51.641  15.276  32.223 0.0000000000
110717  -50.769  15.178  31.184 0.0000000000
109731  -48.910  14.948  30.379 0.0000000000
109740  -47.930  15.010  29.052 0.0000000000
110741  -48.866  15.727  28.926 0.0000000000
110760  -48.236  16.234  27.384 0.0000000000
111771  -47.113  16.475  27.318 0.0000000000
110749  -45.479  15.259  27.664 0.0000000000
111757  -46.536  16.721  28.357 0.0000000000
111742  -46.390  16.701  29.433 0.0000000000
111730  -46.197  16.653  30.462 0.0000000000
110666  -48.473  15.816  35.901 0.0000000000
110682  -47.197  15.873  35.058 0.0000000000
110665  -47.603  15.666  35.921 0.0000000000
110663  -45.524  15.596  35.740 0.0000000000
110662  -44.419  15.607  35.550 0.0000000000
110660  -42.253  15.751  35.574 0.0000000000
110645  -43.790  15.348  36.396 0.0000000000
110625  -43.234  15.162  37.164 0.0000000000
109633  -42.949  14.872  38.480 0.0000000000
101203  -51.055  5.329  38.582 0.0000000000
101235  -51.791  4.860  36.635 0.0000000000
101218  -50.155  5.597  37.865 0.0000000000
101233  -49.832  5.634  36.839 0.0000000000
102210  -48.272  6.573  36.337 0.0000000000
102198  -47.351  6.729  37.216 0.0000000000
102209  -47.565  6.880  36.515 0.0000000000
103197  -47.688  7.310  35.096 0.0000000000
103206  -47.312  7.624  34.666 0.0000000000
104178  -46.388  8.724  33.312 0.0000000000
105173  -45.708  9.938  32.635 0.0000000000
107820  -52.315  13.105  40.510 0.0000000000
108696  -51.410  13.480  39.422 0.0000000000
108697  -52.219  13.716  39.186 0.0000000000
108713  -52.680  14.119  38.163 0.0000000000
109660  -53.102  14.561  36.352 0.0000000000
109650  -55.105  15.163  37.191 0.0000000000
109662  -54.492  15.104  36.483 0.0000000000
109688  -53.405  15.086  34.992 0.0000000000
110686  -53.593  15.562  34.185 0.0000000000
112720  -53.121  16.700  32.283 0.0000000000
112718  -51.918  17.301  32.099 0.0000000000
112731  -49.860  17.344  31.376 0.0000000000
112708  -51.772  17.143  33.526 0.0000000000
111693  -50.953  16.899  34.001 0.0000000000
111673  -50.648  16.669  34.725 0.0000000000
111642  -52.367  17.039  36.472 0.0000000000
111641  -51.664  16.731  36.403 0.0000000000
111639  -49.872  16.326  36.540 0.0000000000
111625  -49.548  16.240  37.513 0.0000000000
111618  -49.259  16.365  38.462 0.0000000000
111617  -48.315  16.249  38.794 0.0000000000
103144  -43.696  7.122  41.215 0.0000000000
103153  -44.198  7.389  40.557 0.0000000000
104114  -43.584  8.305  41.399 0.0000000000
105104  -43.634  9.047  41.730 0.0000000000
106069  -44.638  10.318  41.678 0.0000000000
105084  -44.472  9.390  43.558 0.0000000000
106037  -45.890  10.226  43.152 0.0000000000
106054  -46.426  10.722  42.299 0.0000000000
106055  -47.746  11.013  42.142 0.0000000000
106932  -48.639  11.417  41.777 0.0000000000
106934  -50.263  11.655  42.236 0.0000000000
105076  -49.570  9.770  44.794 0.0000000000
106026  -50.206  10.416  44.168 0.0000000000
106919  -50.790  11.429  42.937 0.0000000000
106959  -52.043  12.248  41.778 0.0000000000
107802  -52.702  12.612  41.155 0.0000000000
107804  -54.781  12.432  41.283 0.0000000000
107823  -55.384  12.722  40.585 0.0000000000
101207  -55.417  5.371  38.175 0.0000000000
101206  -54.290  5.158  38.239 0.0000000000
98963  -56.730  3.754  41.996 0.0000000000
100124  -57.545  4.662  41.613 0.0000000000
100146  -55.307  4.231  40.582 0.0000000000
100162  -54.563  4.655  39.701 0.0000000000
101189  -52.820  5.134  39.137 0.0000000000
101188  -51.770  5.134  39.225 0.0000000000
101187  -50.776  5.148  39.387 0.0000000000
101172  -49.380  4.723  40.206 0.0000000000
98976  -50.137  3.548  40.601 0.0000000000
100140  -48.979  4.334  40.465 0.0000000000
101170  -48.126  5.180  40.151 0.0000000000
100138  -47.347  4.627  40.386 0.0000000000
92361  -50.844  -2.506  47.776 0.0000000000
92371  -48.326  -3.020  46.572 0.0000000000
92372  -49.252  -2.779  46.634 0.0000000000
92374  -51.326  -2.525  46.727 0.0000000000
92390  -51.787  -2.373  45.763 0.0000000000
93526  -51.863  -1.937  44.656 0.0000000000
93542  -51.213  -1.315  43.684 0.0000000000
94660  -50.115  -0.485  42.619 0.0000000000
95698  -48.783  0.137  42.150 0.0000000000
95709  -47.257  0.510  41.719 0.0000000000
101166  -44.066  5.574  40.948 0.0000000000
101152  -43.173  5.462  41.515 0.0000000000
102152  -42.834  6.073  41.998 0.0000000000
103133  -42.639  6.634  43.110 0.0000000000
102136  -42.585  6.306  44.080 0.0000000000
101296  -56.247  6.096  32.431 0.0000000000
102271  -55.726  6.768  32.082 0.0000000000
101311  -54.589  6.667  31.689 0.0000000000
101252  -51.995  4.941  35.699 0.0000000000
101269  -52.483  5.527  34.877 0.0000000000
103224  -50.917  7.366  33.168 0.0000000000
103225  -51.961  7.607  33.158 0.0000000000
103227  -54.226  8.078  33.105 0.0000000000
104198  -54.130  8.887  32.055 0.0000000000
103256  -54.324  7.979  31.099 0.0000000000
102296  -53.616  7.297  30.927 0.0000000000
102295  -52.910  7.013  30.723 0.0000000000
103263  -51.875  7.567  29.758 0.0000000000
103275  -50.338  7.596  28.725 0.0000000000
105231  -51.264  10.115  27.964 0.0000000000
104249  -51.342  9.169  28.110 0.0000000000
103274  -49.717  7.380  28.536 0.0000000000
103284  -48.395  7.625  27.782 0.0000000000
104247  -47.579  8.260  27.508 0.0000000000
104246  -46.901  8.574  27.735 0.0000000000
104122  -44.147  8.104  40.058 0.0000000000
105131  -44.322  9.404  37.548 0.0000000000
106983  -45.238  11.304  38.955 0.0000000000
107002  -44.819  11.060  37.332 0.0000000000
106106  -44.467  10.196  36.004 0.0000000000
106113  -44.599  10.183  35.141 0.0000000000
106129  -44.720  10.671  33.951 0.0000000000
106138  -45.598  10.789  32.435 0.0000000000
108711  -50.355  13.365  38.312 0.0000000000
108728  -48.916  13.298  37.150 0.0000000000
108740  -48.258  13.358  36.358 0.0000000000
108767  -49.701  14.359  34.250 0.0000000000
108755  -48.582  13.881  35.267 0.0000000000
108754  -47.388  13.431  35.448 0.0000000000
107899  -46.033  12.937  33.669 0.0000000000
107913  -45.753  12.294  32.223 0.0000000000
107044  -45.823  11.697  31.684 0.0000000000
107058  -46.669  11.744  29.637 0.0000000000
107080  -48.485  12.338  27.227 0.0000000000
109749  -47.737  14.550  28.003 0.0000000000
107946  -48.345  12.777  26.672 0.0000000000
107947  -48.876  12.377  26.155 0.0000000000
106199  -47.903  10.863  26.113 0.0000000000
106187  -46.376  10.700  26.977 0.0000000000
109738  -44.538  14.423  28.744 0.0000000000
112730  -48.788  17.271  31.682 0.0000000000
111720  -47.150  16.944  31.725 0.0000000000
111718  -45.309  16.435  31.176 0.0000000000
111688  -46.627  16.493  33.321 0.0000000000
111687  -45.665  16.522  33.128 0.0000000000
111701  -44.453  16.374  31.996 0.0000000000
111699  -42.312  15.992  31.990 0.0000000000
110701  -41.237  15.402  32.433 0.0000000000
109693  -40.601  14.481  33.209 0.0000000000
111650  -40.245  16.303  35.044 0.0000000000
111648  -38.543  16.199  34.799 0.0000000000
111607  -47.713  16.354  40.089 0.0000000000
110577  -46.687  16.014  40.651 0.0000000000
110575  -44.749  15.340  40.071 0.0000000000
110574  -43.947  15.096  39.608 0.0000000000
109619  -41.642  14.574  39.250 0.0000000000
94648  -54.148  -0.317  43.593 0.0000000000
94664  -53.926  0.168  43.087 0.0000000000
94662  -52.323  -0.185  42.796 0.0000000000
94646  -51.864  -0.793  43.312 0.0000000000
93520  -41.943  -1.653  44.561 0.0000000000
105174  -46.388  9.609  31.982 0.0000000000
105175  -47.102  9.321  31.465 0.0000000000
105184  -46.868  9.944  31.028 0.0000000000
107799  -50.223  12.628  40.728 0.0000000000
107817  -49.735  12.497  40.324 0.0000000000
107818  -50.520  12.940  40.341 0.0000000000
112748  -51.916  16.830  30.560 0.0000000000
111732  -51.543  16.500  30.159 0.0000000000
112763  -50.604  16.871  29.400 0.0000000000
112746  -49.987  17.369  30.182 0.0000000000
112761  -48.937  17.405  29.332 0.0000000000
110629  -46.675  15.591  37.766 0.0000000000
110609  -46.181  15.594  38.624 0.0000000000
102176  -49.054  5.652  39.189 0.0000000000
102188  -49.299  5.747  38.686 0.0000000000
104144  -45.259  7.938  36.701 0.0000000000
104152  -45.222  8.217  36.242 0.0000000000
104151  -44.862  8.728  35.973 0.0000000000
108700  -55.264  13.642  39.177 0.0000000000
112688  -55.359  17.014  35.934 0.0000000000
112694  -54.838  17.101  34.957 0.0000000000
112686  -53.828  17.508  36.234 0.0000000000
112668  -52.197  17.337  38.323 0.0000000000
112652  -51.587  17.376  40.280 0.0000000000
101317  -49.174  5.445  29.792 0.0000000000
101326  -48.567  5.922  29.255 0.0000000000
105074  -47.467  9.604  44.538 0.0000000000
105087  -46.936  9.814  44.077 0.0000000000
106024  -47.977  10.129  43.986 0.0000000000
105075  -48.499  9.670  44.658 0.0000000000
106043  -53.131  10.826  43.897 0.0000000000
106922  -53.815  11.307  43.249 0.0000000000
101175  -58.466  5.714  40.402 0.0000000000
101174  -57.556  5.539  40.106 0.0000000000
100148  -57.433  5.145  40.765 0.0000000000
98979  -53.505  3.401  40.734 0.0000000000
98978  -52.289  3.148  40.803 0.0000000000
100143  -51.833  4.043  40.257 0.0000000000
97762  -46.804  2.267  41.125 0.0000000000
92343  -47.499  -3.271  47.835 0.0000000000
92412  -48.547  -2.222  44.051 0.0000000000
93538  -47.053  -1.830  43.205 0.0000000000
96703  -43.472  2.415  41.593 0.0000000000
97758  -43.164  2.880  41.603 0.0000000000
104182  -55.151  8.307  32.899 0.0000000000
102240  -49.468  6.766  34.550 0.0000000000
102241  -50.560  5.992  34.721 0.0000000000
105187  -51.407  9.410  30.716 0.0000000000
104213  -51.697  9.082  31.166 0.0000000000
105189  -52.813  9.705  30.302 0.0000000000
105204  -52.907  9.939  29.507 0.0000000000
105203  -52.170  10.104  29.691 0.0000000000
106190  -50.051  11.088  27.129 0.0000000000
106203  -50.254  10.651  26.946 0.0000000000
106202  -49.981  10.837  26.587 0.0000000000
106201  -49.470  10.838  26.175 0.0000000000
107875  -46.945  12.754  36.779 0.0000000000
107862  -46.385  12.265  37.326 0.0000000000
107886  -46.713  12.925  35.984 0.0000000000
107885  -45.899  12.527  35.563 0.0000000000
109659  -52.434  14.555  35.987 0.0000000000
109658  -51.761  14.494  35.829 0.0000000000
109720  -49.052  14.719  31.330 0.0000000000
108782  -47.566  14.191  31.673 0.0000000000
108791  -47.430  14.304  30.617 0.0000000000
108798  -46.928  13.885  29.733 0.0000000000
108799  -47.406  14.410  30.009 0.0000000000
109755  -47.157  15.024  26.181 0.0000000000
109762  -47.460  14.562  26.056 0.0000000000
107955  -46.437  13.007  26.489 0.0000000000
108820  -46.153  13.682  26.752 0.0000000000
109747  -45.811  14.521  27.147 0.0000000000
111727  -43.528  15.784  30.245 0.0000000000
111716  -43.162  16.056  30.906 0.0000000000
111672  -49.739  16.509  34.694 0.0000000000
111690  -48.387  16.542  33.707 0.0000000000
110677  -41.603  16.104  34.833 0.0000000000
109647  -41.381  14.754  37.868 0.0000000000
102165  -46.831  6.198  39.835 0.0000000000
103162  -45.259  7.196  39.237 0.0000000000
102172  -45.853  6.870  39.231 0.0000000000
103170  -45.386  7.445  38.328 0.0000000000
109622  -56.575  14.706  38.992 0.0000000000
110592  -56.732  15.456  39.544 0.0000000000
112672  -56.208  17.209  38.403 0.0000000000
113601  -55.469  17.931  37.655 0.0000000000
113600  -55.207  18.065  37.666 0.0000000000
113596  -55.466  18.114  38.077 0.0000000000
113589  -54.871  19.018  39.585 0.0000000000
113588  -54.142  18.618  40.165 0.0000000000
101308  -51.993  5.380  31.419 0.0000000000
102293  -51.148  6.616  30.121 0.0000000000
103111  -43.919  7.174  45.202 0.0000000000
103122  -44.098  7.712  44.971 0.0000000000
103112  -44.570  7.398  45.464 0.0000000000
96697  -53.717  1.260  42.169 0.0000000000
95714  -52.216  0.999  41.842 0.0000000000
95700  -50.698  0.201  42.267 0.0000000000
95712  -50.291  0.793  41.807 0.0000000000
94643  -43.723  -0.821  43.068 0.0000000000
94642  -42.819  -0.614  43.206 0.0000000000
95691  -42.267  0.965  42.595 0.0000000000
104210  -48.337  8.871  31.163 0.0000000000
104225  -49.256  9.117  30.524 0.0000000000
105215  -48.598  10.051  29.252 0.0000000000
106178  -49.310  10.897  27.907 0.0000000000
106954  -47.332  11.417  40.908 0.0000000000
106974  -47.053  11.615  40.211 0.0000000000
106975  -47.877  11.721  40.334 0.0000000000
107834  -48.098  12.351  39.011 0.0000000000
107850  -48.507  12.640  38.575 0.0000000000
107865  -49.161  13.079  38.009 0.0000000000
110695  -52.549  15.373  33.195 0.0000000000
110694  -51.884  15.190  32.988 0.0000000000
110730  -51.053  15.865  30.057 0.0000000000
110729  -49.834  15.356  30.136 0.0000000000
110716  -50.075  14.948  30.857 0.0000000000
110728  -49.055  15.324  29.757 0.0000000000
112775  -48.842  17.097  28.272 0.0000000000
111758  -49.112  16.512  28.351 0.0000000000
112784  -48.384  16.933  27.656 0.0000000000
111772  -48.051  16.581  27.305 0.0000000000
112782  -47.321  17.140  28.068 0.0000000000
112773  -47.150  17.150  28.909 0.0000000000
112759  -47.058  16.989  29.490 0.0000000000
111743  -46.909  16.849  29.959 0.0000000000
110647  -45.957  15.467  36.875 0.0000000000
110607  -44.446  15.230  38.195 0.0000000000
110606  -43.558  15.052  38.038 0.0000000000
110605  -42.713  15.005  37.775 0.0000000000
109634  -43.451  14.943  38.590 0.0000000000
101219  -51.370  5.199  37.672 0.0000000000
102200  -49.241  5.896  37.882 0.0000000000
101217  -49.575  5.744  37.396 0.0000000000
102211  -49.093  5.948  36.953 0.0000000000
102224  -49.501  6.039  35.779 0.0000000000
102186  -47.537  6.405  38.255 0.0000000000
103186  -46.682  7.439  36.130 0.0000000000
103180  -47.130  7.109  36.575 0.0000000000
103187  -47.495  7.142  35.931 0.0000000000
104168  -45.909  8.637  34.202 0.0000000000
104177  -45.752  8.970  33.779 0.0000000000
105163  -45.580  9.448  33.393 0.0000000000
106121  -45.141  9.799  33.817 0.0000000000
108686  -51.924  13.469  39.904 0.0000000000
108687  -52.828  13.442  39.873 0.0000000000
108714  -53.745  14.158  38.558 0.0000000000
109635  -53.461  14.445  38.077 0.0000000000
109648  -53.442  14.524  37.360 0.0000000000
109639  -56.125  15.031  38.136 0.0000000000
109638  -55.565  14.774  38.007 0.0000000000
109651  -55.787  15.235  37.631 0.0000000000
110668  -54.513  15.477  35.464 0.0000000000
110650  -54.937  15.403  36.396 0.0000000000
109674  -53.726  14.941  35.685 0.0000000000
110667  -53.841  15.229  35.062 0.0000000000
112710  -53.289  16.774  32.809 0.0000000000
112719  -52.833  17.023  31.860 0.0000000000
111674  -51.522  16.877  34.671 0.0000000000
111653  -51.188  16.634  35.555 0.0000000000
112685  -53.013  17.318  36.454 0.0000000000
112677  -52.659  17.302  37.378 0.0000000000
111627  -51.344  16.708  37.319 0.0000000000
111628  -52.010  16.937  37.048 0.0000000000
111640  -50.805  16.484  36.461 0.0000000000
111610  -49.912  16.717  39.117 0.0000000000
111609  -49.053  16.645  39.325 0.0000000000
101325  -47.900  5.834  29.388 0.0000000000
103273  -47.190  7.258  28.639 0.0000000000
102153  -43.346  6.490  41.563 0.0000000000
105094  -43.664  9.066  42.603 0.0000000000
105105  -44.050  9.672  42.103 0.0000000000
106052  -44.561  10.038  42.548 0.0000000000
105071  -44.976  9.226  44.207 0.0000000000
106053  -45.326  10.473  42.368 0.0000000000
106071  -46.877  11.115  41.469 0.0000000000
106056  -48.907  11.210  42.455 0.0000000000
106057  -49.570  11.388  42.450 0.0000000000
106933  -49.402  11.574  41.883 0.0000000000
105078  -51.673  9.868  45.059 0.0000000000
105061  -50.072  9.135  45.493 0.0000000000
105077  -50.646  9.853  44.942 0.0000000000
106920  -51.705  11.397  43.094 0.0000000000
106935  -51.362  11.818  42.377 0.0000000000
106960  -53.071  12.170  41.864 0.0000000000
106961  -54.119  12.108  41.944 0.0000000000
107805  -55.818  12.277  41.340 0.0000000000
102177  -58.172  6.277  38.559 0.0000000000
101192  -56.130  5.436  39.090 0.0000000000
101191  -54.983  5.138  39.016 0.0000000000
100123  -56.194  4.110  41.269 0.0000000000
100161  -53.449  4.568  39.643 0.0000000000
101190  -53.884  5.030  39.037 0.0000000000
100158  -50.536  4.784  39.981 0.0000000000
101186  -49.745  5.117  39.755 0.0000000000
100141  -49.845  4.381  40.343 0.0000000000
97782  -50.375  2.777  40.855 0.0000000000
98975  -49.202  3.644  40.691 0.0000000000
100139  -48.190  4.438  40.411 0.0000000000
93527  -53.066  -1.653  44.664 0.0000000000
92345  -49.071  -2.590  48.492 0.0000000000
91309  -46.880  -3.483  46.090 0.0000000000
92370  -47.653  -3.286  46.617 0.0000000000
91310  -47.325  -3.385  46.272 0.0000000000
92373  -50.273  -2.622  46.709 0.0000000000
92389  -50.735  -2.455  45.780 0.0000000000
92414  -49.997  -2.072  44.187 0.0000000000
93525  -50.787  -1.944  44.328 0.0000000000
93555  -50.511  -0.998  43.182 0.0000000000
93554  -49.566  -1.124  42.998 0.0000000000
94658  -48.129  -0.328  42.341 0.0000000000
94668  -48.041  0.122  42.099 0.0000000000
94667  -47.739  0.101  42.051 0.0000000000
98958  -44.252  3.468  40.911 0.0000000000
98969  -44.202  4.080  40.781 0.0000000000
100135  -44.594  4.770  40.682 0.0000000000
100134  -43.825  4.613  40.918 0.0000000000
101165  -43.548  5.042  41.143 0.0000000000
100120  -42.550  4.543  41.856 0.0000000000
97750  -41.791  2.925  42.510 0.0000000000
101145  -41.954  5.276  43.172 0.0000000000
102140  -42.427  6.150  43.419 0.0000000000
100248  -56.955  5.375  32.805 0.0000000000
101297  -57.110  6.180  32.588 0.0000000000
102286  -55.698  7.364  31.924 0.0000000000
102285  -54.999  7.161  31.685 0.0000000000
101234  -50.668  5.275  36.843 0.0000000000
101251  -50.925  5.276  35.777 0.0000000000
102242  -51.856  6.171  34.321 0.0000000000
103223  -49.912  7.310  33.315 0.0000000000
103242  -52.575  8.292  32.505 0.0000000000
103226  -53.046  7.844  33.127 0.0000000000
103243  -53.565  8.487  32.534 0.0000000000
103244  -54.154  8.565  32.551 0.0000000000
104229  -53.919  8.657  30.952 0.0000000000
103266  -53.806  8.437  30.710 0.0000000000
103255  -53.912  7.625  30.958 0.0000000000
103265  -53.485  8.000  30.529 0.0000000000
104251  -52.565  9.085  28.772 0.0000000000
103277  -52.353  8.388  29.239 0.0000000000
103276  -51.602  8.048  29.094 0.0000000000
103287  -51.506  8.643  28.467 0.0000000000
105217  -50.544  10.064  29.037 0.0000000000
104262  -50.712  9.469  27.597 0.0000000000
104248  -50.492  8.824  27.819 0.0000000000
103285  -49.558  7.973  27.957 0.0000000000
103298  -49.277  8.582  27.348 0.0000000000
104259  -47.957  8.855  26.852 0.0000000000
104258  -47.262  9.136  27.036 0.0000000000
104121  -43.841  8.290  40.633 0.0000000000
104129  -43.961  8.642  40.079 0.0000000000
104136  -44.438  8.567  38.196 0.0000000000
106093  -44.476  10.376  38.012 0.0000000000
106985  -46.709  11.803  39.511 0.0000000000
106984  -45.812  11.558  39.338 0.0000000000
106994  -45.710  11.648  38.484 0.0000000000
106099  -44.417  10.259  36.963 0.0000000000
107010  -44.662  10.970  36.413 0.0000000000
107017  -44.637  10.889  35.544 0.0000000000
107892  -45.327  12.088  34.804 0.0000000000
107031  -44.773  11.326  34.104 0.0000000000
107036  -45.217  11.473  33.147 0.0000000000
107853  -50.799  13.302  39.268 0.0000000000
108742  -50.842  14.202  36.142 0.0000000000
108729  -50.171  13.548  37.503 0.0000000000
109698  -50.962  14.827  33.483 0.0000000000
109684  -50.324  14.520  34.138 0.0000000000
108766  -48.940  14.231  33.997 0.0000000000
108765  -47.704  13.843  34.280 0.0000000000
108764  -46.676  13.374  34.465 0.0000000000
108773  -46.837  13.564  33.393 0.0000000000
107905  -46.157  12.945  32.671 0.0000000000
107052  -46.214  11.695  30.738 0.0000000000
107930  -47.545  12.386  28.274 0.0000000000
107937  -47.900  12.790  27.537 0.0000000000
110740  -48.106  15.237  28.421 0.0000000000
108829  -47.909  13.946  25.990 0.0000000000
107958  -48.737  12.203  25.825 0.0000000000
107092  -48.416  11.716  25.801 0.0000000000
107091  -47.564  11.768  26.017 0.0000000000
107078  -46.092  11.615  27.114 0.0000000000
105239  -46.299  10.002  27.561 0.0000000000
111755  -45.260  15.649  28.078 0.0000000000
109746  -45.183  14.447  27.972 0.0000000000
110748  -44.879  15.207  28.341 0.0000000000
109728  -43.374  14.360  30.139 0.0000000000
109737  -43.940  14.378  29.479 0.0000000000
112717  -50.802  17.334  32.313 0.0000000000
111704  -47.398  16.750  32.633 0.0000000000
112729  -47.955  17.068  32.021 0.0000000000
111719  -46.265  16.665  31.449 0.0000000000
111669  -46.871  16.209  34.201 0.0000000000
111668  -45.895  16.278  34.035 0.0000000000
111666  -44.068  16.534  33.584 0.0000000000
111686  -44.703  16.574  32.926 0.0000000000
111700  -43.384  16.332  31.907 0.0000000000
111683  -41.404  16.070  32.974 0.0000000000
109704  -40.940  14.875  32.616 0.0000000000
110700  -40.662  15.198  32.794 0.0000000000
110692  -40.138  15.412  33.141 0.0000000000
110691  -39.519  15.417  33.564 0.0000000000
110675  -38.906  15.463  33.993 0.0000000000
111661  -38.727  15.936  34.236 0.0000000000
110659  -41.306  15.852  35.685 0.0000000000
111636  -39.046  16.252  35.600 0.0000000000
111647  -37.777  16.067  35.249 0.0000000000
110565  -46.524  16.108  41.341 0.0000000000
110576  -45.698  15.611  40.428 0.0000000000
110562  -43.870  15.093  40.670 0.0000000000
109608  -43.190  14.756  39.951 0.0000000000
103161  -44.536  7.666  39.654 0.0000000000
112663  -56.268  17.325  39.490 0.0000000000
113590  -55.751  18.528  39.265 0.0000000000
113585  -56.269  18.093  39.977 0.0000000000
114361  -55.811  18.954  40.005 0.0000000000
114360  -55.421  19.188  40.332 0.0000000000
101320  -52.322  6.413  30.842 0.0000000000
95702  -52.912  0.668  42.284 0.0000000000
94641  -41.978  -0.328  43.491 0.0000000000
101222  -54.703  5.251  37.345 0.0000000000
101237  -53.945  5.121  36.538 0.0000000000
104192  -47.262  8.725  32.155 0.0000000000
105185  -47.614  9.465  30.835 0.0000000000
106159  -47.498  10.302  29.812 0.0000000000
106976  -48.811  11.987  40.365 0.0000000000
107816  -49.209  12.373  39.913 0.0000000000
107836  -49.565  12.720  39.529 0.0000000000
111721  -52.704  16.496  31.397 0.0000000000
110732  -52.272  16.284  30.668 0.0000000000
110731  -51.965  16.087  30.461 0.0000000000
110743  -50.670  16.256  29.452 0.0000000000
111745  -50.314  16.574  29.106 0.0000000000
110627  -45.090  15.369  37.540 0.0000000000
110588  -44.641  15.297  39.075 0.0000000000
102189  -49.800  5.656  38.408 0.0000000000
103171  -46.193  7.097  37.996 0.0000000000
102197  -46.720  6.940  37.560 0.0000000000
103195  -46.256  7.797  35.624 0.0000000000
104161  -45.614  8.408  35.266 0.0000000000
105147  -45.056  9.094  35.072 0.0000000000
108688  -53.834  13.308  39.843 0.0000000000
111630  -56.087  16.427  37.316 0.0000000000
110632  -55.715  15.685  36.970 0.0000000000
110669  -55.140  16.026  35.496 0.0000000000
111656  -54.950  16.290  34.911 0.0000000000
111676  -54.555  16.306  34.494 0.0000000000
112702  -54.498  16.605  34.475 0.0000000000
112700  -52.993  17.017  34.275 0.0000000000
112691  -52.508  17.000  35.244 0.0000000000
112667  -51.537  16.955  38.102 0.0000000000
111620  -50.877  16.723  38.146 0.0000000000
102144  -42.919  6.730  42.132 0.0000000000
105083  -43.880  9.112  43.236 0.0000000000
104094  -45.919  9.044  44.748 0.0000000000
105072  -45.707  9.364  44.337 0.0000000000
106938  -54.484  11.621  42.574 0.0000000000
101173  -56.791  5.412  39.685 0.0000000000
100164  -56.299  5.209  39.756 0.0000000000
97765  -49.664  2.132  41.215 0.0000000000
97780  -48.491  2.916  40.905 0.0000000000
98973  -47.445  3.789  40.585 0.0000000000
92386  -47.589  -3.172  45.722 0.0000000000
92402  -49.117  -2.528  44.829 0.0000000000
92413  -49.484  -2.107  44.153 0.0000000000
93540  -49.036  -1.688  43.489 0.0000000000
96704  -43.945  2.086  41.505 0.0000000000
97759  -43.858  2.891  41.270 0.0000000000
103246  -56.722  7.509  32.766 0.0000000000
104200  -55.745  8.079  32.582 0.0000000000
104217  -55.315  8.274  32.018 0.0000000000
104196  -52.143  8.641  31.792 0.0000000000
104227  -53.128  8.574  29.858 0.0000000000
105205  -53.137  9.430  29.577 0.0000000000
105220  -52.770  9.517  28.937 0.0000000000
105233  -52.445  9.335  28.620 0.0000000000
106180  -50.802  10.542  27.838 0.0000000000
105244  -50.354  10.061  27.046 0.0000000000
105243  -49.558  9.632  26.673 0.0000000000
104260  -49.003  9.032  26.926 0.0000000000
105254  -49.006  9.942  26.256 0.0000000000
105253  -48.109  9.906  26.276 0.0000000000
105112  -44.008  9.726  41.160 0.0000000000
106086  -44.662  10.644  39.250 0.0000000000
107848  -46.771  12.265  38.028 0.0000000000
107004  -46.187  11.989  38.027 0.0000000000
107861  -45.772  12.026  36.856 0.0000000000
107873  -45.583  12.005  36.171 0.0000000000
107018  -45.044  11.490  35.910 0.0000000000
107893  -45.895  12.799  34.621 0.0000000000
109709  -50.025  14.640  32.418 0.0000000000
109696  -49.370  14.419  33.076 0.0000000000
109695  -48.748  14.366  32.697 0.0000000000
107923  -46.443  12.756  30.245 0.0000000000
108806  -47.143  13.632  28.626 0.0000000000
110759  -47.841  15.608  26.922 0.0000000000
109756  -47.942  14.644  27.054 0.0000000000
109763  -47.863  14.616  26.370 0.0000000000
108828  -47.452  13.663  25.970 0.0000000000
107956  -47.087  12.710  26.155 0.0000000000
107945  -46.402  12.322  26.589 0.0000000000
107066  -45.567  11.748  27.832 0.0000000000
107935  -45.262  12.648  28.054 0.0000000000
110738  -43.533  15.004  29.727 0.0000000000
112706  -49.921  16.914  33.374 0.0000000000
111706  -48.785  16.845  33.098 0.0000000000
111705  -48.111  16.717  32.968 0.0000000000
110680  -45.141  15.947  34.749 0.0000000000
111682  -40.313  16.008  33.388 0.0000000000
110624  -42.377  15.165  37.116 0.0000000000
110642  -40.872  15.547  36.483 0.0000000000
110640  -38.620  15.893  36.446 0.0000000000
110621  -39.177  15.478  37.312 0.0000000000
110620  -38.075  15.569  37.357 0.0000000000
101184  -48.060  5.772  39.793 0.0000000000
108701  -56.232  13.869  39.230 0.0000000000
111621  -56.292  16.347  38.108 0.0000000000
112679  -54.565  17.860  37.205 0.0000000000
112670  -54.066  17.998  37.790 0.0000000000
112661  -53.426  18.034  39.757 0.0000000000
101328  -49.998  6.472  29.487 0.0000000000
104091  -43.506  7.987  44.058 0.0000000000
104082  -45.025  8.162  45.207 0.0000000000
104083  -46.182  8.519  45.263 0.0000000000
97769  -53.366  2.299  41.486 0.0000000000
97768  -52.399  2.402  41.250 0.0000000000
97784  -51.866  2.628  41.085 0.0000000000
97767  -51.484  2.151  41.223 0.0000000000
95713  -51.271  0.885  41.839 0.0000000000
96711  -50.897  1.487  41.492 0.0000000000
96709  -48.969  1.376  41.471 0.0000000000
96708  -47.984  1.346  41.430 0.0000000000
91293  -46.970  -3.518  47.351 0.0000000000
91301  -46.523  -3.619  46.716 0.0000000000
91308  -46.085  -3.523  45.968 0.0000000000
92399  -46.082  -2.782  44.476 0.0000000000
96693  -42.967  1.825  42.006 0.0000000000
103208  -48.799  7.333  34.249 0.0000000000
103222  -49.032  7.575  33.360 0.0000000000
103239  -49.640  7.768  32.695 0.0000000000
104194  -50.054  8.262  31.949 0.0000000000
104212  -50.739  8.979  31.072 0.0000000000
105202  -51.078  9.778  30.079 0.0000000000
105200  -48.878  9.539  29.912 0.0000000000
105216  -49.480  10.062  28.948 0.0000000000
105229  -50.153  10.434  28.354 0.0000000000
106189  -49.612  11.360  27.192 0.0000000000
106996  -47.089  12.095  39.074 0.0000000000
106987  -48.269  11.987  39.900 0.0000000000
107876  -47.743  12.950  36.950 0.0000000000
109687  -52.788  15.060  34.618 0.0000000000
109686  -51.950  14.920  34.507 0.0000000000
109699  -51.777  15.070  33.629 0.0000000000
109711  -51.440  15.056  32.975 0.0000000000
109710  -50.832  14.897  32.598 0.0000000000
110703  -50.961  15.042  31.965 0.0000000000
109722  -50.523  14.860  31.918 0.0000000000
109721  -49.920  14.751  31.509 0.0000000000
109732  -49.580  14.883  30.815 0.0000000000
109730  -47.968  14.754  30.053 0.0000000000
109741  -48.572  15.136  29.608 0.0000000000
111744  -49.683  16.317  28.819 0.0000000000
110751  -48.522  16.010  27.764 0.0000000000
110758  -46.978  15.569  26.557 0.0000000000
110757  -46.143  15.399  26.964 0.0000000000
111770  -46.493  15.965  27.045 0.0000000000
111756  -45.862  16.072  27.786 0.0000000000
111741  -45.482  16.419  28.966 0.0000000000
111729  -45.260  16.552  30.098 0.0000000000
110684  -48.648  16.029  35.321 0.0000000000
110683  -48.100  15.875  35.163 0.0000000000
110664  -46.600  15.613  35.875 0.0000000000
110661  -43.309  15.672  35.491 0.0000000000
110644  -42.797  15.377  36.353 0.0000000000
110604  -42.152  15.002  37.615 0.0000000000
109632  -41.989  14.811  38.225 0.0000000000
101204  -52.119  5.192  38.428 0.0000000000
102223  -48.766  6.764  35.307 0.0000000000
103188  -48.127  6.995  35.515 0.0000000000
103198  -48.377  7.182  34.891 0.0000000000
103207  -47.940  7.538  34.332 0.0000000000
104170  -47.387  7.784  34.221 0.0000000000
104169  -46.677  8.065  34.440 0.0000000000
105164  -46.094  9.339  32.757 0.0000000000
107819  -51.361  13.157  40.390 0.0000000000
107838  -50.926  13.302  39.846 0.0000000000
108685  -51.398  13.419  39.898 0.0000000000
108698  -53.282  13.797  39.162 0.0000000000
108731  -52.574  14.273  37.011 0.0000000000
108744  -52.532  14.420  36.460 0.0000000000
108716  -55.456  14.200  38.554 0.0000000000
109637  -54.851  14.655  37.977 0.0000000000
109649  -54.285  14.870  37.291 0.0000000000
109661  -53.880  14.815  36.534 0.0000000000
109673  -52.966  14.777  35.476 0.0000000000
110685  -52.843  15.323  33.989 0.0000000000
110696  -53.200  15.936  32.882 0.0000000000
111694  -53.616  16.334  33.381 0.0000000000
111708  -53.240  16.423  32.584 0.0000000000
110706  -53.047  16.200  32.333 0.0000000000
112733  -51.947  17.228  31.028 0.0000000000
112732  -50.977  17.387  31.117 0.0000000000
112707  -50.546  17.089  33.285 0.0000000000
111692  -50.197  16.781  33.942 0.0000000000
111652  -50.249  16.459  35.592 0.0000000000
111651  -49.252  16.184  35.617 0.0000000000
111638  -48.999  15.949  36.686 0.0000000000
111624  -48.570  15.937  37.758 0.0000000000
110611  -47.964  15.909  38.254 0.0000000000
111616  -47.767  16.250  39.411 0.0000000000
102154  -43.966  6.523  41.059 0.0000000000
103152  -43.700  7.719  41.107 0.0000000000
104098  -43.941  8.903  43.684 0.0000000000
105085  -45.362  9.706  43.728 0.0000000000
106036  -44.978  10.027  43.114 0.0000000000
106072  -47.511  11.255  41.426 0.0000000000
106956  -49.062  11.761  41.190 0.0000000000
106957  -49.965  12.183  41.231 0.0000000000
106041  -50.957  10.932  43.594 0.0000000000
106958  -51.018  12.235  41.614 0.0000000000
107801  -51.710  12.678  41.061 0.0000000000
107803  -53.728  12.545  41.234 0.0000000000
107822  -54.333  12.843  40.540 0.0000000000
101208  -56.543  5.648  38.089 0.0000000000
101205  -53.192  5.112  38.325 0.0000000000
101185  -48.854  5.451  39.643 0.0000000000
101171  -48.892  4.907  40.130 0.0000000000
101169  -47.271  5.580  40.156 0.0000000000
93544  -53.464  -1.069  43.980 0.0000000000
92347  -51.030  -2.206  48.590 0.0000000000
92348  -51.428  -2.343  48.231 0.0000000000
92362  -51.886  -2.423  47.698 0.0000000000
92357  -47.470  -3.372  47.162 0.0000000000
92359  -48.769  -2.863  47.475 0.0000000000
92375  -52.379  -2.390  46.693 0.0000000000
92391  -52.377  -2.353  46.037 0.0000000000
93511  -51.990  -2.219  45.256 0.0000000000
92404  -51.164  -2.223  45.058 0.0000000000
93543  -52.393  -1.306  43.883 0.0000000000
94645  -51.297  -0.867  43.272 0.0000000000
94659  -49.124  -0.478  42.496 0.0000000000
95710  -48.281  0.529  41.808 0.0000000000
93551  -46.593  -1.156  42.723 0.0000000000
95695  -45.706  0.145  42.054 0.0000000000
95696  -46.475  0.071  41.961 0.0000000000
96707  -47.012  1.404  41.368 0.0000000000
101153  -43.660  6.014  41.309 0.0000000000
103125  -42.705  6.836  43.555 0.0000000000
98947  -42.133  3.677  42.207 0.0000000000
103120  -42.885  6.963  44.157 0.0000000000
102137  -43.055  6.485  44.598 0.0000000000
102132  -43.548  6.602  45.114 0.0000000000
101136  -42.601  5.636  44.706 0.0000000000
101137  -43.183  6.027  45.052 0.0000000000
100247  -56.027  5.165  32.761 0.0000000000
102272  -56.446  6.977  32.277 0.0000000000
101295  -55.086  6.060  32.186 0.0000000000
101310  -54.046  6.299  31.686 0.0000000000
100189  -52.352  4.765  36.395 0.0000000000
102256  -49.751  7.030  33.906 0.0000000000
104181  -54.558  8.541  32.547 0.0000000000
104199  -54.968  8.591  32.263 0.0000000000
104216  -54.472  8.508  31.615 0.0000000000
102284  -54.164  7.116  31.301 0.0000000000
102283  -53.527  6.701  31.216 0.0000000000
102294  -51.934  7.006  30.339 0.0000000000
103264  -52.539  7.931  29.819 0.0000000000
102306  -51.417  7.262  29.785 0.0000000000
102305  -50.629  6.969  29.477 0.0000000000
105232  -52.127  9.599  28.408 0.0000000000
103286  -50.830  8.376  28.329 0.0000000000
102304  -49.753  6.860  28.963 0.0000000000
102311  -49.306  7.136  28.478 0.0000000000
102310  -48.656  7.110  28.272 0.0000000000
102309  -48.068  7.181  28.174 0.0000000000
103297  -48.679  8.315  27.342 0.0000000000
103296  -47.998  8.084  27.458 0.0000000000
103283  -47.570  7.623  28.023 0.0000000000
103282  -46.959  7.772  28.364 0.0000000000
104130  -44.178  8.505  39.329 0.0000000000
106087  -45.217  11.202  39.399 0.0000000000
106993  -45.050  11.145  38.268 0.0000000000
105138  -44.473  9.380  36.491 0.0000000000
105146  -44.682  9.418  35.548 0.0000000000
105154  -44.848  9.611  34.854 0.0000000000
107024  -44.924  11.453  35.099 0.0000000000
107023  -44.651  10.813  34.722 0.0000000000
106120  -44.780  10.163  34.271 0.0000000000
106130  -45.107  10.435  33.417 0.0000000000
107852  -50.190  13.164  38.925 0.0000000000
107866  -49.840  13.217  38.318 0.0000000000
108727  -48.290  13.101  37.032 0.0000000000
109671  -51.333  14.559  35.181 0.0000000000
108756  -49.887  14.239  35.045 0.0000000000
109683  -49.698  14.425  33.752 0.0000000000
107904  -45.596  12.298  32.978 0.0000000000
107043  -45.558  11.623  32.385 0.0000000000
106149  -45.741  11.188  31.982 0.0000000000
106150  -46.144  10.712  31.496 0.0000000000
106158  -46.884  10.728  30.118 0.0000000000
106168  -47.202  11.211  29.375 0.0000000000
107068  -48.808  11.417  27.644 0.0000000000
107081  -49.116  11.805  26.959 0.0000000000
109748  -47.382  14.074  28.290 0.0000000000
108813  -47.569  13.640  27.917 0.0000000000
108814  -47.990  13.721  27.185 0.0000000000
107093  -49.205  11.670  25.964 0.0000000000
105252  -47.442  10.123  26.413 0.0000000000
106188  -47.096  10.779  26.397 0.0000000000
105240  -46.815  9.706  26.963 0.0000000000
105228  -46.466  9.360  27.716 0.0000000000
108805  -44.356  13.526  29.217 0.0000000000
112744  -47.927  17.176  31.068 0.0000000000
111731  -47.027  16.948  30.734 0.0000000000
111670  -47.804  16.217  34.375 0.0000000000
111702  -45.477  16.425  32.188 0.0000000000
111715  -42.568  15.784  31.385 0.0000000000
110714  -42.204  15.323  31.612 0.0000000000
110702  -41.825  15.560  32.104 0.0000000000
110713  -41.699  15.134  32.035 0.0000000000
109705  -41.546  14.404  32.352 0.0000000000
109692  -39.859  14.938  33.391 0.0000000000
109681  -39.549  14.517  34.091 0.0000000000
110676  -40.838  16.166  35.083 0.0000000000
110658  -40.465  16.043  35.700 0.0000000000
111637  -39.802  16.242  35.501 0.0000000000
111649  -39.582  16.345  34.815 0.0000000000
112651  -50.314  17.097  39.986 0.0000000000
111602  -48.977  16.847  40.201 0.0000000000
111608  -48.336  16.528  39.707 0.0000000000
110591  -47.202  16.077  39.799 0.0000000000
111600  -47.474  16.359  40.829 0.0000000000
110578  -47.273  16.203  40.339 0.0000000000
110590  -46.436  15.769  39.601 0.0000000000
110589  -45.503  15.513  39.372 0.0000000000
110563  -44.812  15.420  41.238 0.0000000000
109621  -43.353  14.866  39.094 0.0000000000
109620  -42.581  14.696  39.185 0.0000000000
92405  -51.694  -2.222  45.159 0.0000000000
93524  -50.258  -2.031  44.227 0.0000000000
93556  -51.025  -0.902  43.250 0.0000000000
95697  -48.287  0.128  42.119 0.0000000000
96696  -53.147  1.265  41.925 0.0000000000
98960  -53.028  2.858  41.126 0.0000000000
98964  -57.349  4.044  42.186 0.0000000000
98981  -55.198  3.730  41.136 0.0000000000
100188  -52.110  4.757  36.209 0.0000000000
100200  -52.423  4.792  36.067 0.0000000000
100201  -52.663  4.805  36.248 0.0000000000
101154  -57.901  5.388  40.881 0.0000000000
101183  -47.637  5.988  39.876 0.0000000000
102301  -47.130  6.968  29.063 0.0000000000
104238  -52.336  8.666  28.921 0.0000000000
104240  -53.200  9.038  29.581 0.0000000000
104271  -48.417  9.506  26.471 0.0000000000
105118  -43.826  8.851  40.393 0.0000000000
105186  -48.286  9.363  30.489 0.0000000000
105221  -53.065  9.247  29.257 0.0000000000
105242  -49.052  9.490  26.584 0.0000000000
105256  -50.132  10.508  26.733 0.0000000000
106035  -44.524  9.776  43.030 0.0000000000
107030  -44.656  10.751  34.241 0.0000000000
107082  -49.665  11.422  26.902 0.0000000000
108827  -46.820  13.649  26.208 0.0000000000
109646  -41.041  14.764  37.682 0.0000000000
109652  -56.048  15.250  37.791 0.0000000000
109670  -50.678  14.478  34.810 0.0000000000
109675  -54.182  15.028  36.027 0.0000000000
109739  -47.327  14.354  28.843 0.0000000000
110631  -55.261  15.513  36.682 0.0000000000
110719  -52.451  16.080  30.975 0.0000000000
110768  -47.455  15.175  26.328 0.0000000000
111611  -50.523  16.812  38.747 0.0000000000
111643  -55.354  16.395  35.783 0.0000000000
111655  -52.629  17.121  35.978 0.0000000000
111657  -55.218  16.349  35.356 0.0000000000
111675  -54.147  16.293  34.140 0.0000000000
111707  -52.978  16.478  32.029 0.0000000000
111733  -52.099  16.492  30.530 0.0000000000
111734  -52.442  16.500  30.828 0.0000000000
111773  -48.543  16.603  27.728 0.0000000000
112650  -49.576  16.996  40.245 0.0000000000
112714  -48.003  16.860  32.503 0.0000000000
112734  -52.454  16.870  30.990 0.0000000000
112776  -49.449  16.902  28.533 0.0000000000
114365  -55.519  18.995  39.739 0.0000000000
