#!ascii label  , from subject MOT01 vox2ras=TkReg
1704
56224  -38.212  -33.887  72.278 0.0000000000
85672  -50.144  -8.557  60.677 0.0000000000
72471  -40.838  -18.878  66.320 0.0000000000
50522  -8.479  -39.741  66.688 0.0000000000
55072  -23.510  -33.829  73.184 0.0000000000
62176  -3.835  -29.574  69.294 0.0000000000
58659  -6.988  -32.188  72.223 0.0000000000
76889  -47.590  -16.120  61.060 0.0000000000
67887  -6.869  -25.073  65.100 0.0000000000
49302  -5.801  -41.079  74.579 0.0000000000
62221  -38.050  -29.690  66.680 0.0000000000
52818  -33.225  -35.313  68.886 0.0000000000
51607  -31.550  -36.444  72.142 0.0000000000
88978  -51.746  -4.879  58.432 0.0000000000
74733  -44.398  -17.621  64.221 0.0000000000
55104  -17.893  -33.789  70.687 0.0000000000
68858  -8.907  -23.518  72.713 0.0000000000
55156  -7.087  -34.362  67.199 0.0000000000
58722  -7.205  -32.228  64.104 0.0000000000
51758  -8.085  -38.253  61.738 0.0000000000
52629  -11.388  -36.681  79.753 0.0000000000
53773  -8.334  -35.720  78.674 0.0000000000
72439  -38.727  -20.812  69.676 0.0000000000
51542  -28.828  -36.728  75.683 0.0000000000
53955  -26.345  -34.170  69.100 0.0000000000
59845  -4.894  -31.465  70.359 0.0000000000
53916  -6.564  -35.870  70.579 0.0000000000
81282  -49.961  -12.910  60.227 0.0000000000
53811  -13.122  -35.864  77.666 0.0000000000
53871  -15.241  -34.909  73.650 0.0000000000
65630  -5.414  -26.498  67.713 0.0000000000
61117  -5.387  -30.096  61.393 0.0000000000
59787  -10.516  -32.044  74.598 0.0000000000
55002  -7.347  -35.174  75.614 0.0000000000
50451  -6.546  -39.993  71.543 0.0000000000
58643  -38.652  -31.728  72.678 0.0000000000
55124  -37.267  -33.749  69.591 0.0000000000
58684  -37.740  -31.715  69.248 0.0000000000
52780  -35.577  -35.460  70.732 0.0000000000
53977  -35.131  -34.791  67.936 0.0000000000
52740  -35.228  -36.941  71.687 0.0000000000
87851  -50.750  -6.146  60.403 0.0000000000
83428  -47.719  -10.630  58.670 0.0000000000
85690  -48.324  -8.026  58.242 0.0000000000
86815  -49.077  -6.915  56.267 0.0000000000
73635  -41.964  -18.363  65.288 0.0000000000
71374  -38.493  -20.502  65.598 0.0000000000
72500  -39.396  -19.315  64.648 0.0000000000
73661  -40.554  -18.158  63.462 0.0000000000
53969  -9.230  -36.523  67.101 0.0000000000
54027  -8.943  -35.536  64.738 0.0000000000
50569  -9.293  -39.386  64.154 0.0000000000
49545  -7.323  -41.048  62.495 0.0000000000
49525  -7.441  -41.111  64.587 0.0000000000
49273  -10.732  -39.423  77.193 0.0000000000
48132  -9.301  -40.205  78.099 0.0000000000
71291  -37.253  -21.459  71.077 0.0000000000
66729  -38.066  -26.799  69.368 0.0000000000
66764  -37.230  -27.448  67.038 0.0000000000
67829  -36.746  -25.253  68.959 0.0000000000
70122  -35.873  -22.465  68.739 0.0000000000
51508  -30.434  -37.079  76.777 0.0000000000
52792  -29.848  -34.902  69.479 0.0000000000
52754  -28.562  -35.208  70.980 0.0000000000
86827  -51.742  -6.756  53.486 0.0000000000
87921  -53.059  -6.569  52.175 0.0000000000
59846  -5.896  -31.769  70.695 0.0000000000
55115  -5.462  -34.131  70.052 0.0000000000
57411  -5.401  -33.721  71.930 0.0000000000
77991  -49.130  -14.988  60.621 0.0000000000
74766  -44.135  -17.468  59.952 0.0000000000
74805  -45.547  -16.838  58.707 0.0000000000
78010  -46.788  -15.159  58.295 0.0000000000
54943  -15.164  -34.308  79.893 0.0000000000
54970  -15.721  -34.405  78.615 0.0000000000
65573  -4.379  -26.631  71.427 0.0000000000
67784  -4.568  -25.247  70.877 0.0000000000
63331  -4.789  -28.318  68.528 0.0000000000
57529  -7.297  -33.751  61.146 0.0000000000
59909  -6.701  -31.644  62.451 0.0000000000
57550  -5.242  -32.810  59.757 0.0000000000
59763  -12.524  -32.223  76.615 0.0000000000
50415  -7.783  -39.078  76.799 0.0000000000
56173  -7.715  -34.979  77.541 0.0000000000
52670  -7.511  -38.622  75.575 0.0000000000
51552  -7.573  -38.717  74.016 0.0000000000
50432  -5.693  -40.435  73.340 0.0000000000
63324  -38.405  -29.015  69.851 0.0000000000
51531  -31.727  -37.991  75.866 0.0000000000
51576  -33.145  -37.945  73.108 0.0000000000
51637  -32.497  -36.026  70.660 0.0000000000
89011  -53.004  -4.536  57.269 0.0000000000
86820  -50.510  -6.876  54.786 0.0000000000
75800  -45.659  -17.238  62.705 0.0000000000
73676  -42.127  -17.710  61.801 0.0000000000
56260  -21.814  -33.001  69.683 0.0000000000
56222  -21.055  -33.438  72.335 0.0000000000
68890  -7.091  -24.345  68.694 0.0000000000
58703  -5.235  -32.277  67.843 0.0000000000
59878  -5.519  -31.237  67.279 0.0000000000
56324  -7.200  -33.621  66.100 0.0000000000
56344  -8.547  -34.697  62.382 0.0000000000
54073  -6.471  -36.658  60.743 0.0000000000
57320  -12.434  -33.647  80.945 0.0000000000
58574  -10.847  -33.608  79.715 0.0000000000
53752  -10.154  -35.976  80.173 0.0000000000
50407  -8.521  -39.131  77.682 0.0000000000
71319  -39.554  -20.131  68.079 0.0000000000
71353  -36.604  -21.388  67.133 0.0000000000
53875  -26.121  -35.456  74.295 0.0000000000
51571  -29.226  -36.762  73.911 0.0000000000
52723  -27.605  -35.607  72.996 0.0000000000
53904  -25.341  -34.000  71.584 0.0000000000
63266  -4.906  -27.930  72.327 0.0000000000
63277  -5.249  -28.334  71.881 0.0000000000
61023  -3.567  -30.928  69.734 0.0000000000
56280  -4.932  -33.510  68.580 0.0000000000
53966  -6.543  -35.058  68.313 0.0000000000
52785  -8.989  -36.867  68.775 0.0000000000
82354  -49.723  -10.941  60.300 0.0000000000
81300  -47.075  -12.865  58.110 0.0000000000
56144  -13.634  -34.235  81.048 0.0000000000
52633  -12.402  -36.195  78.697 0.0000000000
50420  -11.593  -38.457  76.225 0.0000000000
55051  -19.190  -33.593  74.111 0.0000000000
55024  -18.555  -33.973  75.940 0.0000000000
54994  -16.598  -34.372  77.352 0.0000000000
53830  -14.348  -34.937  76.211 0.0000000000
50425  -12.295  -37.846  74.032 0.0000000000
68842  -6.585  -24.357  73.735 0.0000000000
67786  -5.781  -24.524  70.273 0.0000000000
66756  -5.781  -25.732  66.310 0.0000000000
61074  -6.663  -29.886  66.346 0.0000000000
63373  -6.675  -28.548  64.477 0.0000000000
64540  -6.323  -27.710  63.352 0.0000000000
59798  -8.815  -31.853  73.502 0.0000000000
58588  -9.262  -33.651  77.585 0.0000000000
58609  -7.763  -33.324  75.779 0.0000000000
58633  -6.119  -33.390  74.042 0.0000000000
55063  -6.916  -35.524  73.087 0.0000000000
51601  -8.427  -38.321  71.307 0.0000000000
50489  -7.161  -40.315  68.763 0.0000000000
47224  -4.561  -42.747  72.983 0.0000000000
47253  -4.592  -42.832  71.304 0.0000000000
49475  -6.309  -41.905  67.049 0.0000000000
57404  -38.368  -33.226  72.023 0.0000000000
56214  -38.482  -32.990  73.558 0.0000000000
56249  -37.551  -34.063  70.590 0.0000000000
57413  -38.218  -32.964  71.173 0.0000000000
53926  -36.645  -35.137  71.304 0.0000000000
53942  -36.552  -34.745  70.248 0.0000000000
53908  -37.289  -34.951  72.603 0.0000000000
52761  -36.305  -35.596  72.182 0.0000000000
86791  -50.262  -6.733  60.115 0.0000000000
84546  -48.871  -9.692  59.620 0.0000000000
84553  -47.634  -9.436  58.438 0.0000000000
85679  -48.867  -8.582  59.354 0.0000000000
86802  -49.184  -6.896  58.421 0.0000000000
72486  -41.401  -18.646  65.811 0.0000000000
73620  -42.933  -17.957  66.692 0.0000000000
73619  -42.174  -18.362  67.007 0.0000000000
71389  -38.612  -20.174  64.769 0.0000000000
72484  -40.061  -19.039  65.294 0.0000000000
72502  -40.563  -18.741  64.950 0.0000000000
51664  -9.674  -37.909  66.569 0.0000000000
52841  -9.831  -37.225  65.842 0.0000000000
51685  -8.880  -39.602  65.230 0.0000000000
50567  -8.151  -40.570  64.092 0.0000000000
50541  -7.803  -40.613  65.357 0.0000000000
47176  -10.359  -40.754  75.790 0.0000000000
47164  -9.987  -40.964  76.648 0.0000000000
67795  -38.026  -25.801  70.664 0.0000000000
67812  -37.413  -25.565  69.864 0.0000000000
67794  -37.632  -25.012  70.917 0.0000000000
68887  -36.709  -23.280  70.637 0.0000000000
89021  -53.203  -4.816  55.255 0.0000000000
87911  -52.414  -6.372  53.183 0.0000000000
89030  -54.144  -4.894  53.290 0.0000000000
59827  -6.606  -32.098  71.356 0.0000000000
58657  -5.479  -33.176  71.422 0.0000000000
58658  -5.978  -32.774  71.839 0.0000000000
76890  -48.378  -15.643  61.083 0.0000000000
77988  -50.007  -14.698  61.406 0.0000000000
74769  -45.653  -16.976  60.696 0.0000000000
75846  -45.458  -16.961  59.286 0.0000000000
76897  -46.827  -16.385  60.157 0.0000000000
76911  -47.472  -15.612  59.279 0.0000000000
54944  -16.396  -33.976  79.881 0.0000000000
54957  -16.987  -34.165  79.379 0.0000000000
53863  -24.243  -34.415  74.919 0.0000000000
53872  -23.115  -34.095  74.222 0.0000000000
68939  -7.418  -24.436  66.270 0.0000000000
64449  -4.155  -27.444  70.487 0.0000000000
64471  -4.433  -27.401  69.532 0.0000000000
63315  -4.332  -28.502  69.073 0.0000000000
56405  -6.521  -34.663  60.345 0.0000000000
57552  -6.336  -33.642  60.446 0.0000000000
56416  -5.556  -34.608  59.503 0.0000000000
59764  -13.519  -31.958  76.580 0.0000000000
59757  -13.482  -32.200  77.672 0.0000000000
49292  -6.818  -40.396  75.677 0.0000000000
51510  -7.405  -39.148  76.001 0.0000000000
50423  -6.385  -40.018  74.752 0.0000000000
50428  -6.174  -39.880  74.095 0.0000000000
50427  -5.670  -40.689  73.982 0.0000000000
61041  -38.555  -30.083  71.133 0.0000000000
61053  -38.392  -30.271  70.083 0.0000000000
62171  -38.409  -29.244  71.105 0.0000000000
64466  -38.650  -27.957  70.798 0.0000000000
52778  -34.335  -35.753  70.523 0.0000000000
51626  -33.908  -36.559  71.585 0.0000000000
51648  -33.059  -35.802  70.247 0.0000000000
52816  -32.100  -35.194  69.018 0.0000000000
88998  -52.669  -4.568  57.874 0.0000000000
87894  -50.805  -5.562  57.389 0.0000000000
87903  -50.071  -6.479  55.586 0.0000000000
87895  -51.383  -5.342  56.971 0.0000000000
89009  -51.819  -5.200  56.538 0.0000000000
74743  -45.243  -17.470  63.560 0.0000000000
75801  -46.427  -16.858  63.427 0.0000000000
74744  -45.918  -17.294  64.328 0.0000000000
73646  -42.755  -17.896  63.561 0.0000000000
73675  -41.085  -17.751  62.006 0.0000000000
73647  -43.377  -17.818  63.028 0.0000000000
73665  -44.258  -17.487  62.149 0.0000000000
68867  -8.614  -23.763  71.508 0.0000000000
68878  -8.405  -23.896  70.248 0.0000000000
68877  -7.366  -24.241  69.848 0.0000000000
56308  -6.222  -33.444  67.239 0.0000000000
57466  -6.093  -33.071  66.832 0.0000000000
55191  -7.225  -33.884  66.519 0.0000000000
52863  -9.432  -36.780  63.190 0.0000000000
55194  -8.761  -35.125  64.059 0.0000000000
52906  -8.802  -36.870  61.866 0.0000000000
55253  -7.980  -35.953  61.223 0.0000000000
52904  -7.060  -37.607  61.043 0.0000000000
51756  -6.702  -38.573  60.976 0.0000000000
53746  -11.689  -35.183  80.689 0.0000000000
56140  -11.091  -34.590  80.596 0.0000000000
52628  -10.922  -36.756  80.061 0.0000000000
46003  -8.630  -41.204  77.263 0.0000000000
49251  -8.812  -39.728  78.043 0.0000000000
48145  -8.277  -40.443  77.433 0.0000000000
49272  -7.726  -40.086  76.949 0.0000000000
71303  -39.452  -20.475  68.838 0.0000000000
71300  -37.100  -21.242  69.910 0.0000000000
71352  -35.735  -21.784  67.545 0.0000000000
71317  -38.198  -21.089  68.484 0.0000000000
71335  -38.360  -21.100  67.484 0.0000000000
51526  -27.991  -36.568  76.249 0.0000000000
52689  -26.259  -35.584  75.505 0.0000000000
52701  -27.608  -36.327  74.840 0.0000000000
51559  -31.486  -37.821  74.207 0.0000000000
51558  -30.590  -37.599  74.450 0.0000000000
51589  -30.085  -36.580  72.954 0.0000000000
52770  -27.679  -34.599  70.111 0.0000000000
52737  -27.846  -35.036  71.783 0.0000000000
53924  -27.028  -34.527  71.285 0.0000000000
53905  -26.150  -34.499  72.002 0.0000000000
53923  -26.028  -34.254  70.682 0.0000000000
55121  -24.829  -33.595  69.994 0.0000000000
62156  -5.963  -29.624  70.592 0.0000000000
62155  -4.915  -29.734  70.790 0.0000000000
62135  -3.991  -29.481  71.133 0.0000000000
59844  -4.197  -31.226  70.145 0.0000000000
58689  -4.307  -32.292  69.018 0.0000000000
58682  -4.310  -32.633  69.337 0.0000000000
53914  -5.482  -35.060  70.267 0.0000000000
53949  -5.802  -34.802  69.090 0.0000000000
53933  -6.484  -35.674  69.784 0.0000000000
53952  -7.970  -36.151  68.978 0.0000000000
53935  -8.141  -36.354  69.987 0.0000000000
82361  -49.886  -12.144  60.149 0.0000000000
83412  -51.132  -10.365  61.491 0.0000000000
82356  -51.004  -11.643  61.062 0.0000000000
79084  -48.782  -14.062  59.491 0.0000000000
79093  -47.319  -14.273  58.408 0.0000000000
81289  -48.926  -13.082  59.384 0.0000000000
82368  -48.889  -12.293  59.341 0.0000000000
57307  -14.913  -33.465  81.356 0.0000000000
53775  -13.939  -35.230  78.570 0.0000000000
53762  -12.932  -35.560  79.084 0.0000000000
52645  -12.572  -36.483  77.839 0.0000000000
51512  -11.758  -37.679  77.279 0.0000000000
51513  -12.152  -37.378  76.845 0.0000000000
56232  -19.679  -33.120  71.177 0.0000000000
55088  -20.412  -33.351  72.510 0.0000000000
55086  -18.324  -33.619  71.841 0.0000000000
55048  -16.071  -34.622  73.035 0.0000000000
55050  -18.008  -33.701  73.832 0.0000000000
55035  -17.067  -33.901  74.605 0.0000000000
55007  -17.557  -34.167  76.681 0.0000000000
55022  -15.941  -34.441  75.335 0.0000000000
55005  -15.334  -34.577  76.276 0.0000000000
53847  -15.044  -34.680  75.202 0.0000000000
51554  -12.771  -37.359  73.571 0.0000000000
67732  -6.012  -24.686  74.730 0.0000000000
66734  -4.845  -25.720  68.732 0.0000000000
67802  -4.989  -24.626  69.605 0.0000000000
67836  -4.958  -25.201  68.451 0.0000000000
67837  -5.415  -25.033  67.817 0.0000000000
66746  -5.602  -25.736  67.286 0.0000000000
59886  -6.347  -31.591  66.468 0.0000000000
59879  -6.173  -30.970  66.809 0.0000000000
59887  -6.806  -31.223  65.844 0.0000000000
61107  -6.231  -30.409  62.289 0.0000000000
62240  -6.659  -29.499  63.893 0.0000000000
62239  -6.191  -29.398  62.993 0.0000000000
64531  -6.536  -27.705  64.271 0.0000000000
63388  -5.795  -28.942  62.576 0.0000000000
63397  -6.093  -28.295  61.856 0.0000000000
59786  -9.487  -31.969  74.170 0.0000000000
57327  -9.514  -34.356  79.373 0.0000000000
58589  -10.258  -33.425  78.086 0.0000000000
57344  -9.375  -33.984  78.551 0.0000000000
54992  -7.533  -35.393  76.667 0.0000000000
57358  -7.799  -33.991  76.759 0.0000000000
57356  -7.198  -34.339  75.865 0.0000000000
58622  -6.905  -33.175  74.969 0.0000000000
56196  -6.683  -34.697  75.012 0.0000000000
56194  -5.606  -34.824  73.867 0.0000000000
55032  -7.089  -35.346  74.519 0.0000000000
50434  -6.813  -39.554  72.912 0.0000000000
51586  -8.294  -38.138  72.414 0.0000000000
50452  -7.450  -39.479  71.322 0.0000000000
50463  -7.723  -39.391  70.422 0.0000000000
50462  -6.843  -39.897  70.554 0.0000000000
44847  -3.764  -44.106  71.648 0.0000000000
47238  -4.416  -42.679  72.204 0.0000000000
61001  -38.726  -30.071  72.777 0.0000000000
55148  -36.620  -33.661  67.791 0.0000000000
56288  -36.962  -32.788  67.521 0.0000000000
56262  -37.378  -33.213  69.524 0.0000000000
58666  -38.268  -31.926  71.283 0.0000000000
52799  -34.823  -35.415  69.602 0.0000000000
52821  -35.266  -35.009  68.813 0.0000000000
53979  -36.278  -34.148  67.887 0.0000000000
52759  -35.160  -35.928  71.601 0.0000000000
88964  -51.530  -5.112  59.438 0.0000000000
84564  -47.103  -9.183  57.422 0.0000000000
85700  -47.575  -8.389  56.620 0.0000000000
85705  -48.147  -7.841  55.889 0.0000000000
86810  -48.579  -7.306  57.079 0.0000000000
87879  -50.135  -6.050  58.283 0.0000000000
73637  -43.750  -17.697  64.729 0.0000000000
74724  -44.506  -17.654  65.225 0.0000000000
74714  -44.374  -17.739  66.402 0.0000000000
74699  -44.821  -17.729  67.457 0.0000000000
71387  -36.782  -21.132  65.041 0.0000000000
71388  -37.715  -20.683  64.823 0.0000000000
71405  -37.867  -20.258  64.026 0.0000000000
72538  -38.937  -19.213  63.387 0.0000000000
73660  -39.403  -18.495  62.903 0.0000000000
72540  -40.156  -18.560  64.066 0.0000000000
73645  -41.513  -18.297  64.246 0.0000000000
53986  -7.668  -35.390  67.183 0.0000000000
54026  -8.198  -35.145  65.493 0.0000000000
54008  -9.492  -36.365  65.215 0.0000000000
52853  -9.855  -37.634  64.642 0.0000000000
51737  -9.056  -38.532  62.550 0.0000000000
51735  -7.722  -39.333  61.796 0.0000000000
50613  -8.110  -39.784  62.484 0.0000000000
49540  -7.713  -40.932  63.470 0.0000000000
50404  -10.842  -38.268  78.559 0.0000000000
50398  -10.614  -38.031  79.173 0.0000000000
49262  -10.250  -39.440  77.945 0.0000000000
71292  -37.699  -20.905  70.362 0.0000000000
65635  -38.389  -27.979  67.958 0.0000000000
64516  -37.751  -28.260  66.666 0.0000000000
66753  -37.567  -27.265  67.764 0.0000000000
67847  -36.990  -26.534  67.962 0.0000000000
67846  -36.523  -25.921  67.836 0.0000000000
67828  -36.069  -24.185  69.184 0.0000000000
70111  -36.319  -22.617  70.026 0.0000000000
51528  -29.348  -36.770  76.002 0.0000000000
52757  -30.840  -36.084  71.048 0.0000000000
51620  -30.131  -36.044  71.403 0.0000000000
52772  -29.202  -35.156  70.159 0.0000000000
52790  -28.209  -34.535  69.275 0.0000000000
85729  -51.644  -7.465  52.140 0.0000000000
86842  -51.975  -7.452  51.508 0.0000000000
86843  -52.643  -7.084  51.247 0.0000000000
87933  -53.820  -6.359  50.412 0.0000000000
58672  -4.440  -32.286  70.060 0.0000000000
58673  -5.288  -32.607  70.864 0.0000000000
56243  -5.337  -33.860  71.218 0.0000000000
55081  -5.329  -35.336  71.468 0.0000000000
79075  -49.315  -14.338  60.064 0.0000000000
79072  -50.450  -14.120  61.088 0.0000000000
73754  -44.370  -17.404  58.248 0.0000000000
75877  -45.467  -16.644  57.905 0.0000000000
76941  -45.554  -16.044  57.433 0.0000000000
76925  -46.584  -16.005  58.593 0.0000000000
77998  -47.908  -15.009  59.226 0.0000000000
56146  -15.467  -33.831  81.106 0.0000000000
54931  -15.884  -33.869  80.498 0.0000000000
53764  -14.823  -34.752  78.913 0.0000000000
53776  -14.766  -34.800  78.347 0.0000000000
53901  -15.424  -35.433  71.354 0.0000000000
53870  -14.513  -35.507  73.275 0.0000000000
66668  -5.216  -25.666  73.555 0.0000000000
67759  -5.047  -25.084  72.414 0.0000000000
66694  -4.506  -25.773  71.214 0.0000000000
65616  -4.606  -26.383  69.492 0.0000000000
64495  -5.159  -27.336  68.152 0.0000000000
57510  -7.350  -32.917  62.384 0.0000000000
58728  -7.085  -32.257  62.994 0.0000000000
58736  -6.879  -32.314  61.949 0.0000000000
58746  -6.010  -32.047  60.830 0.0000000000
59929  -5.449  -31.654  60.510 0.0000000000
59791  -14.392  -31.165  74.771 0.0000000000
59775  -12.596  -31.923  75.545 0.0000000000
59774  -11.597  -32.197  75.574 0.0000000000
52644  -8.242  -37.372  77.678 0.0000000000
54968  -8.105  -35.603  78.124 0.0000000000
52643  -8.036  -37.567  77.116 0.0000000000
53810  -7.711  -36.352  76.561 0.0000000000
52671  -7.707  -37.323  75.856 0.0000000000
52686  -7.793  -37.229  75.096 0.0000000000
51536  -7.373  -38.875  74.747 0.0000000000
50433  -6.269  -39.791  73.308 0.0000000000
50442  -5.771  -40.374  72.662 0.0000000000
59881  -37.798  -30.764  66.825 0.0000000000
57439  -37.570  -31.850  67.704 0.0000000000
59872  -37.889  -30.827  67.691 0.0000000000
63350  -38.396  -29.015  68.077 0.0000000000
64477  -38.492  -27.680  69.316 0.0000000000
66717  -38.595  -26.449  71.144 0.0000000000
51592  -32.368  -36.758  72.700 0.0000000000
51595  -34.467  -37.699  72.528 0.0000000000
51609  -32.762  -36.621  72.066 0.0000000000
51623  -32.011  -36.332  71.424 0.0000000000
52775  -31.775  -35.777  70.411 0.0000000000
86824  -49.552  -7.475  54.446 0.0000000000
87908  -51.300  -6.589  54.483 0.0000000000
89020  -52.443  -5.160  55.563 0.0000000000
76882  -46.501  -16.669  61.876 0.0000000000
76875  -48.254  -16.138  62.923 0.0000000000
76857  -47.507  -16.491  63.381 0.0000000000
73674  -40.053  -18.110  61.977 0.0000000000
73695  -43.457  -17.468  60.519 0.0000000000
74758  -45.216  -17.222  61.364 0.0000000000
55106  -23.633  -33.386  71.327 0.0000000000
55071  -22.150  -33.508  72.930 0.0000000000
56247  -21.306  -33.104  70.680 0.0000000000
56246  -20.188  -32.988  70.545 0.0000000000
68891  -8.280  -24.207  69.090 0.0000000000
67839  -6.722  -24.480  67.038 0.0000000000
61064  -4.272  -30.926  68.483 0.0000000000
61065  -4.588  -30.513  68.269 0.0000000000
58704  -5.689  -32.254  67.073 0.0000000000
58712  -6.169  -32.710  66.598 0.0000000000
57480  -7.455  -33.097  64.750 0.0000000000
55193  -8.103  -34.644  64.972 0.0000000000
56326  -7.926  -33.994  64.376 0.0000000000
57481  -7.857  -33.519  63.786 0.0000000000
56363  -8.219  -34.110  62.102 0.0000000000
58584  -12.988  -32.658  78.805 0.0000000000
58568  -11.540  -33.509  80.163 0.0000000000
57316  -10.462  -34.308  80.150 0.0000000000
54939  -9.101  -35.412  79.756 0.0000000000
51488  -9.719  -37.753  79.327 0.0000000000
51493  -9.122  -38.016  78.660 0.0000000000
52634  -8.463  -37.277  78.213 0.0000000000
50411  -7.875  -39.396  77.028 0.0000000000
50410  -7.258  -39.767  76.215 0.0000000000
48201  -6.133  -41.463  75.420 0.0000000000
72458  -40.210  -19.276  66.780 0.0000000000
73611  -41.357  -18.575  68.226 0.0000000000
72442  -40.734  -18.915  68.977 0.0000000000
64534  -37.437  -28.718  65.106 0.0000000000
71386  -35.840  -21.406  65.432 0.0000000000
71356  -39.051  -20.213  66.345 0.0000000000
53864  -25.447  -35.272  75.056 0.0000000000
53874  -25.166  -34.859  74.042 0.0000000000
51519  -31.436  -37.614  76.575 0.0000000000
51529  -30.044  -37.184  75.938 0.0000000000
51556  -29.005  -36.892  74.987 0.0000000000
51588  -29.327  -36.277  72.787 0.0000000000
52724  -28.523  -36.260  73.362 0.0000000000
52710  -27.795  -36.308  74.238 0.0000000000
52709  -26.949  -35.627  73.821 0.0000000000
53888  -26.314  -35.065  73.208 0.0000000000
55091  -24.316  -33.716  72.153 0.0000000000
55120  -23.904  -33.209  70.335 0.0000000000
87940  -54.441  -5.991  49.676 0.0000000000
89060  -55.261  -5.576  49.023 0.0000000000
89069  -55.232  -5.425  48.048 0.0000000000
64427  -4.496  -27.622  71.823 0.0000000000
63275  -3.927  -28.556  70.921 0.0000000000
63267  -5.229  -27.894  72.462 0.0000000000
62134  -3.558  -29.665  70.684 0.0000000000
62175  -3.502  -30.151  69.484 0.0000000000
59865  -4.103  -31.568  68.891 0.0000000000
57446  -4.791  -32.968  68.348 0.0000000000
55154  -5.871  -33.913  68.074 0.0000000000
55128  -5.252  -33.961  69.368 0.0000000000
53983  -5.857  -34.312  68.395 0.0000000000
53985  -6.937  -34.807  67.591 0.0000000000
53968  -8.489  -36.096  67.814 0.0000000000
52806  -9.287  -37.135  67.878 0.0000000000
50491  -9.021  -38.880  68.121 0.0000000000
84540  -50.073  -9.730  60.750 0.0000000000
78028  -46.184  -15.207  57.683 0.0000000000
79111  -46.276  -14.334  57.434 0.0000000000
81299  -46.439  -12.429  57.560 0.0000000000
81287  -47.634  -12.298  58.528 0.0000000000
82359  -48.710  -10.976  59.415 0.0000000000
56143  -12.919  -34.201  81.132 0.0000000000
53747  -12.308  -35.216  80.526 0.0000000000
54942  -14.390  -34.544  80.131 0.0000000000
53756  -13.060  -35.324  79.687 0.0000000000
52632  -11.992  -36.535  78.970 0.0000000000
49274  -11.237  -39.041  76.793 0.0000000000
55053  -21.301  -33.649  74.054 0.0000000000
55038  -20.633  -33.843  74.839 0.0000000000
53859  -20.351  -33.896  75.285 0.0000000000
55067  -17.677  -33.847  72.663 0.0000000000
55036  -18.334  -33.756  74.944 0.0000000000
55025  -19.478  -34.005  76.116 0.0000000000
55008  -18.746  -34.187  76.888 0.0000000000
54996  -18.416  -34.478  77.915 0.0000000000
54983  -17.540  -34.460  78.390 0.0000000000
54982  -16.668  -34.415  78.169 0.0000000000
53793  -14.689  -34.839  77.594 0.0000000000
53812  -13.719  -35.470  77.048 0.0000000000
52698  -13.809  -35.803  73.975 0.0000000000
52687  -13.267  -36.121  74.881 0.0000000000
51523  -12.330  -37.308  76.026 0.0000000000
49294  -11.821  -38.752  75.168 0.0000000000
68857  -7.450  -24.077  72.609 0.0000000000
67774  -5.448  -24.648  71.425 0.0000000000
67775  -6.347  -24.489  71.264 0.0000000000
67787  -6.667  -24.460  70.401 0.0000000000
68876  -6.487  -24.366  69.548 0.0000000000
67838  -6.053  -24.696  67.383 0.0000000000
67868  -5.924  -25.096  66.026 0.0000000000
61066  -4.968  -30.078  68.022 0.0000000000
62205  -5.608  -28.833  67.784 0.0000000000
63344  -5.871  -28.235  67.321 0.0000000000
61088  -7.028  -30.408  64.782 0.0000000000
62229  -6.943  -29.461  65.018 0.0000000000
64508  -6.232  -27.526  66.434 0.0000000000
64522  -6.576  -27.311  65.311 0.0000000000
65671  -6.549  -26.612  64.845 0.0000000000
65672  -6.677  -26.324  64.366 0.0000000000
65715  -6.529  -27.193  62.605 0.0000000000
58591  -12.228  -32.660  77.890 0.0000000000
58600  -11.361  -32.607  76.880 0.0000000000
58612  -10.534  -32.627  75.848 0.0000000000
57351  -8.523  -33.989  77.557 0.0000000000
58597  -8.512  -33.568  76.843 0.0000000000
58625  -9.704  -32.321  74.975 0.0000000000
59784  -8.058  -32.124  74.371 0.0000000000
58635  -7.322  -32.127  73.865 0.0000000000
58645  -6.689  -32.429  73.004 0.0000000000
57399  -5.694  -33.571  72.969 0.0000000000
55043  -5.412  -35.057  72.507 0.0000000000
53881  -6.173  -35.814  71.894 0.0000000000
52706  -8.135  -37.001  73.694 0.0000000000
52719  -8.297  -37.072  72.753 0.0000000000
53917  -7.613  -36.224  70.791 0.0000000000
51616  -8.823  -37.788  70.324 0.0000000000
51644  -8.652  -38.852  69.175 0.0000000000
50505  -7.906  -40.162  67.732 0.0000000000
48221  -5.446  -42.176  74.269 0.0000000000
46083  -4.481  -43.342  73.802 0.0000000000
48239  -5.316  -42.090  73.867 0.0000000000
49331  -5.207  -41.647  73.212 0.0000000000
49351  -5.171  -41.586  72.658 0.0000000000
49392  -5.552  -41.665  70.942 0.0000000000
48323  -5.083  -42.511  69.859 0.0000000000
49393  -5.796  -41.305  70.375 0.0000000000
50488  -6.109  -40.937  68.896 0.0000000000
50504  -6.804  -40.860  67.881 0.0000000000
50521  -7.572  -40.597  66.704 0.0000000000
49504  -7.165  -41.252  65.685 0.0000000000
48418  -6.360  -42.347  64.775 0.0000000000
57395  -38.396  -33.416  72.502 0.0000000000
57396  -38.555  -32.801  72.745 0.0000000000
56219  -38.276  -33.710  72.943 0.0000000000
56237  -38.104  -33.774  71.487 0.0000000000
55093  -37.647  -34.467  71.992 0.0000000000
55109  -37.166  -34.415  70.660 0.0000000000
55074  -37.771  -34.443  72.708 0.0000000000
53907  -36.922  -35.200  72.207 0.0000000000
85681  -50.242  -7.563  60.609 0.0000000000
86779  -50.633  -6.854  60.937 0.0000000000
84547  -49.452  -9.101  60.120 0.0000000000
85680  -49.550  -7.686  59.769 0.0000000000
72472  -41.556  -18.635  66.642 0.0000000000
72460  -41.675  -18.554  67.201 0.0000000000
72470  -40.153  -19.156  65.908 0.0000000000
71376  -39.648  -19.363  65.569 0.0000000000
72485  -40.687  -18.819  65.526 0.0000000000
51663  -9.262  -38.888  66.646 0.0000000000
51672  -9.014  -39.311  65.803 0.0000000000
50542  -8.365  -39.953  65.718 0.0000000000
46059  -9.837  -41.631  75.177 0.0000000000
75820  -46.536  -16.576  60.586 0.0000000000
75832  -46.357  -16.573  59.994 0.0000000000
76888  -47.057  -16.394  60.731 0.0000000000
76898  -47.525  -16.087  60.194 0.0000000000
54946  -18.666  -33.809  80.150 0.0000000000
54945  -17.608  -33.855  79.901 0.0000000000
54958  -17.777  -34.011  79.345 0.0000000000
53873  -23.944  -34.203  73.923 0.0000000000
55055  -23.256  -34.055  73.872 0.0000000000
67855  -7.523  -24.492  65.879 0.0000000000
63293  -3.957  -28.513  69.907 0.0000000000
62191  -4.333  -29.531  68.709 0.0000000000
56404  -5.819  -34.208  59.981 0.0000000000
59752  -13.635  -32.256  78.736 0.0000000000
50418  -6.170  -40.750  74.960 0.0000000000
50419  -6.690  -40.170  75.371 0.0000000000
50422  -6.014  -40.608  74.676 0.0000000000
49313  -5.680  -40.961  74.279 0.0000000000
62147  -38.564  -29.295  71.809 0.0000000000
63274  -38.794  -28.423  72.228 0.0000000000
52777  -33.841  -35.725  70.221 0.0000000000
51649  -33.453  -35.842  70.402 0.0000000000
52797  -33.525  -35.549  69.671 0.0000000000
88977  -51.292  -5.143  58.180 0.0000000000
88996  -51.132  -5.274  57.860 0.0000000000
88997  -51.674  -5.048  57.499 0.0000000000
74734  -45.302  -17.571  64.699 0.0000000000
74732  -43.515  -17.708  63.961 0.0000000000
74741  -43.427  -17.765  63.419 0.0000000000
74742  -44.094  -17.681  63.187 0.0000000000
68845  -9.309  -23.192  73.700 0.0000000000
68866  -7.398  -24.303  71.110 0.0000000000
55172  -6.871  -33.869  67.124 0.0000000000
55173  -7.404  -34.409  66.551 0.0000000000
52882  -9.198  -37.260  62.517 0.0000000000
54075  -8.405  -36.453  61.556 0.0000000000
52905  -8.156  -37.495  61.574 0.0000000000
51757  -7.538  -38.499  61.482 0.0000000000
53754  -11.563  -35.876  80.241 0.0000000000
53745  -11.393  -35.068  80.717 0.0000000000
47129  -8.022  -41.137  77.080 0.0000000000
71302  -38.849  -20.863  69.062 0.0000000000
72440  -39.260  -20.489  69.637 0.0000000000
61089  -37.701  -30.314  65.486 0.0000000000
71316  -37.265  -21.291  68.849 0.0000000000
51527  -28.677  -36.620  76.125 0.0000000000
51541  -28.097  -36.576  75.826 0.0000000000
52690  -27.310  -36.048  75.676 0.0000000000
52691  -27.989  -36.538  75.279 0.0000000000
51591  -31.711  -36.652  72.847 0.0000000000
51573  -31.121  -37.187  73.632 0.0000000000
51590  -30.935  -36.643  72.981 0.0000000000
53939  -27.109  -34.423  70.062 0.0000000000
52753  -27.752  -34.722  70.687 0.0000000000
53938  -26.283  -34.229  69.608 0.0000000000
55122  -25.589  -33.939  69.793 0.0000000000
55135  -25.880  -33.907  68.959 0.0000000000
61026  -5.350  -30.610  70.482 0.0000000000
61025  -4.331  -30.297  70.566 0.0000000000
58671  -4.104  -31.702  69.888 0.0000000000
53915  -5.764  -35.682  70.301 0.0000000000
53932  -5.835  -35.205  69.642 0.0000000000
53934  -7.357  -35.867  69.841 0.0000000000
55117  -7.239  -35.920  70.276 0.0000000000
81277  -50.457  -12.329  60.600 0.0000000000
80174  -48.905  -13.593  59.451 0.0000000000
80173  -48.460  -13.576  59.111 0.0000000000
81281  -49.435  -12.589  59.738 0.0000000000
53791  -13.087  -35.778  78.183 0.0000000000
51503  -12.157  -37.119  77.512 0.0000000000
52659  -12.710  -36.448  77.169 0.0000000000
55105  -18.830  -33.294  71.109 0.0000000000
55087  -19.513  -33.333  72.094 0.0000000000
55034  -16.043  -34.374  74.131 0.0000000000
53858  -15.138  -34.750  74.637 0.0000000000
67731  -5.515  -25.014  74.277 0.0000000000
65629  -5.110  -26.462  68.475 0.0000000000
66745  -5.289  -25.737  68.125 0.0000000000
65642  -5.733  -26.530  66.807 0.0000000000
58714  -7.065  -32.182  65.246 0.0000000000
61118  -5.835  -30.621  61.600 0.0000000000
62253  -6.152  -29.837  62.534 0.0000000000
61106  -5.838  -29.960  62.027 0.0000000000
63379  -5.958  -29.101  62.888 0.0000000000
62265  -5.594  -29.436  61.930 0.0000000000
63396  -5.692  -28.846  61.909 0.0000000000
59788  -11.668  -31.811  74.523 0.0000000000
56161  -9.004  -34.790  79.399 0.0000000000
57336  -9.074  -34.371  78.828 0.0000000000
56168  -8.481  -34.979  78.658 0.0000000000
54991  -7.464  -35.135  76.202 0.0000000000
56185  -7.471  -34.602  76.259 0.0000000000
56184  -7.251  -34.694  75.794 0.0000000000
57366  -6.597  -34.237  75.300 0.0000000000
55018  -6.682  -35.057  74.697 0.0000000000
55019  -7.364  -35.393  75.201 0.0000000000
50443  -6.319  -39.928  72.435 0.0000000000
50444  -7.097  -39.561  72.231 0.0000000000
50461  -6.096  -40.776  70.818 0.0000000000
42499  -3.547  -46.270  71.697 0.0000000000
43657  -3.601  -45.222  72.222 0.0000000000
59822  -38.747  -30.908  72.396 0.0000000000
55137  -36.965  -33.443  68.776 0.0000000000
57405  -38.382  -32.410  71.933 0.0000000000
58665  -38.202  -32.504  71.175 0.0000000000
58653  -38.525  -31.603  72.017 0.0000000000
59839  -38.681  -30.985  71.612 0.0000000000
52800  -35.423  -35.289  69.778 0.0000000000
55123  -36.962  -34.223  69.757 0.0000000000
53960  -36.290  -34.462  69.120 0.0000000000
55136  -36.730  -33.902  68.843 0.0000000000
52760  -35.820  -35.651  71.703 0.0000000000
52779  -34.985  -35.626  70.611 0.0000000000
87865  -50.692  -5.774  59.456 0.0000000000
87866  -51.138  -5.592  60.179 0.0000000000
82378  -46.827  -11.706  58.039 0.0000000000
82377  -46.372  -11.554  57.324 0.0000000000
83441  -46.968  -10.422  58.072 0.0000000000
85689  -47.653  -8.530  57.565 0.0000000000
84574  -47.009  -8.861  56.322 0.0000000000
85701  -48.064  -7.856  56.916 0.0000000000
86801  -48.725  -7.194  57.758 0.0000000000
86790  -49.950  -6.444  59.207 0.0000000000
87864  -50.367  -5.909  58.853 0.0000000000
73636  -42.807  -17.937  64.725 0.0000000000
73628  -43.598  -17.772  65.525 0.0000000000
73627  -42.787  -18.029  65.777 0.0000000000
74698  -43.776  -17.821  67.348 0.0000000000
74683  -44.424  -17.693  68.243 0.0000000000
71373  -37.659  -20.968  65.782 0.0000000000
71390  -39.117  -19.673  64.895 0.0000000000
71406  -38.580  -20.128  64.218 0.0000000000
72499  -38.985  -19.836  64.389 0.0000000000
72518  -38.592  -19.896  63.740 0.0000000000
72519  -39.214  -19.342  64.091 0.0000000000
72520  -39.789  -18.862  64.378 0.0000000000
72522  -40.958  -18.541  64.664 0.0000000000
53987  -8.520  -35.824  66.701 0.0000000000
54007  -8.706  -35.663  65.761 0.0000000000
53988  -9.331  -36.331  66.217 0.0000000000
51686  -9.444  -39.097  64.822 0.0000000000
51711  -9.523  -38.641  63.596 0.0000000000
51738  -9.497  -37.863  62.905 0.0000000000
51710  -9.061  -39.273  63.089 0.0000000000
50614  -8.630  -39.323  62.630 0.0000000000
50597  -8.615  -39.915  63.355 0.0000000000
49539  -6.992  -41.651  63.828 0.0000000000
50408  -10.978  -38.261  78.167 0.0000000000
49255  -10.600  -38.939  77.875 0.0000000000
49263  -10.581  -39.107  77.734 0.0000000000
65622  -38.254  -27.363  68.870 0.0000000000
65634  -38.072  -27.567  67.988 0.0000000000
66740  -37.873  -27.040  68.519 0.0000000000
67830  -37.287  -26.118  68.766 0.0000000000
67845  -35.944  -24.954  68.137 0.0000000000
70104  -36.995  -22.611  71.222 0.0000000000
70103  -36.667  -22.467  70.635 0.0000000000
51507  -29.708  -36.752  76.676 0.0000000000
51517  -29.871  -36.931  76.352 0.0000000000
52774  -31.064  -35.765  70.545 0.0000000000
52773  -30.161  -35.471  70.335 0.0000000000
86831  -51.707  -7.132  52.764 0.0000000000
87912  -53.427  -5.788  52.857 0.0000000000
87920  -52.361  -6.875  52.507 0.0000000000
86835  -52.797  -6.998  51.761 0.0000000000
86844  -53.374  -6.638  50.870 0.0000000000
87922  -53.870  -5.787  52.137 0.0000000000
56231  -5.285  -34.048  71.574 0.0000000000
55080  -5.210  -34.900  71.312 0.0000000000
55060  -5.231  -34.983  71.911 0.0000000000
79076  -49.946  -13.893  60.428 0.0000000000
77992  -49.773  -14.421  60.703 0.0000000000
73720  -43.705  -17.583  59.490 0.0000000000
73737  -44.511  -17.324  58.644 0.0000000000
74817  -44.918  -17.144  58.231 0.0000000000
74818  -45.345  -16.902  58.364 0.0000000000
75878  -45.910  -16.335  58.171 0.0000000000
75863  -45.927  -16.560  58.494 0.0000000000
76899  -48.282  -15.511  59.977 0.0000000000
77999  -48.525  -14.820  59.653 0.0000000000
54932  -16.992  -33.768  80.554 0.0000000000
54956  -15.766  -34.218  79.234 0.0000000000
53900  -14.744  -35.989  71.502 0.0000000000
66667  -4.823  -26.166  72.947 0.0000000000
66682  -4.551  -25.794  72.117 0.0000000000
65592  -4.464  -26.093  70.834 0.0000000000
64472  -4.537  -27.794  69.092 0.0000000000
65607  -4.448  -26.553  70.056 0.0000000000
64484  -4.736  -27.288  68.853 0.0000000000
65617  -4.779  -26.359  69.018 0.0000000000
57511  -7.651  -33.570  61.731 0.0000000000
57528  -6.952  -33.104  61.212 0.0000000000
57551  -5.687  -33.264  60.108 0.0000000000
58760  -6.200  -32.782  60.586 0.0000000000
58759  -5.589  -32.435  60.249 0.0000000000
59776  -13.577  -31.666  75.564 0.0000000000
59762  -11.754  -32.348  76.437 0.0000000000
51500  -8.054  -38.406  77.151 0.0000000000
53790  -8.046  -36.531  77.694 0.0000000000
52657  -7.481  -38.806  75.868 0.0000000000
52658  -7.769  -37.896  76.372 0.0000000000
52685  -7.639  -38.249  75.270 0.0000000000
52684  -7.386  -38.853  75.163 0.0000000000
50441  -5.438  -40.962  72.712 0.0000000000
58716  -37.565  -31.073  65.833 0.0000000000
58707  -37.576  -31.238  66.478 0.0000000000
57427  -37.475  -32.513  69.216 0.0000000000
57438  -37.331  -32.394  68.134 0.0000000000
62198  -38.373  -29.613  69.493 0.0000000000
61059  -38.220  -30.298  69.087 0.0000000000
62206  -38.324  -29.641  68.548 0.0000000000
61067  -38.134  -30.278  68.105 0.0000000000
63338  -38.401  -28.959  69.045 0.0000000000
64490  -38.495  -28.229  68.607 0.0000000000
64478  -38.619  -28.299  69.759 0.0000000000
65602  -38.612  -27.028  71.079 0.0000000000
53998  -34.749  -35.175  66.906 0.0000000000
51561  -33.547  -38.160  73.962 0.0000000000
51560  -32.510  -37.935  73.919 0.0000000000
51575  -32.602  -37.398  73.163 0.0000000000
51596  -35.300  -37.486  72.576 0.0000000000
51612  -34.747  -37.303  72.001 0.0000000000
51638  -33.114  -36.174  70.814 0.0000000000
51625  -33.271  -36.478  71.452 0.0000000000
51624  -32.609  -36.408  71.409 0.0000000000
51608  -32.159  -36.512  72.042 0.0000000000
51636  -31.877  -36.073  70.836 0.0000000000
52776  -32.142  -35.859  70.481 0.0000000000
52815  -31.306  -34.916  68.930 0.0000000000
90063  -53.441  -4.291  56.854 0.0000000000
86814  -48.571  -7.376  56.094 0.0000000000
86818  -48.639  -7.553  55.458 0.0000000000
86821  -51.051  -6.714  54.605 0.0000000000
87904  -51.194  -6.032  55.247 0.0000000000
89010  -52.621  -4.730  56.781 0.0000000000
89019  -51.637  -5.452  55.936 0.0000000000
90080  -52.839  -4.635  56.130 0.0000000000
75811  -46.165  -16.897  62.265 0.0000000000
76874  -47.410  -16.363  62.500 0.0000000000
76856  -46.998  -16.518  62.934 0.0000000000
75786  -46.609  -17.047  64.718 0.0000000000
75802  -47.411  -16.720  64.306 0.0000000000
74725  -45.554  -17.593  65.759 0.0000000000
74726  -46.116  -17.487  65.574 0.0000000000
73673  -39.066  -18.508  61.814 0.0000000000
73693  -41.487  -17.719  60.788 0.0000000000
73677  -43.084  -17.582  61.613 0.0000000000
74752  -44.870  -17.535  62.386 0.0000000000
73679  -44.576  -17.390  61.708 0.0000000000
75810  -45.609  -17.162  61.905 0.0000000000
75814  -45.646  -17.064  61.438 0.0000000000
56235  -22.763  -33.378  71.631 0.0000000000
56248  -22.634  -33.178  70.721 0.0000000000
56259  -20.646  -32.964  69.675 0.0000000000
68879  -9.613  -23.515  70.586 0.0000000000
68906  -7.317  -24.333  67.551 0.0000000000
59876  -4.904  -31.698  68.168 0.0000000000
59871  -4.624  -31.243  68.240 0.0000000000
57467  -6.641  -33.089  66.254 0.0000000000
57468  -6.982  -32.807  65.679 0.0000000000
57479  -7.208  -33.293  65.666 0.0000000000
55215  -8.826  -35.119  63.043 0.0000000000
55214  -8.381  -34.603  63.978 0.0000000000
56343  -8.319  -34.176  63.258 0.0000000000
54074  -7.504  -36.674  61.137 0.0000000000
55252  -7.201  -35.796  60.768 0.0000000000
50612  -7.514  -40.065  62.021 0.0000000000
50626  -7.109  -39.388  61.421 0.0000000000
49554  -6.889  -40.358  61.557 0.0000000000
58569  -12.058  -33.419  80.410 0.0000000000
54941  -10.669  -35.123  80.471 0.0000000000
56155  -10.626  -34.592  80.358 0.0000000000
54940  -9.961  -35.281  80.167 0.0000000000
56154  -9.874  -34.716  80.004 0.0000000000
53751  -9.436  -36.155  79.856 0.0000000000
50397  -10.262  -38.052  79.280 0.0000000000
50401  -9.674  -38.561  78.852 0.0000000000
49261  -8.538  -39.748  77.754 0.0000000000
50400  -9.006  -38.988  78.295 0.0000000000
52631  -8.777  -37.218  78.762 0.0000000000
51497  -8.675  -38.121  78.044 0.0000000000
51501  -8.350  -38.239  77.588 0.0000000000
50412  -8.410  -38.759  77.570 0.0000000000
49270  -6.695  -41.251  75.993 0.0000000000
49271  -7.261  -40.532  76.366 0.0000000000
49280  -6.587  -41.121  75.735 0.0000000000
49281  -6.952  -40.494  75.902 0.0000000000
72448  -40.195  -19.432  67.843 0.0000000000
65650  -37.658  -27.751  67.182 0.0000000000
64524  -37.661  -28.574  65.902 0.0000000000
65664  -37.295  -27.805  66.197 0.0000000000
71371  -35.742  -21.591  66.479 0.0000000000
71336  -39.106  -20.616  67.252 0.0000000000
71337  -39.560  -19.835  67.086 0.0000000000
52699  -26.180  -35.583  75.080 0.0000000000
53865  -26.152  -35.557  74.833 0.0000000000
51557  -29.761  -37.235  74.692 0.0000000000
51544  -30.237  -37.556  75.315 0.0000000000
51543  -29.542  -37.010  75.486 0.0000000000
52755  -29.589  -35.720  71.238 0.0000000000
51605  -29.900  -36.233  71.987 0.0000000000
52739  -29.409  -35.974  71.888 0.0000000000
52738  -28.793  -35.758  72.168 0.0000000000
52711  -28.503  -36.546  74.034 0.0000000000
53889  -27.012  -35.227  72.987 0.0000000000
53887  -25.010  -34.299  72.875 0.0000000000
55107  -24.761  -33.602  70.952 0.0000000000
55133  -24.148  -33.136  69.377 0.0000000000
87939  -53.404  -6.619  49.801 0.0000000000
87934  -54.617  -5.853  50.376 0.0000000000
89061  -56.033  -5.058  48.447 0.0000000000
64411  -4.980  -27.270  72.793 0.0000000000
62137  -5.352  -29.091  71.164 0.0000000000
61006  -3.693  -30.035  70.768 0.0000000000
62153  -3.539  -29.587  70.066 0.0000000000
62152  -3.441  -30.387  69.787 0.0000000000
61045  -3.442  -30.903  69.228 0.0000000000
57433  -4.310  -32.943  68.886 0.0000000000
57445  -4.507  -32.737  68.717 0.0000000000
56293  -5.297  -33.443  68.153 0.0000000000
55153  -5.370  -33.745  68.428 0.0000000000
56256  -5.050  -33.705  69.870 0.0000000000
57426  -4.533  -33.197  69.633 0.0000000000
53950  -6.206  -35.175  69.010 0.0000000000
53964  -5.680  -34.426  68.770 0.0000000000
53965  -5.992  -34.727  68.552 0.0000000000
53984  -6.280  -34.473  68.080 0.0000000000
53967  -7.377  -35.498  68.097 0.0000000000
51645  -9.119  -38.226  68.688 0.0000000000
83417  -50.022  -10.587  60.623 0.0000000000
73600  -41.906  -18.238  68.633 0.0000000000
78029  -46.405  -15.616  58.168 0.0000000000
78009  -46.567  -15.021  57.965 0.0000000000
80183  -47.195  -13.570  58.202 0.0000000000
80182  -46.631  -13.596  57.706 0.0000000000
82360  -49.311  -11.424  59.772 0.0000000000
83422  -49.471  -10.306  60.144 0.0000000000
57306  -13.735  -33.657  81.203 0.0000000000
54928  -13.025  -34.631  80.770 0.0000000000
54930  -14.924  -34.249  80.596 0.0000000000
53761  -12.322  -35.909  79.353 0.0000000000
51496  -11.431  -37.399  78.719 0.0000000000
51498  -11.633  -37.310  78.276 0.0000000000
50416  -11.605  -38.242  76.820 0.0000000000
50413  -11.373  -38.196  77.399 0.0000000000
49283  -11.263  -39.094  76.409 0.0000000000
48203  -10.985  -39.801  75.671 0.0000000000
56223  -21.490  -33.465  72.565 0.0000000000
55069  -19.874  -33.352  73.234 0.0000000000
55052  -20.283  -33.543  74.174 0.0000000000
55037  -19.667  -33.874  75.161 0.0000000000
55009  -19.432  -34.033  76.566 0.0000000000
54995  -17.606  -34.390  77.598 0.0000000000
54984  -18.166  -34.410  78.609 0.0000000000
54993  -15.584  -34.564  77.100 0.0000000000
53813  -14.715  -34.816  76.874 0.0000000000
53829  -13.558  -35.596  76.100 0.0000000000
52708  -13.874  -36.194  73.083 0.0000000000
52707  -13.429  -36.953  72.966 0.0000000000
51539  -12.617  -37.221  74.551 0.0000000000
51524  -12.642  -36.914  75.358 0.0000000000
51538  -12.390  -37.615  75.319 0.0000000000
50424  -12.223  -38.223  74.769 0.0000000000
68843  -7.011  -24.220  74.101 0.0000000000
68844  -8.250  -23.666  73.783 0.0000000000
68856  -6.637  -24.313  73.343 0.0000000000
67773  -4.827  -25.022  71.461 0.0000000000
67803  -5.776  -24.316  69.120 0.0000000000
67852  -5.748  -25.096  66.853 0.0000000000
67853  -6.256  -24.724  66.496 0.0000000000
61071  -5.062  -30.703  67.760 0.0000000000
59880  -6.591  -30.491  66.372 0.0000000000
61073  -6.303  -30.022  66.921 0.0000000000
62212  -6.081  -29.196  67.401 0.0000000000
62213  -6.580  -29.271  66.646 0.0000000000
59901  -6.861  -31.536  63.457 0.0000000000
59893  -7.037  -31.386  64.536 0.0000000000
61095  -6.800  -30.653  63.735 0.0000000000
63365  -6.903  -28.798  65.424 0.0000000000
63356  -6.786  -28.657  66.144 0.0000000000
64523  -6.801  -28.048  65.581 0.0000000000
64532  -6.723  -27.854  64.884 0.0000000000
65685  -6.574  -26.965  63.965 0.0000000000
66782  -6.578  -26.037  64.749 0.0000000000
65686  -6.826  -26.468  63.770 0.0000000000
65699  -6.533  -27.107  63.215 0.0000000000
59813  -8.912  -31.733  72.615 0.0000000000
58583  -12.165  -32.873  78.882 0.0000000000
58582  -11.312  -33.203  79.002 0.0000000000
58599  -10.415  -32.977  76.912 0.0000000000
58598  -9.435  -33.298  76.846 0.0000000000
54967  -7.862  -35.312  77.789 0.0000000000
56167  -8.175  -34.910  78.073 0.0000000000
56174  -7.983  -34.670  77.709 0.0000000000
58596  -7.827  -33.739  76.422 0.0000000000
57359  -8.098  -33.846  77.037 0.0000000000
58610  -8.609  -33.096  75.822 0.0000000000
58624  -8.722  -32.533  74.984 0.0000000000
58623  -7.676  -32.655  74.850 0.0000000000
58621  -6.487  -33.702  75.065 0.0000000000
58634  -6.653  -32.651  74.029 0.0000000000
58646  -7.407  -32.007  73.001 0.0000000000
58644  -6.060  -32.979  73.068 0.0000000000
57389  -5.713  -33.980  73.556 0.0000000000
55030  -5.803  -35.125  73.548 0.0000000000
55029  -5.538  -35.027  73.019 0.0000000000
55044  -5.685  -35.169  72.857 0.0000000000
55061  -5.443  -35.304  72.220 0.0000000000
53882  -6.852  -35.882  72.340 0.0000000000
51553  -7.951  -37.706  74.283 0.0000000000
52696  -7.912  -36.909  74.389 0.0000000000
52733  -8.314  -37.137  71.725 0.0000000000
53899  -7.540  -36.470  72.038 0.0000000000
52748  -8.430  -37.132  70.844 0.0000000000
50476  -7.407  -39.757  69.621 0.0000000000
50477  -8.206  -39.121  69.657 0.0000000000
50490  -8.364  -39.457  68.700 0.0000000000
47190  -5.259  -42.814  74.247 0.0000000000
46098  -4.112  -43.334  73.105 0.0000000000
44809  -3.933  -44.245  73.496 0.0000000000
47206  -4.928  -42.738  73.668 0.0000000000
48258  -5.061  -42.181  73.354 0.0000000000
48291  -4.957  -42.118  71.838 0.0000000000
49371  -5.384  -41.418  72.040 0.0000000000
48306  -5.095  -42.423  70.737 0.0000000000
49413  -5.257  -41.987  69.978 0.0000000000
49414  -5.588  -41.510  69.914 0.0000000000
50487  -5.744  -41.301  69.399 0.0000000000
49433  -5.529  -41.693  69.000 0.0000000000
49453  -6.050  -41.514  67.888 0.0000000000
49454  -6.693  -41.189  67.483 0.0000000000
50520  -7.023  -41.028  67.254 0.0000000000
49476  -6.885  -41.312  66.814 0.0000000000
49477  -7.356  -40.944  66.146 0.0000000000
58642  -38.795  -31.449  73.244 0.0000000000
58632  -38.692  -32.044  73.173 0.0000000000
57386  -38.607  -32.554  73.394 0.0000000000
55110  -37.412  -34.026  70.192 0.0000000000
56250  -37.726  -33.618  70.484 0.0000000000
53925  -36.142  -35.246  70.768 0.0000000000
53941  -35.999  -35.064  69.931 0.0000000000
52743  -36.283  -35.817  72.813 0.0000000000
55056  -37.717  -34.442  73.306 0.0000000000
83429  -48.309  -10.309  59.185 0.0000000000
84554  -48.312  -9.196  59.066 0.0000000000
85691  -48.949  -7.793  58.984 0.0000000000
73626  -42.145  -18.396  66.190 0.0000000000
73613  -42.754  -17.990  67.556 0.0000000000
71375  -39.116  -19.801  65.495 0.0000000000
72483  -39.518  -19.330  65.125 0.0000000000
72501  -39.967  -18.953  64.822 0.0000000000
72503  -41.177  -18.580  65.065 0.0000000000
52826  -9.647  -37.089  66.673 0.0000000000
51673  -9.671  -38.402  65.726 0.0000000000
50568  -8.746  -39.913  64.561 0.0000000000
48181  -10.522  -40.100  76.641 0.0000000000
48163  -10.217  -40.184  77.333 0.0000000000
46043  -9.808  -41.523  75.984 0.0000000000
67813  -37.779  -26.263  69.697 0.0000000000
67811  -36.885  -24.742  70.097 0.0000000000
67810  -36.571  -23.949  70.298 0.0000000000
67793  -37.175  -24.006  71.053 0.0000000000
68888  -37.094  -23.337  71.187 0.0000000000
52654  -31.179  -37.083  77.142 0.0000000000
52813  -29.539  -34.546  68.697 0.0000000000
89023  -52.453  -5.581  54.449 0.0000000000
89029  -52.987  -5.540  53.677 0.0000000000
90115  -54.343  -4.502  53.962 0.0000000000
59826  -6.036  -32.343  71.173 0.0000000000
58674  -5.785  -32.461  71.067 0.0000000000
77987  -49.434  -15.275  61.722 0.0000000000
74768  -45.165  -17.203  60.528 0.0000000000
74787  -44.511  -17.350  59.376 0.0000000000
74789  -45.502  -17.075  60.191 0.0000000000
75830  -45.641  -16.932  59.484 0.0000000000
76909  -46.333  -16.602  59.158 0.0000000000
76924  -46.339  -16.539  58.919 0.0000000000
76910  -46.664  -16.412  59.416 0.0000000000
54971  -16.733  -34.334  78.828 0.0000000000
53852  -24.526  -34.508  75.751 0.0000000000
68924  -8.083  -24.164  66.952 0.0000000000
68940  -7.879  -24.348  66.276 0.0000000000
65572  -4.181  -27.028  70.973 0.0000000000
65591  -4.336  -26.596  70.691 0.0000000000
63330  -4.475  -28.875  68.683 0.0000000000
56382  -6.928  -33.920  60.791 0.0000000000
56403  -5.348  -33.658  59.626 0.0000000000
59756  -12.674  -32.436  77.461 0.0000000000
50414  -7.358  -39.705  76.239 0.0000000000
51511  -7.765  -38.658  76.642 0.0000000000
51522  -7.165  -39.439  75.390 0.0000000000
51535  -7.037  -39.411  74.838 0.0000000000
50426  -5.413  -41.241  73.542 0.0000000000
59856  -38.466  -31.046  70.681 0.0000000000
59861  -38.098  -31.008  69.699 0.0000000000
62186  -38.419  -29.499  70.384 0.0000000000
63310  -38.441  -28.747  70.570 0.0000000000
63288  -38.556  -28.547  71.411 0.0000000000
53999  -35.278  -34.925  66.872 0.0000000000
51640  -34.206  -36.184  71.279 0.0000000000
51627  -34.511  -36.738  71.653 0.0000000000
51639  -33.732  -36.116  70.890 0.0000000000
51647  -32.732  -35.734  70.148 0.0000000000
52795  -32.332  -35.612  69.924 0.0000000000
52796  -32.945  -35.562  69.676 0.0000000000
87893  -49.797  -6.138  57.347 0.0000000000
87897  -49.609  -6.406  56.397 0.0000000000
87898  -50.371  -5.868  56.345 0.0000000000
87899  -51.191  -5.549  56.404 0.0000000000
73662  -41.823  -17.891  62.981 0.0000000000
73663  -42.831  -17.817  62.579 0.0000000000
73664  -43.695  -17.626  62.400 0.0000000000
74751  -44.224  -17.594  62.551 0.0000000000
57456  -5.611  -32.971  67.383 0.0000000000
56309  -6.722  -33.502  66.701 0.0000000000
54045  -9.478  -36.630  63.526 0.0000000000
54044  -9.323  -36.046  63.415 0.0000000000
54060  -9.029  -36.168  62.288 0.0000000000
55234  -8.601  -35.466  61.822 0.0000000000
56142  -12.187  -34.242  81.066 0.0000000000
57303  -11.811  -34.101  81.014 0.0000000000
54926  -11.723  -34.673  80.829 0.0000000000
53753  -10.983  -35.691  80.434 0.0000000000
52627  -10.305  -36.776  79.915 0.0000000000
47116  -8.975  -40.747  77.971 0.0000000000
49252  -9.212  -39.510  78.293 0.0000000000
48131  -9.008  -40.338  78.153 0.0000000000
49260  -7.792  -39.951  77.081 0.0000000000
50406  -7.994  -39.694  77.213 0.0000000000
48161  -7.556  -40.545  76.763 0.0000000000
48160  -7.077  -40.965  76.265 0.0000000000
72441  -40.101  -19.565  69.253 0.0000000000
66763  -36.856  -27.186  66.843 0.0000000000
71315  -36.348  -21.952  69.186 0.0000000000
71333  -36.489  -21.498  68.175 0.0000000000
71334  -37.423  -21.241  67.808 0.0000000000
71354  -37.566  -21.181  66.778 0.0000000000
71318  -39.030  -20.857  68.188 0.0000000000
51540  -27.721  -36.367  75.891 0.0000000000
52700  -26.807  -35.837  74.844 0.0000000000
51545  -31.064  -38.032  75.136 0.0000000000
51572  -30.254  -37.090  73.765 0.0000000000
53906  -27.046  -34.894  72.419 0.0000000000
53922  -25.432  -33.896  70.896 0.0000000000
55108  -25.372  -33.856  70.446 0.0000000000
55134  -25.032  -33.564  69.145 0.0000000000
84638  -51.723  -8.273  50.877 0.0000000000
62136  -4.632  -29.174  71.305 0.0000000000
62154  -4.375  -29.686  70.973 0.0000000000
59843  -3.858  -31.309  69.847 0.0000000000
59860  -3.826  -31.530  69.356 0.0000000000
57434  -4.491  -33.157  68.911 0.0000000000
53913  -5.555  -34.568  70.050 0.0000000000
53930  -5.532  -34.309  69.577 0.0000000000
53931  -5.656  -34.723  69.625 0.0000000000
53951  -6.990  -35.466  68.997 0.0000000000
52765  -8.699  -36.787  69.574 0.0000000000
82355  -50.169  -11.381  60.535 0.0000000000
83418  -50.763  -10.517  61.198 0.0000000000
79094  -47.583  -14.530  58.720 0.0000000000
79082  -47.677  -14.045  58.644 0.0000000000
80172  -47.735  -13.483  58.580 0.0000000000
81288  -48.360  -12.734  58.943 0.0000000000
56145  -14.468  -34.068  81.109 0.0000000000
53758  -14.753  -34.623  79.326 0.0000000000
53757  -14.019  -34.857  79.574 0.0000000000
53763  -13.959  -35.120  79.038 0.0000000000
53774  -13.064  -35.643  78.627 0.0000000000
52636  -12.374  -36.490  78.333 0.0000000000
51499  -12.086  -37.028  77.988 0.0000000000
50417  -11.878  -37.904  76.349 0.0000000000
56233  -20.586  -33.275  71.600 0.0000000000
55068  -18.771  -33.469  73.003 0.0000000000
55066  -16.752  -34.332  72.357 0.0000000000
55049  -16.940  -34.089  73.446 0.0000000000
55023  -17.308  -33.968  75.700 0.0000000000
55006  -16.405  -34.352  76.419 0.0000000000
55021  -14.947  -34.650  75.649 0.0000000000
53846  -14.163  -35.152  75.229 0.0000000000
51569  -12.831  -37.508  72.705 0.0000000000
50435  -12.078  -38.678  73.162 0.0000000000
50429  -12.069  -38.519  73.908 0.0000000000
67745  -6.172  -24.500  73.803 0.0000000000
67818  -4.273  -25.414  69.475 0.0000000000
67785  -4.922  -24.776  70.600 0.0000000000
67819  -4.358  -25.040  69.015 0.0000000000
67820  -5.163  -24.720  68.685 0.0000000000
58705  -5.964  -31.705  66.761 0.0000000000
59900  -6.509  -30.930  62.826 0.0000000000
61094  -6.476  -30.110  63.010 0.0000000000
63381  -6.530  -28.876  63.927 0.0000000000
63372  -6.481  -28.268  64.050 0.0000000000
63380  -6.289  -28.623  63.485 0.0000000000
63389  -6.050  -28.341  62.622 0.0000000000
57338  -10.427  -33.807  79.574 0.0000000000
58581  -10.703  -33.537  79.225 0.0000000000
57345  -10.015  -33.746  78.829 0.0000000000
57352  -9.061  -33.928  77.945 0.0000000000
56180  -7.554  -34.819  76.893 0.0000000000
56181  -7.763  -34.582  77.333 0.0000000000
57357  -7.495  -34.223  76.304 0.0000000000
58608  -7.180  -33.737  75.796 0.0000000000
58607  -6.740  -33.919  75.525 0.0000000000
57379  -5.964  -33.999  74.466 0.0000000000
57378  -5.736  -34.391  73.898 0.0000000000
57365  -6.059  -34.480  74.544 0.0000000000
55017  -5.999  -35.133  74.178 0.0000000000
55046  -6.923  -35.416  73.831 0.0000000000
51568  -8.135  -37.987  73.414 0.0000000000
51567  -7.576  -38.960  72.964 0.0000000000
51585  -7.923  -39.045  72.010 0.0000000000
51600  -8.063  -39.098  71.445 0.0000000000
50453  -8.105  -39.126  70.993 0.0000000000
50475  -6.522  -40.439  69.729 0.0000000000
44827  -3.861  -44.259  72.788 0.0000000000
46111  -4.105  -43.370  72.472 0.0000000000
46122  -4.132  -43.233  71.702 0.0000000000
46132  -4.166  -43.442  70.834 0.0000000000
48347  -5.414  -42.102  68.643 0.0000000000
56287  -36.684  -33.275  67.343 0.0000000000
55149  -36.792  -33.208  68.056 0.0000000000
56275  -37.096  -32.932  68.588 0.0000000000
58683  -37.825  -32.313  69.982 0.0000000000
57421  -37.799  -32.889  70.218 0.0000000000
58675  -38.065  -32.445  70.727 0.0000000000
58676  -38.058  -31.768  70.310 0.0000000000
61018  -38.654  -30.130  72.093 0.0000000000
52798  -34.186  -35.465  69.527 0.0000000000
52820  -34.637  -35.071  68.515 0.0000000000
53959  -35.744  -34.858  69.128 0.0000000000
53978  -35.695  -34.588  68.032 0.0000000000
54001  -36.285  -33.970  67.016 0.0000000000
52725  -35.617  -37.111  72.211 0.0000000000
52742  -35.878  -36.225  72.561 0.0000000000
52741  -35.605  -36.566  72.098 0.0000000000
52758  -34.672  -36.085  71.404 0.0000000000
88963  -51.201  -5.255  58.776 0.0000000000
88979  -52.294  -4.611  58.908 0.0000000000
84563  -46.441  -9.825  57.126 0.0000000000
84573  -46.286  -9.364  56.054 0.0000000000
86811  -49.103  -6.747  57.211 0.0000000000
87880  -50.784  -5.518  58.400 0.0000000000
74715  -45.471  -17.684  66.859 0.0000000000
73621  -43.461  -17.827  66.233 0.0000000000
72537  -38.154  -19.570  63.026 0.0000000000
73658  -37.787  -19.347  62.419 0.0000000000
72539  -39.633  -18.718  63.794 0.0000000000
72521  -40.571  -18.557  64.372 0.0000000000
73644  -40.910  -18.375  64.063 0.0000000000
54005  -7.350  -34.805  66.935 0.0000000000
54006  -7.812  -35.187  66.287 0.0000000000
54028  -9.556  -36.510  64.139 0.0000000000
52864  -9.598  -37.319  63.389 0.0000000000
52881  -8.521  -38.093  62.043 0.0000000000
51736  -8.282  -38.877  61.968 0.0000000000
49546  -7.821  -40.473  62.691 0.0000000000
50596  -8.136  -40.384  63.196 0.0000000000
48430  -6.609  -41.841  62.745 0.0000000000
51495  -11.172  -37.702  78.958 0.0000000000
51490  -10.791  -37.440  79.528 0.0000000000
50399  -10.878  -38.046  78.993 0.0000000000
49254  -10.179  -39.165  78.224 0.0000000000
48133  -9.788  -39.735  78.135 0.0000000000
48162  -9.849  -40.623  77.397 0.0000000000
48147  -9.133  -40.529  78.121 0.0000000000
47147  -9.109  -41.183  77.286 0.0000000000
72432  -38.472  -20.590  70.415 0.0000000000
72431  -37.776  -20.757  70.831 0.0000000000
63361  -38.214  -29.092  67.150 0.0000000000
64517  -38.033  -28.611  66.892 0.0000000000
64501  -38.062  -28.099  67.376 0.0000000000
67831  -37.734  -26.572  68.906 0.0000000000
66739  -37.439  -26.761  68.252 0.0000000000
66752  -37.108  -27.007  67.548 0.0000000000
66751  -36.684  -26.661  67.249 0.0000000000
67862  -35.689  -25.431  67.017 0.0000000000
67844  -35.577  -24.095  68.327 0.0000000000
68917  -35.965  -23.476  69.245 0.0000000000
68900  -36.192  -23.415  69.818 0.0000000000
70123  -36.018  -22.876  69.291 0.0000000000
51516  -29.189  -36.632  76.331 0.0000000000
51622  -31.278  -36.242  71.276 0.0000000000
51606  -30.753  -36.400  72.147 0.0000000000
51621  -30.567  -36.203  71.458 0.0000000000
52791  -28.848  -34.594  69.157 0.0000000000
52771  -28.196  -34.715  69.919 0.0000000000
53957  -27.589  -34.449  69.213 0.0000000000
53956  -26.771  -34.327  69.165 0.0000000000
84615  -51.104  -7.982  51.394 0.0000000000
86834  -52.266  -7.275  51.985 0.0000000000
85745  -51.580  -7.747  51.134 0.0000000000
85746  -52.032  -7.479  51.008 0.0000000000
86850  -52.415  -7.225  50.692 0.0000000000
86856  -52.860  -7.020  50.287 0.0000000000
86851  -53.096  -6.859  50.555 0.0000000000
87930  -53.914  -6.159  51.271 0.0000000000
89038  -54.473  -5.258  52.256 0.0000000000
57419  -4.953  -33.335  70.498 0.0000000000
57420  -5.322  -33.386  71.157 0.0000000000
56242  -5.343  -34.005  70.645 0.0000000000
55099  -5.360  -34.616  70.688 0.0000000000
55100  -5.268  -35.087  70.901 0.0000000000
53896  -5.430  -35.432  70.811 0.0000000000
80167  -49.968  -13.432  60.320 0.0000000000
73736  -44.063  -17.534  58.808 0.0000000000
73753  -43.304  -17.705  58.016 0.0000000000
76942  -46.038  -16.015  58.047 0.0000000000
76926  -47.097  -15.456  58.727 0.0000000000
78011  -47.474  -14.940  58.778 0.0000000000
56147  -16.463  -33.600  81.112 0.0000000000
53792  -13.869  -35.316  77.961 0.0000000000
55118  -17.311  -34.223  69.856 0.0000000000
55103  -17.156  -34.272  70.536 0.0000000000
53921  -16.647  -34.575  70.756 0.0000000000
53903  -16.657  -34.508  71.180 0.0000000000
55084  -16.500  -34.574  71.571 0.0000000000
55065  -16.033  -34.837  72.046 0.0000000000
53885  -15.312  -35.198  72.582 0.0000000000
52721  -13.841  -36.494  72.329 0.0000000000
66683  -4.828  -25.638  72.791 0.0000000000
67758  -4.703  -25.284  71.894 0.0000000000
66711  -4.467  -25.614  70.536 0.0000000000
66710  -4.494  -25.988  70.326 0.0000000000
66723  -4.429  -25.734  69.786 0.0000000000
66733  -4.535  -25.740  69.247 0.0000000000
64496  -5.564  -27.363  67.371 0.0000000000
57492  -7.535  -32.888  63.505 0.0000000000
58747  -6.507  -32.380  61.189 0.0000000000
58735  -6.418  -31.782  61.560 0.0000000000
59908  -6.369  -31.078  61.923 0.0000000000
59916  -5.868  -31.355  61.215 0.0000000000
59915  -5.331  -30.875  60.920 0.0000000000
59790  -13.633  -31.323  74.666 0.0000000000
59789  -12.674  -31.515  74.551 0.0000000000
59773  -10.858  -32.358  75.412 0.0000000000
53772  -8.277  -36.276  78.327 0.0000000000
54980  -7.866  -35.906  77.638 0.0000000000
53789  -7.886  -36.611  77.134 0.0000000000
54979  -7.655  -35.611  77.244 0.0000000000
53809  -7.568  -35.617  76.234 0.0000000000
53827  -7.633  -36.174  76.003 0.0000000000
55020  -7.623  -35.857  75.515 0.0000000000
52672  -7.674  -36.656  75.667 0.0000000000
51537  -7.730  -38.217  74.751 0.0000000000
51551  -6.934  -39.465  74.111 0.0000000000
51566  -7.035  -39.386  73.492 0.0000000000
50450  -5.936  -40.489  71.894 0.0000000000
59888  -37.684  -30.741  66.034 0.0000000000
61082  -37.861  -30.255  66.323 0.0000000000
57451  -37.554  -31.672  66.950 0.0000000000
59866  -37.940  -30.927  68.661 0.0000000000
58691  -37.716  -31.438  68.176 0.0000000000
58698  -37.704  -31.301  67.295 0.0000000000
61075  -38.014  -30.250  67.185 0.0000000000
64489  -38.435  -27.733  68.786 0.0000000000
65612  -38.349  -27.131  69.769 0.0000000000
64465  -38.553  -27.491  70.189 0.0000000000
65601  -38.446  -27.025  70.391 0.0000000000
66716  -38.286  -26.552  70.456 0.0000000000
66705  -38.609  -25.992  71.244 0.0000000000
51546  -32.077  -38.056  74.958 0.0000000000
51574  -31.952  -37.232  73.455 0.0000000000
51577  -34.026  -38.101  73.170 0.0000000000
51611  -34.142  -37.152  72.037 0.0000000000
51610  -33.497  -36.857  72.110 0.0000000000
51593  -33.020  -37.197  72.618 0.0000000000
52793  -30.753  -35.202  69.640 0.0000000000
52794  -31.582  -35.424  69.753 0.0000000000
86819  -49.392  -7.245  55.191 0.0000000000
85713  -49.245  -7.580  54.569 0.0000000000
85719  -49.509  -7.733  53.933 0.0000000000
86826  -51.124  -7.130  53.804 0.0000000000
87909  -51.810  -6.300  54.191 0.0000000000
87905  -51.948  -5.761  54.866 0.0000000000
90081  -53.397  -4.493  55.752 0.0000000000
76883  -47.008  -16.434  61.575 0.0000000000
76884  -47.931  -16.073  61.872 0.0000000000
74735  -46.061  -17.489  65.124 0.0000000000
73678  -43.956  -17.327  61.493 0.0000000000
74757  -44.614  -17.237  61.016 0.0000000000
74759  -45.653  -17.014  61.194 0.0000000000
75815  -46.151  -16.812  61.291 0.0000000000
55090  -23.171  -33.488  72.228 0.0000000000
56234  -21.816  -33.424  71.811 0.0000000000
56245  -19.221  -33.096  70.406 0.0000000000
56244  -18.495  -33.411  70.317 0.0000000000
55119  -17.973  -33.762  69.744 0.0000000000
68907  -8.174  -24.253  67.958 0.0000000000
68923  -7.379  -24.366  66.715 0.0000000000
67854  -6.953  -24.534  66.201 0.0000000000
61058  -4.065  -30.328  68.789 0.0000000000
59877  -5.062  -31.446  67.815 0.0000000000
58713  -6.465  -32.239  66.285 0.0000000000
55174  -7.768  -34.717  65.826 0.0000000000
55192  -7.573  -34.178  65.905 0.0000000000
56325  -7.598  -33.810  65.328 0.0000000000
57493  -7.904  -33.477  62.820 0.0000000000
56383  -7.553  -34.533  60.994 0.0000000000
56384  -7.978  -35.303  61.234 0.0000000000
55267  -6.298  -35.660  60.415 0.0000000000
58576  -12.138  -33.098  79.740 0.0000000000
58575  -11.334  -33.444  79.885 0.0000000000
57318  -11.454  -33.992  80.704 0.0000000000
57330  -11.217  -33.781  80.321 0.0000000000
57339  -10.899  -33.705  79.979 0.0000000000
57328  -10.052  -34.213  79.752 0.0000000000
56153  -9.329  -35.013  79.847 0.0000000000
54955  -8.513  -35.475  79.058 0.0000000000
51489  -10.342  -37.499  79.575 0.0000000000
52626  -9.723  -36.849  79.629 0.0000000000
51494  -9.378  -38.354  78.787 0.0000000000
51487  -9.431  -37.440  79.258 0.0000000000
53750  -8.862  -36.359  79.378 0.0000000000
54938  -8.611  -35.891  79.274 0.0000000000
53760  -8.350  -35.936  78.796 0.0000000000
49291  -6.194  -41.080  75.192 0.0000000000
72459  -41.042  -18.799  67.405 0.0000000000
63366  -37.780  -28.890  65.843 0.0000000000
63374  -37.670  -29.008  65.516 0.0000000000
65678  -37.338  -28.197  65.403 0.0000000000
71355  -38.461  -20.887  66.500 0.0000000000
52676  -26.269  -35.504  76.315 0.0000000000
53853  -25.439  -35.127  75.939 0.0000000000
53886  -24.214  -34.122  73.205 0.0000000000
51509  -31.007  -37.353  76.861 0.0000000000
51530  -30.774  -37.746  75.955 0.0000000000
51518  -30.563  -37.335  76.444 0.0000000000
51570  -28.549  -36.654  74.522 0.0000000000
51555  -28.249  -36.615  75.193 0.0000000000
55073  -24.296  -34.014  72.846 0.0000000000
87946  -53.223  -6.643  49.099 0.0000000000
87947  -54.256  -6.014  48.789 0.0000000000
89073  -55.145  -5.115  47.049 0.0000000000
65546  -5.031  -26.780  73.065 0.0000000000
65561  -4.671  -26.722  72.387 0.0000000000
64426  -4.192  -27.474  71.163 0.0000000000
63276  -4.436  -28.562  71.646 0.0000000000
61046  -3.668  -30.378  69.084 0.0000000000
61057  -3.900  -30.956  68.757 0.0000000000
59870  -4.484  -31.521  68.492 0.0000000000
58702  -5.050  -31.865  68.212 0.0000000000
58696  -4.651  -32.225  68.585 0.0000000000
57455  -5.233  -32.964  67.897 0.0000000000
56294  -5.728  -33.443  67.711 0.0000000000
55171  -6.286  -33.739  67.594 0.0000000000
55155  -6.591  -34.156  67.645 0.0000000000
56267  -4.816  -33.624  69.160 0.0000000000
53947  -5.446  -34.206  69.254 0.0000000000
55129  -5.401  -34.184  68.966 0.0000000000
55141  -5.554  -34.068  68.562 0.0000000000
52807  -9.498  -37.280  67.235 0.0000000000
51655  -9.346  -38.177  67.466 0.0000000000
50506  -8.806  -39.315  67.563 0.0000000000
76885  -48.868  -15.777  62.262 0.0000000000
73612  -41.905  -18.347  67.755 0.0000000000
73601  -42.484  -18.006  68.205 0.0000000000
78027  -45.357  -15.352  57.084 0.0000000000
79092  -46.658  -14.622  57.906 0.0000000000
79110  -45.604  -14.408  56.987 0.0000000000
80199  -46.006  -13.719  57.100 0.0000000000
81316  -45.872  -12.834  57.049 0.0000000000
82366  -47.483  -11.342  58.481 0.0000000000
82367  -48.309  -11.524  59.032 0.0000000000
57305  -12.699  -33.825  81.197 0.0000000000
54927  -12.285  -34.651  80.878 0.0000000000
53755  -12.193  -35.805  79.889 0.0000000000
54929  -13.919  -34.504  80.569 0.0000000000
53749  -13.731  -34.856  80.039 0.0000000000
53748  -13.062  -35.061  80.265 0.0000000000
52630  -11.723  -36.603  79.378 0.0000000000
51492  -11.468  -37.162  79.064 0.0000000000
50405  -11.169  -37.897  78.370 0.0000000000
49264  -10.998  -38.748  77.483 0.0000000000
51502  -11.637  -37.535  77.746 0.0000000000
49282  -10.918  -39.455  76.756 0.0000000000
48182  -10.851  -39.705  76.355 0.0000000000
55054  -22.447  -33.879  74.124 0.0000000000
55040  -22.056  -33.891  74.821 0.0000000000
55070  -20.944  -33.422  73.152 0.0000000000
55039  -21.446  -33.866  74.784 0.0000000000
53848  -20.242  -33.948  75.690 0.0000000000
53832  -20.087  -34.017  76.482 0.0000000000
53831  -19.415  -34.082  76.825 0.0000000000
53814  -19.429  -34.205  77.409 0.0000000000
53777  -18.924  -34.191  79.055 0.0000000000
54972  -17.592  -34.288  78.963 0.0000000000
54981  -15.671  -34.500  77.917 0.0000000000
52660  -13.074  -36.135  76.574 0.0000000000
53857  -14.473  -35.291  74.246 0.0000000000
52688  -13.885  -35.536  74.598 0.0000000000
52697  -13.244  -36.583  73.830 0.0000000000
53845  -13.441  -35.780  75.541 0.0000000000
52673  -12.598  -36.734  76.531 0.0000000000
50421  -11.943  -38.178  75.684 0.0000000000
49304  -11.841  -38.963  74.479 0.0000000000
49303  -11.513  -39.357  75.031 0.0000000000
67744  -5.501  -24.852  73.329 0.0000000000
67760  -6.110  -24.449  72.508 0.0000000000
67761  -6.802  -24.329  71.871 0.0000000000
68889  -6.387  -24.273  68.988 0.0000000000
67821  -5.851  -24.583  68.253 0.0000000000
67804  -6.303  -24.369  68.596 0.0000000000
67822  -6.537  -24.461  67.922 0.0000000000
67869  -6.482  -24.900  65.616 0.0000000000
62192  -4.642  -29.139  68.478 0.0000000000
62204  -5.122  -29.230  68.090 0.0000000000
61072  -5.540  -30.119  67.509 0.0000000000
62211  -5.562  -29.358  67.748 0.0000000000
63343  -5.319  -28.204  67.888 0.0000000000
61081  -6.868  -30.165  65.729 0.0000000000
62220  -6.869  -29.378  65.910 0.0000000000
63355  -6.410  -28.469  66.770 0.0000000000
65657  -6.094  -26.537  65.801 0.0000000000
66767  -6.317  -25.693  65.347 0.0000000000
66768  -6.625  -25.312  65.141 0.0000000000
66783  -6.939  -25.688  64.486 0.0000000000
65700  -6.796  -26.712  62.994 0.0000000000
64548  -6.299  -27.694  62.604 0.0000000000
64556  -6.470  -27.618  62.004 0.0000000000
59828  -7.815  -31.740  71.790 0.0000000000
58601  -12.087  -32.403  77.065 0.0000000000
58590  -11.288  -32.953  77.961 0.0000000000
58626  -10.392  -32.335  75.189 0.0000000000
57335  -8.628  -34.594  78.316 0.0000000000
57343  -8.873  -34.252  78.171 0.0000000000
58587  -8.816  -33.784  77.503 0.0000000000
57350  -8.018  -34.229  77.353 0.0000000000
58611  -9.592  -32.906  75.837 0.0000000000
59785  -8.777  -32.044  74.283 0.0000000000
59797  -8.035  -31.849  73.661 0.0000000000
59812  -8.064  -31.785  72.834 0.0000000000
58660  -7.544  -31.905  72.449 0.0000000000
57412  -5.713  -33.265  72.455 0.0000000000
57398  -5.530  -34.127  72.755 0.0000000000
57388  -5.659  -34.469  73.213 0.0000000000
57397  -5.533  -34.639  72.677 0.0000000000
56221  -5.365  -34.786  72.274 0.0000000000
55082  -5.675  -35.598  71.873 0.0000000000
53897  -5.854  -35.776  71.193 0.0000000000
55033  -7.648  -35.730  74.973 0.0000000000
55047  -7.540  -35.717  74.293 0.0000000000
55064  -7.427  -35.763  73.654 0.0000000000
53883  -7.663  -36.212  73.069 0.0000000000
53898  -6.747  -35.990  71.473 0.0000000000
53918  -8.247  -36.613  70.480 0.0000000000
52749  -8.630  -36.934  70.219 0.0000000000
51632  -9.043  -37.558  69.511 0.0000000000
50464  -8.400  -38.749  70.404 0.0000000000
51631  -8.847  -38.464  69.661 0.0000000000
49290  -5.695  -41.698  74.717 0.0000000000
49301  -5.607  -41.605  74.407 0.0000000000
49312  -5.452  -41.461  73.873 0.0000000000
50431  -5.383  -41.077  73.224 0.0000000000
48276  -4.830  -42.156  72.742 0.0000000000
50449  -5.598  -40.874  72.215 0.0000000000
50460  -5.702  -41.080  71.614 0.0000000000
50474  -5.984  -41.096  69.842 0.0000000000
49434  -5.904  -41.285  68.506 0.0000000000
50503  -6.168  -41.125  68.287 0.0000000000
47325  -6.167  -42.662  64.239 0.0000000000
47115  -8.858  -40.777  77.893 0.0000000000
47130  -8.552  -40.816  77.535 0.0000000000
47131  -8.973  -41.003  77.608 0.0000000000
47132  -9.318  -40.845  77.637 0.0000000000
48130  -8.597  -40.055  77.830 0.0000000000
48146  -8.546  -40.393  77.700 0.0000000000
48148  -9.798  -40.216  77.838 0.0000000000
48149  -10.212  -39.770  77.765 0.0000000000
48202  -10.640  -40.081  76.144 0.0000000000
49293  -11.497  -38.933  75.725 0.0000000000
49452  -5.572  -41.902  68.409 0.0000000000
50396  -9.996  -38.044  79.330 0.0000000000
50402  -9.968  -38.397  79.181 0.0000000000
50403  -10.398  -38.522  78.749 0.0000000000
50598  -9.126  -39.530  63.712 0.0000000000
51491  -11.159  -37.425  79.281 0.0000000000
51525  -27.712  -36.533  76.045 0.0000000000
51594  -33.682  -37.609  72.499 0.0000000000
51604  -29.357  -36.081  72.204 0.0000000000
51617  -8.894  -37.243  69.927 0.0000000000
51635  -31.512  -35.993  70.770 0.0000000000
51656  -9.586  -37.605  66.989 0.0000000000
52625  -9.220  -37.012  79.272 0.0000000000
52635  -11.947  -36.825  78.616 0.0000000000
52674  -12.951  -36.371  75.886 0.0000000000
52722  -26.994  -35.375  73.271 0.0000000000
52736  -14.836  -36.001  71.179 0.0000000000
52756  -30.413  -35.898  71.000 0.0000000000
52883  -9.445  -37.468  62.914 0.0000000000
53759  -8.504  -36.402  78.842 0.0000000000
53826  -7.546  -35.641  75.978 0.0000000000
53828  -7.633  -36.199  75.721 0.0000000000
53844  -7.740  -36.325  75.346 0.0000000000
53856  -7.863  -36.329  74.729 0.0000000000
53869  -7.885  -36.258  73.987 0.0000000000
53890  -36.785  -35.493  72.874 0.0000000000
53940  -27.648  -34.538  69.817 0.0000000000
53948  -5.587  -34.441  69.192 0.0000000000
54925  -11.240  -34.864  80.695 0.0000000000
54954  -8.427  -35.908  79.030 0.0000000000
54969  -8.309  -35.525  78.537 0.0000000000
55003  -7.541  -35.680  75.732 0.0000000000
55004  -7.606  -35.963  75.797 0.0000000000
55031  -6.382  -35.252  74.050 0.0000000000
55045  -6.243  -35.290  73.328 0.0000000000
55062  -6.091  -35.478  72.512 0.0000000000
55083  -16.052  -34.903  71.488 0.0000000000
55089  -22.482  -33.463  72.138 0.0000000000
55092  -37.236  -34.688  71.458 0.0000000000
55101  -6.731  -35.845  70.188 0.0000000000
55102  -7.026  -35.846  70.402 0.0000000000
55116  -6.963  -35.765  70.101 0.0000000000
55140  -5.182  -33.863  68.812 0.0000000000
56141  -11.601  -34.301  80.823 0.0000000000
56156  -11.184  -34.300  80.570 0.0000000000
56162  -9.574  -34.587  79.692 0.0000000000
56166  -7.910  -34.963  77.833 0.0000000000
56179  -7.472  -34.948  76.410 0.0000000000
56195  -5.974  -34.867  74.380 0.0000000000
56207  -5.586  -34.959  73.377 0.0000000000
56208  -5.660  -35.054  73.916 0.0000000000
56215  -5.529  -34.949  72.778 0.0000000000
56220  -38.490  -33.149  73.273 0.0000000000
56230  -5.281  -34.408  71.543 0.0000000000
56236  -37.634  -34.180  71.102 0.0000000000
56364  -8.296  -34.783  61.650 0.0000000000
57304  -12.053  -33.930  81.090 0.0000000000
57317  -10.961  -34.152  80.397 0.0000000000
57319  -11.931  -33.739  80.816 0.0000000000
57321  -13.052  -33.499  81.015 0.0000000000
57329  -10.663  -33.976  80.102 0.0000000000
57331  -11.641  -33.694  80.541 0.0000000000
57337  -9.852  -33.946  79.038 0.0000000000
57342  -8.388  -34.440  77.865 0.0000000000
57349  -7.714  -34.339  76.943 0.0000000000
57353  -9.572  -33.759  78.229 0.0000000000
57364  -5.714  -34.658  74.073 0.0000000000
57367  -6.996  -34.077  75.782 0.0000000000
57377  -5.660  -34.718  73.555 0.0000000000
57387  -5.664  -34.816  73.061 0.0000000000
57410  -5.374  -34.381  72.237 0.0000000000
57414  -38.267  -32.491  71.418 0.0000000000
57428  -37.537  -31.990  68.502 0.0000000000
58559  -12.271  -33.545  80.738 0.0000000000
58560  -12.734  -33.368  80.730 0.0000000000
58592  -13.044  -32.545  78.110 0.0000000000
58595  -7.589  -33.920  76.317 0.0000000000
58613  -11.236  -32.448  76.020 0.0000000000
58681  -4.154  -31.946  69.545 0.0000000000
58690  -4.353  -32.780  69.018 0.0000000000
58697  -5.020  -32.490  68.176 0.0000000000
58724  -37.522  -31.170  65.494 0.0000000000
61005  -3.453  -30.069  70.636 0.0000000000
61024  -3.663  -30.399  70.280 0.0000000000
62203  -4.704  -29.713  68.346 0.0000000000
62214  -38.228  -29.666  67.600 0.0000000000
62238  -5.996  -29.287  62.774 0.0000000000
62252  -5.907  -29.413  62.516 0.0000000000
63316  -4.611  -27.979  68.898 0.0000000000
63367  -37.931  -29.076  66.144 0.0000000000
63382  -37.492  -29.281  64.787 0.0000000000
64483  -4.647  -26.823  69.224 0.0000000000
64502  -38.326  -28.496  67.649 0.0000000000
64509  -6.624  -28.124  66.279 0.0000000000
64525  -37.860  -28.634  66.397 0.0000000000
65623  -38.381  -27.743  68.420 0.0000000000
66724  -4.401  -25.597  70.131 0.0000000000
66777  -37.040  -27.477  66.546 0.0000000000
67772  -4.601  -25.394  71.518 0.0000000000
67792  -36.824  -23.765  70.673 0.0000000000
67800  -4.259  -25.419  69.729 0.0000000000
67801  -4.335  -25.154  69.980 0.0000000000
67827  -35.739  -23.905  68.740 0.0000000000
68916  -35.684  -23.379  68.673 0.0000000000
71299  -36.622  -21.870  70.332 0.0000000000
71314  -36.038  -22.133  68.779 0.0000000000
72449  -40.751  -18.956  68.424 0.0000000000
73696  -44.161  -17.315  60.650 0.0000000000
73721  -44.135  -17.494  59.257 0.0000000000
74713  -43.644  -17.809  66.686 0.0000000000
74767  -44.670  -17.359  60.206 0.0000000000
74786  -44.150  -17.484  59.503 0.0000000000
74788  -45.250  -17.136  59.707 0.0000000000
74803  -44.535  -17.302  58.890 0.0000000000
74804  -44.987  -17.052  58.868 0.0000000000
75770  -46.132  -17.472  65.825 0.0000000000
75816  -46.701  -16.574  61.021 0.0000000000
75819  -46.106  -16.748  60.473 0.0000000000
75831  -45.841  -16.853  59.890 0.0000000000
75847  -45.923  -16.781  59.155 0.0000000000
75848  -46.213  -16.662  59.588 0.0000000000
75864  -46.119  -16.227  58.320 0.0000000000
76873  -46.731  -16.589  62.421 0.0000000000
76912  -48.056  -15.252  59.521 0.0000000000
79083  -47.951  -14.326  58.950 0.0000000000
80166  -49.435  -13.528  59.846 0.0000000000
83419  -51.203  -11.038  61.365 0.0000000000
83421  -48.935  -10.560  59.633 0.0000000000
84653  -51.235  -8.255  50.987 0.0000000000
85736  -51.486  -7.612  51.710 0.0000000000
85755  -51.726  -8.447  50.881 0.0000000000
87902  -49.516  -6.732  55.825 0.0000000000
88999  -53.157  -4.419  57.488 0.0000000000
89028  -52.362  -5.917  53.860 0.0000000000
90062  -53.077  -4.520  56.400 0.0000000000
