#!ascii label  , from subject MOT01 vox2ras=TkReg
1096
47191  -10.315  -41.147  74.676 0.0000000000
57561  -35.176  -33.176  60.889 0.0000000000
65737  -34.142  -27.350  60.734 0.0000000000
54012  -28.648  -34.199  66.917 0.0000000000
78071  -39.838  -15.386  52.807 0.0000000000
72637  -34.924  -19.362  56.606 0.0000000000
55166  -36.441  -33.644  66.497 0.0000000000
55223  -31.763  -34.285  64.173 0.0000000000
81315  -45.334  -12.570  56.515 0.0000000000
84583  -47.134  -8.344  55.034 0.0000000000
84605  -50.193  -8.138  52.274 0.0000000000
70182  -35.037  -21.706  64.789 0.0000000000
70241  -32.593  -22.546  59.533 0.0000000000
73671  -37.343  -19.298  62.034 0.0000000000
73732  -40.634  -17.957  58.810 0.0000000000
57459  -20.396  -32.760  66.878 0.0000000000
46021  -7.511  -42.207  76.521 0.0000000000
63427  -37.688  -29.195  60.589 0.0000000000
67880  -35.663  -25.839  65.827 0.0000000000
57512  -22.758  -33.131  62.804 0.0000000000
57533  -26.156  -32.995  61.185 0.0000000000
84693  -48.181  -9.211  46.194 0.0000000000
86855  -52.461  -7.200  50.078 0.0000000000
73815  -38.228  -17.720  55.192 0.0000000000
75885  -44.042  -17.020  56.504 0.0000000000
48278  -11.725  -39.948  71.437 0.0000000000
42440  -4.211  -45.940  73.870 0.0000000000
83462  -45.657  -9.853  55.794 0.0000000000
71420  -36.030  -20.495  62.718 0.0000000000
55195  -17.774  -35.172  65.355 0.0000000000
44746  -9.011  -42.356  75.716 0.0000000000
59965  -35.148  -30.987  58.234 0.0000000000
59933  -37.376  -31.744  60.395 0.0000000000
56332  -25.867  -32.580  65.101 0.0000000000
57514  -24.546  -32.913  62.479 0.0000000000
56352  -27.479  -32.403  64.085 0.0000000000
56374  -33.587  -34.665  62.148 0.0000000000
56391  -30.857  -33.434  61.451 0.0000000000
57557  -31.786  -32.274  59.635 0.0000000000
53991  -27.162  -34.207  67.802 0.0000000000
56301  -24.839  -32.918  66.514 0.0000000000
83546  -43.460  -10.798  49.337 0.0000000000
84660  -46.816  -9.488  47.334 0.0000000000
84637  -51.189  -8.637  51.070 0.0000000000
71460  -32.920  -21.343  58.172 0.0000000000
73768  -36.520  -18.345  56.272 0.0000000000
72618  -42.457  -17.861  57.693 0.0000000000
52789  -15.656  -35.828  69.088 0.0000000000
52736  -14.836  -36.001  71.179 0.0000000000
52707  -13.429  -36.953  72.966 0.0000000000
49396  -12.581  -39.165  70.053 0.0000000000
41304  -5.655  -46.798  73.028 0.0000000000
56357  -36.429  -34.396  63.512 0.0000000000
58729  -38.495  -32.052  63.891 0.0000000000
57461  -37.472  -31.547  66.601 0.0000000000
53996  -31.141  -34.386  67.432 0.0000000000
55202  -30.674  -33.816  65.432 0.0000000000
54017  -33.038  -35.252  66.396 0.0000000000
55205  -35.022  -36.229  64.357 0.0000000000
79130  -42.834  -14.235  54.633 0.0000000000
81340  -43.330  -12.122  54.056 0.0000000000
83494  -44.274  -9.822  52.759 0.0000000000
83496  -46.317  -9.159  52.114 0.0000000000
83530  -47.292  -8.902  50.379 0.0000000000
85718  -48.915  -7.960  53.982 0.0000000000
67928  -33.379  -24.595  62.751 0.0000000000
66840  -32.645  -25.089  60.630 0.0000000000
70217  -33.820  -21.762  62.298 0.0000000000
71438  -34.571  -20.507  61.203 0.0000000000
72576  -35.397  -19.200  60.055 0.0000000000
73729  -37.776  -17.752  58.594 0.0000000000
73691  -39.623  -18.074  60.810 0.0000000000
56270  -18.869  -33.567  68.616 0.0000000000
55142  -17.105  -34.855  67.492 0.0000000000
87973  -52.543  -6.185  45.042 0.0000000000
49270  -6.695  -41.251  75.993 0.0000000000
62313  -36.683  -29.830  57.888 0.0000000000
64574  -36.150  -28.351  60.820 0.0000000000
62254  -37.600  -29.790  63.915 0.0000000000
65691  -36.651  -28.072  64.223 0.0000000000
66807  -34.851  -26.361  63.551 0.0000000000
68965  -34.397  -23.838  65.597 0.0000000000
56369  -28.627  -32.435  63.060 0.0000000000
55144  -24.350  -33.149  68.485 0.0000000000
57482  -22.183  -32.632  64.811 0.0000000000
84649  -49.494  -8.530  49.661 0.0000000000
85786  -49.938  -7.550  48.456 0.0000000000
86885  -51.077  -6.797  47.007 0.0000000000
87955  -53.735  -6.219  48.326 0.0000000000
46112  -9.646  -42.918  71.480 0.0000000000
43645  -8.524  -43.566  73.077 0.0000000000
75909  -39.381  -17.140  54.029 0.0000000000
73793  -39.804  -17.947  56.519 0.0000000000
74844  -40.802  -17.757  55.570 0.0000000000
75910  -41.955  -16.469  55.192 0.0000000000
79109  -44.843  -14.805  56.667 0.0000000000
47226  -11.055  -40.782  72.406 0.0000000000
43616  -7.237  -44.121  74.123 0.0000000000
43593  -5.701  -44.245  74.746 0.0000000000
46070  -5.154  -43.583  74.176 0.0000000000
46059  -9.837  -41.631  75.177 0.0000000000
58764  -34.407  -32.097  59.787 0.0000000000
59931  -35.355  -31.840  59.726 0.0000000000
58766  -36.434  -32.443  60.577 0.0000000000
55198  -27.136  -33.267  65.963 0.0000000000
56333  -26.749  -32.818  65.202 0.0000000000
56334  -27.600  -32.815  65.023 0.0000000000
56394  -34.192  -34.043  61.608 0.0000000000
56393  -33.110  -33.976  61.410 0.0000000000
57559  -33.625  -32.747  60.117 0.0000000000
58762  -32.639  -31.968  59.357 0.0000000000
53976  -29.853  -34.453  68.118 0.0000000000
52812  -29.013  -34.438  68.558 0.0000000000
54011  -28.033  -34.237  67.037 0.0000000000
55180  -26.818  -33.522  66.367 0.0000000000
83566  -46.377  -9.426  48.184 0.0000000000
64586  -35.224  -28.173  59.702 0.0000000000
65751  -34.006  -27.410  59.739 0.0000000000
72611  -34.239  -20.364  58.142 0.0000000000
72635  -33.600  -20.777  56.278 0.0000000000
73767  -35.569  -18.994  55.906 0.0000000000
52787  -14.617  -37.157  68.099 0.0000000000
52768  -14.861  -36.149  69.583 0.0000000000
52767  -14.327  -37.033  69.238 0.0000000000
51618  -13.427  -37.815  70.325 0.0000000000
50492  -13.051  -39.166  68.548 0.0000000000
56337  -36.538  -33.963  64.549 0.0000000000
57486  -37.191  -32.665  64.838 0.0000000000
56303  -37.006  -32.521  66.411 0.0000000000
52833  -32.687  -35.100  68.245 0.0000000000
52844  -32.343  -34.846  67.496 0.0000000000
52834  -33.489  -35.136  67.916 0.0000000000
54000  -35.884  -34.423  66.539 0.0000000000
54019  -34.930  -35.834  66.125 0.0000000000
55185  -36.031  -34.869  65.194 0.0000000000
55227  -35.622  -35.130  63.430 0.0000000000
80209  -44.223  -13.597  55.592 0.0000000000
80217  -43.292  -13.138  54.530 0.0000000000
81331  -44.348  -12.636  55.274 0.0000000000
84582  -46.123  -9.092  55.004 0.0000000000
83471  -44.758  -10.206  54.617 0.0000000000
84591  -45.923  -9.311  54.269 0.0000000000
83495  -45.266  -9.463  52.372 0.0000000000
83484  -46.854  -8.903  52.856 0.0000000000
83485  -47.803  -8.632  52.473 0.0000000000
84593  -48.237  -8.165  53.906 0.0000000000
69001  -33.601  -23.329  63.626 0.0000000000
69019  -33.346  -22.974  62.657 0.0000000000
70200  -34.038  -21.959  63.167 0.0000000000
72536  -37.140  -19.745  62.635 0.0000000000
71430  -35.372  -20.265  62.047 0.0000000000
72549  -36.446  -19.478  61.880 0.0000000000
72575  -34.785  -19.870  60.561 0.0000000000
73689  -37.119  -18.689  61.065 0.0000000000
73714  -38.037  -18.024  59.778 0.0000000000
73672  -38.076  -18.864  61.805 0.0000000000
56273  -22.173  -32.882  68.710 0.0000000000
56259  -20.646  -32.964  69.675 0.0000000000
57448  -20.070  -33.072  67.523 0.0000000000
55157  -17.399  -34.993  66.591 0.0000000000
87968  -53.397  -5.757  45.709 0.0000000000
89081  -53.842  -5.419  45.236 0.0000000000
47145  -6.866  -41.741  76.359 0.0000000000
61141  -37.309  -30.727  59.436 0.0000000000
61157  -36.270  -30.448  58.044 0.0000000000
62295  -37.369  -29.419  59.692 0.0000000000
63440  -36.479  -28.850  59.177 0.0000000000
64575  -36.728  -28.518  61.145 0.0000000000
59903  -37.645  -30.791  64.781 0.0000000000
61108  -37.863  -30.415  63.786 0.0000000000
63375  -37.671  -29.427  65.345 0.0000000000
66762  -36.523  -26.859  66.443 0.0000000000
65677  -36.833  -27.690  65.217 0.0000000000
66793  -36.177  -27.336  65.044 0.0000000000
66823  -35.516  -27.353  63.629 0.0000000000
67901  -35.466  -26.109  64.800 0.0000000000
67900  -34.856  -25.321  65.020 0.0000000000
67879  -34.812  -24.663  66.082 0.0000000000
57532  -25.369  -33.264  61.467 0.0000000000
55203  -31.511  -34.297  65.082 0.0000000000
55221  -29.832  -33.163  64.786 0.0000000000
56355  -30.540  -33.015  63.339 0.0000000000
57536  -29.205  -32.654  60.632 0.0000000000
55134  -25.032  -33.564  69.145 0.0000000000
57471  -23.601  -32.308  65.042 0.0000000000
57470  -23.037  -32.365  65.219 0.0000000000
57494  -21.885  -32.689  64.008 0.0000000000
56347  -21.299  -33.748  63.262 0.0000000000
83513  -49.129  -8.889  51.057 0.0000000000
83551  -48.960  -8.734  49.966 0.0000000000
83533  -49.800  -9.039  50.701 0.0000000000
85756  -51.612  -7.764  50.900 0.0000000000
84666  -50.811  -8.457  50.392 0.0000000000
86862  -51.165  -7.509  48.968 0.0000000000
86872  -50.592  -7.311  48.273 0.0000000000
86873  -51.674  -7.028  48.142 0.0000000000
86886  -52.143  -6.549  47.309 0.0000000000
87946  -53.223  -6.643  49.099 0.0000000000
69052  -32.567  -23.776  60.651 0.0000000000
66859  -32.097  -25.411  58.903 0.0000000000
75920  -38.114  -17.534  53.232 0.0000000000
74860  -38.371  -17.674  54.104 0.0000000000
73730  -38.987  -17.714  58.728 0.0000000000
73747  -38.866  -17.618  57.758 0.0000000000
73772  -40.196  -17.775  57.559 0.0000000000
73798  -43.312  -17.640  57.090 0.0000000000
73795  -41.382  -18.291  56.435 0.0000000000
74846  -42.470  -17.768  56.041 0.0000000000
75896  -41.382  -17.089  55.273 0.0000000000
76963  -43.547  -16.649  55.913 0.0000000000
76964  -43.499  -15.992  55.661 0.0000000000
76939  -44.631  -15.998  56.453 0.0000000000
49333  -12.143  -38.779  71.813 0.0000000000
49332  -11.873  -39.149  72.535 0.0000000000
49315  -11.770  -39.256  73.580 0.0000000000
48277  -11.403  -40.429  71.940 0.0000000000
47239  -10.545  -41.701  71.566 0.0000000000
47255  -10.905  -41.212  70.861 0.0000000000
42463  -7.563  -44.975  72.540 0.0000000000
43631  -7.760  -44.117  73.416 0.0000000000
42445  -6.875  -44.848  73.504 0.0000000000
41292  -5.042  -46.468  73.433 0.0000000000
42442  -5.539  -45.295  74.074 0.0000000000
43614  -5.132  -44.995  74.074 0.0000000000
46056  -5.559  -43.379  74.922 0.0000000000
43612  -4.340  -45.150  73.929 0.0000000000
52820  -34.637  -35.071  68.515 0.0000000000
82377  -46.372  -11.554  57.324 0.0000000000
83453  -45.529  -11.507  56.505 0.0000000000
83440  -46.550  -10.876  57.428 0.0000000000
70201  -35.306  -21.356  63.601 0.0000000000
56327  -19.543  -33.826  65.070 0.0000000000
55159  -18.805  -34.167  66.106 0.0000000000
47148  -9.481  -41.016  77.223 0.0000000000
44727  -8.471  -42.245  76.382 0.0000000000
59964  -34.102  -31.075  57.961 0.0000000000
59949  -36.181  -31.405  59.361 0.0000000000
61130  -38.227  -30.754  60.736 0.0000000000
67861  -35.259  -24.447  67.364 0.0000000000
57485  -24.436  -32.138  64.065 0.0000000000
57513  -23.501  -33.145  62.458 0.0000000000
57497  -24.642  -32.452  63.419 0.0000000000
57499  -26.327  -32.454  63.237 0.0000000000
57500  -27.021  -32.352  63.069 0.0000000000
55240  -32.931  -35.199  62.912 0.0000000000
56372  -31.399  -34.087  62.304 0.0000000000
56392  -31.935  -33.815  61.346 0.0000000000
57538  -31.312  -33.017  60.551 0.0000000000
58776  -31.755  -31.962  58.645 0.0000000000
53972  -26.904  -34.238  68.408 0.0000000000
55146  -26.076  -33.831  68.083 0.0000000000
55162  -26.067  -33.688  67.224 0.0000000000
56315  -25.108  -32.885  65.935 0.0000000000
82447  -42.949  -10.381  50.857 0.0000000000
84676  -47.390  -9.235  46.965 0.0000000000
86830  -51.188  -7.360  52.950 0.0000000000
84623  -51.069  -9.231  51.012 0.0000000000
70250  -32.718  -21.488  59.171 0.0000000000
73813  -36.177  -19.115  53.797 0.0000000000
73791  -37.352  -17.876  55.672 0.0000000000
73719  -42.763  -17.709  59.689 0.0000000000
73751  -41.505  -17.935  58.242 0.0000000000
73735  -43.060  -17.741  58.833 0.0000000000
53954  -16.802  -34.766  69.237 0.0000000000
53921  -16.647  -34.575  70.756 0.0000000000
53885  -15.312  -35.198  72.582 0.0000000000
52735  -14.143  -36.585  71.354 0.0000000000
50454  -12.953  -38.342  70.800 0.0000000000
49372  -12.200  -39.491  70.854 0.0000000000
48307  -11.551  -40.732  70.061 0.0000000000
49416  -12.339  -40.162  69.107 0.0000000000
57520  -36.073  -33.970  62.375 0.0000000000
57543  -36.979  -33.246  61.712 0.0000000000
57502  -37.372  -33.598  63.216 0.0000000000
57487  -37.636  -32.108  64.567 0.0000000000
53995  -30.237  -34.332  67.558 0.0000000000
55183  -29.544  -33.867  66.156 0.0000000000
54014  -30.445  -34.097  66.720 0.0000000000
54032  -31.555  -34.297  65.965 0.0000000000
54033  -32.299  -34.896  65.659 0.0000000000
52847  -34.334  -35.392  66.718 0.0000000000
54034  -32.880  -35.955  65.658 0.0000000000
54052  -33.047  -36.087  64.577 0.0000000000
55241  -34.089  -35.318  62.829 0.0000000000
56375  -34.660  -34.684  62.223 0.0000000000
52815  -31.306  -34.916  68.930 0.0000000000
78059  -41.243  -15.147  54.180 0.0000000000
79149  -40.278  -14.269  52.350 0.0000000000
80224  -41.466  -13.491  53.202 0.0000000000
81338  -42.392  -12.490  53.463 0.0000000000
82424  -42.926  -11.349  53.027 0.0000000000
82404  -44.647  -11.600  55.326 0.0000000000
83481  -44.207  -10.465  53.759 0.0000000000
82435  -42.863  -10.589  51.975 0.0000000000
83508  -43.492  -9.982  51.364 0.0000000000
83528  -44.968  -9.599  50.215 0.0000000000
83529  -46.205  -9.349  50.293 0.0000000000
83549  -46.786  -9.258  49.442 0.0000000000
83511  -46.790  -9.058  51.191 0.0000000000
83498  -48.405  -8.702  51.742 0.0000000000
84595  -49.885  -7.864  53.136 0.0000000000
86819  -49.392  -7.245  55.191 0.0000000000
85720  -50.458  -7.676  53.121 0.0000000000
66832  -33.398  -25.677  62.163 0.0000000000
65736  -33.420  -26.721  60.519 0.0000000000
67937  -32.935  -24.580  61.904 0.0000000000
69035  -32.907  -23.605  61.797 0.0000000000
69054  -33.159  -22.138  61.404 0.0000000000
70218  -34.976  -21.108  62.539 0.0000000000
70234  -34.087  -21.055  61.495 0.0000000000
70243  -33.247  -21.125  60.483 0.0000000000
71447  -33.594  -20.516  59.961 0.0000000000
72596  -34.509  -19.866  59.170 0.0000000000
72597  -35.627  -18.959  58.756 0.0000000000
72613  -35.932  -18.783  57.770 0.0000000000
73728  -36.638  -18.193  58.232 0.0000000000
73716  -40.191  -17.885  59.735 0.0000000000
73692  -40.565  -17.846  60.819 0.0000000000
73717  -40.991  -17.891  59.752 0.0000000000
56257  -18.688  -33.394  69.619 0.0000000000
56295  -18.751  -34.056  67.235 0.0000000000
56281  -17.687  -34.412  67.781 0.0000000000
55131  -17.463  -34.234  68.963 0.0000000000
53970  -16.410  -35.465  67.746 0.0000000000
64587  -35.835  -28.277  60.129 0.0000000000
65738  -34.776  -27.866  60.944 0.0000000000
58753  -38.396  -32.236  62.001 0.0000000000
61119  -38.267  -30.220  61.981 0.0000000000
62266  -37.761  -29.519  62.119 0.0000000000
64550  -37.119  -28.881  63.870 0.0000000000
64563  -36.957  -28.682  62.348 0.0000000000
65725  -36.112  -27.982  62.338 0.0000000000
66834  -35.192  -27.390  62.225 0.0000000000
66833  -34.448  -26.874  62.107 0.0000000000
66806  -34.197  -25.586  63.352 0.0000000000
67915  -34.108  -24.719  64.108 0.0000000000
70164  -34.376  -22.648  65.335 0.0000000000
68933  -35.198  -23.461  67.695 0.0000000000
70150  -35.020  -22.534  66.839 0.0000000000
55220  -29.081  -33.064  65.051 0.0000000000
56368  -27.846  -32.324  63.392 0.0000000000
57517  -27.341  -32.334  62.287 0.0000000000
56390  -29.929  -32.908  61.540 0.0000000000
57535  -28.257  -32.688  60.821 0.0000000000
56261  -23.039  -32.903  69.603 0.0000000000
56285  -22.410  -32.583  67.771 0.0000000000
55160  -24.533  -33.087  67.727 0.0000000000
56299  -22.690  -32.463  66.750 0.0000000000
56312  -21.650  -32.642  65.511 0.0000000000
56346  -20.299  -33.995  63.841 0.0000000000
83567  -47.273  -9.065  48.838 0.0000000000
84647  -47.812  -8.613  48.831 0.0000000000
84678  -48.390  -8.067  48.062 0.0000000000
84650  -50.247  -8.685  50.191 0.0000000000
84664  -49.934  -8.241  49.471 0.0000000000
85784  -48.595  -7.971  47.680 0.0000000000
86883  -49.307  -7.645  46.913 0.0000000000
86892  -50.045  -7.350  46.102 0.0000000000
86895  -50.377  -7.427  45.265 0.0000000000
87966  -51.770  -6.457  46.252 0.0000000000
87962  -53.120  -5.927  46.501 0.0000000000
46084  -9.930  -41.901  73.070 0.0000000000
44793  -9.477  -42.460  73.448 0.0000000000
43659  -8.755  -43.790  71.949 0.0000000000
65750  -33.223  -26.852  59.566 0.0000000000
76985  -39.099  -16.611  53.313 0.0000000000
73745  -36.655  -18.228  57.225 0.0000000000
73769  -37.601  -17.799  56.644 0.0000000000
73792  -38.572  -17.829  56.141 0.0000000000
72640  -40.787  -18.143  57.279 0.0000000000
73794  -40.665  -18.201  56.438 0.0000000000
73816  -39.323  -17.904  55.644 0.0000000000
75895  -40.425  -17.387  54.957 0.0000000000
76961  -40.688  -16.812  54.685 0.0000000000
76975  -40.920  -16.107  54.350 0.0000000000
78061  -42.944  -15.038  55.137 0.0000000000
79122  -44.324  -14.267  55.990 0.0000000000
79123  -44.984  -14.036  56.418 0.0000000000
47177  -10.654  -40.442  74.998 0.0000000000
49314  -11.519  -39.523  74.289 0.0000000000
47207  -10.378  -41.298  73.624 0.0000000000
46099  -10.127  -42.114  72.175 0.0000000000
46123  -9.766  -43.180  70.826 0.0000000000
44777  -8.944  -42.636  74.617 0.0000000000
43597  -8.146  -42.975  75.143 0.0000000000
43573  -7.427  -43.185  75.529 0.0000000000
42444  -6.581  -44.993  73.785 0.0000000000
43594  -6.327  -44.020  74.935 0.0000000000
43558  -6.824  -43.070  76.120 0.0000000000
46039  -5.811  -42.796  75.766 0.0000000000
48179  -5.768  -42.242  75.369 0.0000000000
42459  -4.054  -46.129  73.996 0.0000000000
43629  -3.995  -45.267  73.935 0.0000000000
57560  -34.568  -32.970  60.489 0.0000000000
58765  -35.485  -32.599  60.491 0.0000000000
58750  -36.060  -32.876  60.900 0.0000000000
55181  -27.798  -33.748  66.501 0.0000000000
55199  -27.787  -33.251  65.823 0.0000000000
55182  -28.663  -33.783  66.312 0.0000000000
57541  -34.783  -33.501  61.216 0.0000000000
57540  -33.825  -33.396  60.888 0.0000000000
53993  -28.568  -34.275  67.563 0.0000000000
83565  -45.228  -10.431  47.872 0.0000000000
65752  -34.727  -27.756  60.160 0.0000000000
64585  -34.600  -27.988  59.468 0.0000000000
72636  -34.001  -20.338  56.662 0.0000000000
73766  -34.680  -19.586  55.705 0.0000000000
52766  -14.035  -37.627  68.549 0.0000000000
51633  -13.617  -37.927  69.428 0.0000000000
55187  -36.318  -33.685  65.689 0.0000000000
56319  -36.728  -33.175  65.558 0.0000000000
56302  -36.732  -33.073  66.694 0.0000000000
52818  -33.225  -35.313  68.886 0.0000000000
55165  -36.180  -34.062  66.356 0.0000000000
54021  -35.797  -34.676  65.524 0.0000000000
55186  -35.979  -34.197  65.390 0.0000000000
55208  -36.204  -34.411  64.579 0.0000000000
52817  -32.682  -35.356  69.151 0.0000000000
80210  -44.654  -13.374  55.897 0.0000000000
81322  -44.838  -12.569  56.025 0.0000000000
83473  -46.251  -9.193  53.579 0.0000000000
84592  -46.989  -8.735  53.823 0.0000000000
84584  -47.960  -8.134  54.667 0.0000000000
70181  -34.235  -22.312  64.195 0.0000000000
73657  -37.431  -19.490  62.364 0.0000000000
72535  -36.303  -19.888  62.409 0.0000000000
72558  -36.216  -19.196  61.288 0.0000000000
56284  -21.330  -32.780  67.868 0.0000000000
57437  -20.629  -33.021  67.886 0.0000000000
57458  -19.932  -32.981  67.036 0.0000000000
87969  -54.048  -5.469  46.059 0.0000000000
89076  -53.911  -5.470  45.685 0.0000000000
89077  -54.258  -5.211  45.703 0.0000000000
46002  -8.307  -41.391  77.038 0.0000000000
47129  -8.022  -41.137  77.080 0.0000000000
48144  -7.786  -41.092  77.057 0.0000000000
46000  -7.445  -41.959  76.562 0.0000000000
62296  -37.841  -29.983  60.245 0.0000000000
63426  -37.079  -28.761  60.464 0.0000000000
63412  -37.064  -28.690  61.025 0.0000000000
61097  -37.632  -30.460  64.677 0.0000000000
62230  -37.824  -29.768  65.793 0.0000000000
67863  -36.226  -26.237  66.727 0.0000000000
66775  -36.366  -27.034  65.742 0.0000000000
67881  -36.209  -26.506  65.992 0.0000000000
66774  -35.882  -26.654  65.357 0.0000000000
56348  -22.086  -33.588  62.845 0.0000000000
55222  -30.759  -33.597  64.306 0.0000000000
57484  -23.735  -32.181  64.386 0.0000000000
57483  -22.806  -32.373  64.488 0.0000000000
57495  -22.527  -32.749  63.513 0.0000000000
83500  -50.251  -8.677  51.501 0.0000000000
83514  -49.880  -9.005  51.110 0.0000000000
85763  -51.513  -7.789  50.499 0.0000000000
85774  -51.484  -7.699  50.051 0.0000000000
86863  -52.157  -7.240  49.286 0.0000000000
86874  -52.640  -6.619  48.013 0.0000000000
87945  -52.731  -7.008  49.506 0.0000000000
69072  -32.526  -23.530  60.132 0.0000000000
67962  -32.207  -24.439  59.557 0.0000000000
69091  -32.242  -23.453  58.987 0.0000000000
73814  -37.090  -17.950  54.322 0.0000000000
74858  -37.357  -18.091  53.674 0.0000000000
74840  -37.553  -17.856  53.964 0.0000000000
74859  -37.878  -17.878  53.498 0.0000000000
74841  -38.000  -17.758  54.325 0.0000000000
73731  -39.937  -17.837  58.759 0.0000000000
73748  -39.791  -17.714  57.937 0.0000000000
73749  -40.446  -17.836  57.918 0.0000000000
74832  -43.590  -17.476  56.799 0.0000000000
73797  -42.724  -17.796  56.606 0.0000000000
74831  -43.214  -17.413  56.228 0.0000000000
75897  -42.731  -16.911  55.569 0.0000000000
75884  -43.511  -17.022  56.033 0.0000000000
76951  -44.065  -16.357  56.221 0.0000000000
75875  -44.558  -16.467  56.638 0.0000000000
49352  -11.961  -39.374  71.658 0.0000000000
50436  -12.288  -38.239  72.394 0.0000000000
48260  -11.675  -39.859  72.209 0.0000000000
48292  -11.372  -40.467  71.079 0.0000000000
42462  -7.059  -45.103  72.948 0.0000000000
41291  -4.453  -46.720  73.620 0.0000000000
42441  -4.742  -45.741  73.755 0.0000000000
43613  -4.611  -45.177  73.915 0.0000000000
43591  -4.902  -44.802  74.059 0.0000000000
71388  -37.715  -20.683  64.823 0.0000000000
55197  -19.057  -34.611  64.554 0.0000000000
46043  -9.808  -41.523  75.984 0.0000000000
47163  -9.622  -41.144  76.867 0.0000000000
46042  -9.260  -41.703  76.488 0.0000000000
46041  -8.786  -42.052  76.507 0.0000000000
44745  -8.643  -42.412  76.017 0.0000000000
59947  -34.243  -31.364  58.997 0.0000000000
59932  -36.250  -31.990  59.999 0.0000000000
59950  -36.771  -31.511  59.765 0.0000000000
61129  -37.858  -31.028  60.029 0.0000000000
56349  -25.180  -32.236  64.367 0.0000000000
56351  -26.559  -32.466  64.241 0.0000000000
56373  -32.483  -34.427  62.215 0.0000000000
57539  -32.626  -33.082  60.573 0.0000000000
57556  -30.535  -32.592  59.643 0.0000000000
58777  -32.441  -31.645  58.790 0.0000000000
53974  -28.464  -34.322  68.298 0.0000000000
52791  -28.848  -34.594  69.157 0.0000000000
53973  -27.682  -34.289  68.340 0.0000000000
53957  -27.589  -34.449  69.213 0.0000000000
55147  -26.621  -34.028  67.707 0.0000000000
56316  -25.896  -33.002  65.784 0.0000000000
56331  -24.985  -32.259  65.063 0.0000000000
83526  -42.847  -10.675  49.950 0.0000000000
70249  -32.392  -22.344  58.381 0.0000000000
73790  -36.289  -18.547  55.125 0.0000000000
74824  -44.628  -17.191  57.693 0.0000000000
53936  -16.192  -35.284  69.564 0.0000000000
53937  -16.678  -34.698  70.042 0.0000000000
52751  -14.950  -35.907  70.565 0.0000000000
53919  -15.448  -35.510  70.657 0.0000000000
53884  -14.549  -35.912  72.195 0.0000000000
50465  -12.981  -38.455  70.090 0.0000000000
49373  -12.633  -38.894  70.604 0.0000000000
49395  -12.095  -39.934  70.075 0.0000000000
49417  -12.674  -39.508  69.276 0.0000000000
56377  -36.218  -34.185  62.740 0.0000000000
57521  -36.676  -33.778  62.574 0.0000000000
57501  -36.939  -33.977  63.258 0.0000000000
57473  -37.121  -32.075  65.534 0.0000000000
58715  -37.403  -31.432  65.884 0.0000000000
54016  -32.263  -34.699  66.668 0.0000000000
52836  -34.824  -34.931  67.524 0.0000000000
52835  -34.255  -35.055  67.565 0.0000000000
54036  -35.426  -36.208  64.986 0.0000000000
54035  -34.212  -36.379  64.966 0.0000000000
54053  -33.845  -36.194  64.147 0.0000000000
55225  -33.468  -35.801  63.617 0.0000000000
55226  -34.671  -35.926  63.666 0.0000000000
55228  -36.054  -34.825  63.668 0.0000000000
55243  -35.465  -34.902  62.961 0.0000000000
56376  -35.641  -34.427  62.611 0.0000000000
52816  -32.100  -35.194  69.018 0.0000000000
52831  -30.912  -34.555  68.158 0.0000000000
52830  -30.373  -34.497  68.141 0.0000000000
78060  -42.386  -14.768  54.579 0.0000000000
79140  -41.604  -14.136  53.769 0.0000000000
79141  -42.449  -13.875  54.232 0.0000000000
81330  -43.637  -12.476  54.516 0.0000000000
81339  -42.974  -12.617  54.011 0.0000000000
82412  -42.710  -12.244  53.606 0.0000000000
82423  -42.413  -11.966  53.204 0.0000000000
82413  -43.012  -11.953  53.663 0.0000000000
83454  -45.945  -10.713  56.682 0.0000000000
83461  -45.266  -10.803  55.757 0.0000000000
83482  -44.918  -9.642  53.465 0.0000000000
82425  -43.545  -10.554  53.007 0.0000000000
82436  -43.715  -10.069  52.145 0.0000000000
83510  -45.657  -9.308  51.282 0.0000000000
84603  -48.050  -8.467  53.047 0.0000000000
83486  -48.736  -8.487  52.280 0.0000000000
83487  -49.584  -8.444  52.086 0.0000000000
84594  -49.303  -7.970  53.313 0.0000000000
86825  -50.087  -7.344  54.189 0.0000000000
66820  -33.775  -25.581  62.786 0.0000000000
67938  -33.172  -24.990  62.282 0.0000000000
69036  -33.186  -22.716  61.884 0.0000000000
69053  -32.744  -23.377  61.120 0.0000000000
70202  -35.943  -20.985  63.225 0.0000000000
70219  -35.652  -21.090  62.938 0.0000000000
71439  -35.048  -20.290  61.653 0.0000000000
71429  -34.938  -20.597  61.931 0.0000000000
70233  -33.641  -21.259  61.165 0.0000000000
71437  -33.841  -20.658  60.671 0.0000000000
71448  -34.187  -20.182  60.226 0.0000000000
73713  -36.584  -18.385  59.624 0.0000000000
73690  -38.536  -18.308  60.845 0.0000000000
73715  -39.247  -17.837  59.767 0.0000000000
73675  -41.085  -17.751  62.006 0.0000000000
73693  -41.487  -17.719  60.788 0.0000000000
73694  -42.440  -17.617  60.695 0.0000000000
56271  -19.926  -33.146  68.813 0.0000000000
56258  -19.575  -33.091  69.608 0.0000000000
56296  -19.246  -33.616  66.874 0.0000000000
55158  -18.297  -34.451  66.683 0.0000000000
55143  -17.750  -34.574  67.240 0.0000000000
56269  -17.970  -34.100  68.373 0.0000000000
56268  -17.383  -34.447  68.183 0.0000000000
55130  -16.854  -34.799  68.370 0.0000000000
49280  -6.587  -41.121  75.735 0.0000000000
61156  -35.583  -30.762  57.461 0.0000000000
63454  -36.618  -29.096  58.107 0.0000000000
64588  -36.438  -28.500  60.223 0.0000000000
64599  -36.163  -28.500  59.657 0.0000000000
65753  -35.241  -28.072  60.397 0.0000000000
65739  -35.533  -28.133  61.078 0.0000000000
57523  -38.278  -32.804  62.785 0.0000000000
58752  -37.658  -32.550  61.421 0.0000000000
58740  -38.797  -32.080  62.955 0.0000000000
61120  -38.326  -30.627  62.837 0.0000000000
62267  -37.839  -29.860  62.998 0.0000000000
63400  -37.531  -29.508  63.392 0.0000000000
64533  -37.124  -28.334  64.698 0.0000000000
65708  -36.600  -28.357  63.552 0.0000000000
64549  -37.033  -28.776  63.312 0.0000000000
65726  -36.525  -28.353  62.809 0.0000000000
65707  -35.984  -27.824  63.425 0.0000000000
66808  -35.242  -26.990  63.898 0.0000000000
66822  -35.173  -27.072  63.007 0.0000000000
66821  -34.309  -26.223  62.820 0.0000000000
67899  -34.372  -24.465  65.189 0.0000000000
68983  -33.979  -23.564  64.701 0.0000000000
67844  -35.577  -24.095  68.327 0.0000000000
70135  -35.427  -22.547  68.038 0.0000000000
71371  -35.742  -21.591  66.479 0.0000000000
57530  -23.873  -33.532  61.849 0.0000000000
55184  -30.260  -33.927  66.004 0.0000000000
55200  -28.681  -33.332  65.563 0.0000000000
55201  -29.699  -33.527  65.533 0.0000000000
56354  -29.758  -32.752  63.788 0.0000000000
56353  -28.751  -32.550  64.238 0.0000000000
56371  -30.617  -33.302  62.449 0.0000000000
56274  -23.336  -32.804  68.637 0.0000000000
55161  -25.242  -33.253  67.338 0.0000000000
57469  -22.482  -32.461  65.336 0.0000000000
56313  -23.030  -32.397  65.894 0.0000000000
56328  -20.391  -33.422  64.767 0.0000000000
56329  -21.188  -33.064  64.313 0.0000000000
83550  -47.831  -8.679  49.629 0.0000000000
84648  -48.572  -8.464  49.215 0.0000000000
84662  -48.168  -8.338  48.384 0.0000000000
84624  -51.274  -8.983  51.120 0.0000000000
83535  -50.917  -9.389  50.929 0.0000000000
84636  -51.127  -9.048  50.891 0.0000000000
85772  -50.468  -7.786  49.163 0.0000000000
85771  -49.592  -7.822  48.723 0.0000000000
85770  -49.082  -7.833  48.273 0.0000000000
85785  -49.314  -7.630  47.817 0.0000000000
85798  -48.862  -8.033  46.754 0.0000000000
85799  -49.279  -7.638  47.180 0.0000000000
86893  -50.953  -6.846  45.757 0.0000000000
86875  -53.520  -6.123  47.681 0.0000000000
86887  -52.947  -6.212  47.192 0.0000000000
86888  -53.534  -5.774  47.001 0.0000000000
87956  -54.333  -5.688  47.673 0.0000000000
44829  -9.767  -42.580  71.919 0.0000000000
44811  -9.649  -42.532  72.591 0.0000000000
44828  -9.401  -43.065  72.029 0.0000000000
66841  -32.925  -25.468  61.093 0.0000000000
66851  -32.789  -26.225  60.204 0.0000000000
75921  -38.372  -17.161  52.656 0.0000000000
76973  -39.285  -16.978  53.792 0.0000000000
73746  -37.698  -17.680  57.519 0.0000000000
73770  -38.787  -17.748  56.935 0.0000000000
72617  -41.763  -17.999  57.693 0.0000000000
72616  -41.094  -18.091  57.690 0.0000000000
72641  -41.366  -18.239  57.253 0.0000000000
73818  -41.130  -18.167  56.009 0.0000000000
73817  -40.280  -18.072  55.915 0.0000000000
74843  -39.898  -17.800  55.215 0.0000000000
76962  -41.387  -16.486  54.832 0.0000000000
76976  -41.879  -15.816  54.746 0.0000000000
76977  -42.584  -15.493  55.074 0.0000000000
78040  -44.215  -15.395  56.231 0.0000000000
78050  -43.485  -14.853  55.471 0.0000000000
48259  -11.361  -40.295  72.716 0.0000000000
48240  -11.305  -40.033  73.641 0.0000000000
47192  -10.719  -40.579  74.119 0.0000000000
47208  -10.882  -40.724  73.158 0.0000000000
47225  -10.567  -41.375  72.529 0.0000000000
47254  -10.550  -42.038  70.681 0.0000000000
46124  -10.232  -42.801  70.404 0.0000000000
44792  -8.958  -42.877  73.722 0.0000000000
43632  -8.459  -43.235  74.035 0.0000000000
43617  -8.148  -43.303  74.617 0.0000000000
43596  -7.750  -43.246  75.179 0.0000000000
41305  -6.134  -46.337  73.001 0.0000000000
42460  -6.149  -45.852  73.386 0.0000000000
42443  -6.043  -45.501  73.845 0.0000000000
42425  -5.930  -44.800  74.796 0.0000000000
42426  -6.238  -44.706  74.447 0.0000000000
43572  -6.869  -43.310  75.656 0.0000000000
43571  -6.275  -43.482  75.486 0.0000000000
44741  -6.258  -43.113  76.065 0.0000000000
44760  -5.894  -43.362  75.499 0.0000000000
47175  -5.530  -42.772  74.842 0.0000000000
48200  -5.710  -41.972  74.985 0.0000000000
42474  -3.880  -46.276  73.546 0.0000000000
46058  -9.373  -42.143  75.460 0.0000000000
59930  -34.782  -31.620  59.464 0.0000000000
56317  -26.495  -33.067  65.701 0.0000000000
56350  -25.776  -32.376  64.277 0.0000000000
57558  -32.818  -32.402  59.892 0.0000000000
58763  -33.433  -32.076  59.590 0.0000000000
52813  -29.539  -34.546  68.697 0.0000000000
53975  -29.141  -34.364  68.113 0.0000000000
53992  -27.745  -34.224  67.560 0.0000000000
55163  -26.818  -34.037  67.095 0.0000000000
55164  -27.434  -34.067  66.861 0.0000000000
83547  -44.360  -10.374  48.920 0.0000000000
64610  -35.323  -28.643  58.413 0.0000000000
71476  -33.634  -20.925  57.684 0.0000000000
71475  -33.030  -21.314  57.244 0.0000000000
71492  -33.447  -20.939  56.968 0.0000000000
71491  -33.181  -21.268  56.260 0.0000000000
52788  -15.083  -36.436  68.612 0.0000000000
52750  -14.273  -36.773  70.294 0.0000000000
51619  -13.798  -37.318  70.504 0.0000000000
51634  -13.853  -37.341  69.973 0.0000000000
50478  -13.097  -38.789  69.318 0.0000000000
56358  -37.232  -34.032  63.797 0.0000000000
56320  -36.921  -32.573  65.758 0.0000000000
52832  -31.809  -34.750  68.089 0.0000000000
53997  -31.830  -34.581  67.282 0.0000000000
52845  -32.959  -35.070  67.254 0.0000000000
53999  -35.278  -34.925  66.872 0.0000000000
54020  -35.735  -35.252  65.504 0.0000000000
54037  -35.974  -35.764  64.744 0.0000000000
55206  -35.583  -35.823  64.172 0.0000000000
55207  -36.127  -35.001  64.439 0.0000000000
56336  -36.410  -34.515  64.282 0.0000000000
79131  -43.356  -13.958  54.935 0.0000000000
79142  -42.958  -13.695  54.508 0.0000000000
80218  -43.873  -13.265  55.125 0.0000000000
82403  -44.182  -11.901  54.674 0.0000000000
84581  -45.348  -9.694  55.019 0.0000000000
84590  -45.342  -9.641  54.431 0.0000000000
83483  -45.885  -9.343  53.057 0.0000000000
83497  -47.341  -8.830  51.914 0.0000000000
84602  -47.428  -8.659  53.045 0.0000000000
67927  -33.092  -24.335  62.276 0.0000000000
71421  -37.046  -20.169  63.360 0.0000000000
72548  -35.823  -19.933  62.145 0.0000000000
72557  -35.415  -19.763  61.310 0.0000000000
73688  -36.092  -18.997  60.704 0.0000000000
56260  -21.814  -33.001  69.683 0.0000000000
56272  -20.965  -33.043  68.683 0.0000000000
57436  -20.101  -33.164  68.111 0.0000000000
57435  -19.480  -33.385  68.164 0.0000000000
55175  -17.725  -34.948  65.969 0.0000000000
53990  -16.608  -35.668  66.653 0.0000000000
87974  -53.249  -5.863  44.719 0.0000000000
89086  -53.822  -5.389  44.449 0.0000000000
48159  -6.448  -41.706  76.073 0.0000000000
61140  -36.531  -30.873  58.839 0.0000000000
59966  -35.881  -31.092  58.702 0.0000000000
61158  -36.816  -30.440  58.712 0.0000000000
62314  -36.965  -29.731  58.570 0.0000000000
58730  -38.040  -31.621  64.160 0.0000000000
59911  -38.387  -31.159  63.467 0.0000000000
61096  -37.723  -30.529  64.249 0.0000000000
62255  -37.643  -30.135  64.281 0.0000000000
62241  -37.508  -29.536  64.333 0.0000000000
65663  -37.004  -27.624  65.822 0.0000000000
66776  -36.818  -27.389  66.048 0.0000000000
66794  -36.560  -27.367  65.518 0.0000000000
65690  -36.311  -27.664  64.510 0.0000000000
66809  -35.755  -27.396  64.205 0.0000000000
66792  -35.554  -26.870  64.620 0.0000000000
67917  -35.249  -26.417  64.172 0.0000000000
67916  -34.871  -25.738  64.118 0.0000000000
71332  -35.912  -22.003  68.432 0.0000000000
57515  -25.370  -32.759  62.362 0.0000000000
57537  -30.206  -32.843  60.588 0.0000000000
56330  -24.316  -32.362  65.280 0.0000000000
56314  -24.028  -32.601  65.795 0.0000000000
83531  -48.420  -8.758  50.468 0.0000000000
83532  -49.326  -8.894  50.512 0.0000000000
83552  -49.846  -8.845  50.307 0.0000000000
84652  -51.031  -8.411  50.682 0.0000000000
85762  -51.059  -7.893  50.139 0.0000000000
85773  -51.098  -7.936  49.933 0.0000000000
86861  -50.764  -7.554  48.839 0.0000000000
86871  -49.863  -7.357  47.992 0.0000000000
86864  -53.099  -6.564  48.476 0.0000000000
44848  -9.340  -43.561  71.275 0.0000000000
67948  -32.546  -24.440  60.607 0.0000000000
66850  -32.460  -25.350  60.094 0.0000000000
75907  -38.221  -17.595  53.541 0.0000000000
75908  -38.744  -17.398  53.801 0.0000000000
73771  -39.832  -17.773  57.233 0.0000000000
73773  -42.756  -17.847  57.085 0.0000000000
72664  -41.687  -18.278  56.826 0.0000000000
72665  -42.276  -18.086  56.824 0.0000000000
73819  -41.871  -18.160  56.113 0.0000000000
74845  -41.749  -17.717  55.745 0.0000000000
75911  -42.475  -16.095  55.233 0.0000000000
75912  -42.770  -15.790  55.271 0.0000000000
78026  -44.853  -15.535  56.665 0.0000000000
51587  -12.864  -37.505  71.837 0.0000000000
50430  -12.364  -38.040  73.308 0.0000000000
48241  -11.621  -39.749  72.943 0.0000000000
47240  -10.968  -40.994  71.737 0.0000000000
43644  -8.091  -44.425  72.356 0.0000000000
43630  -7.214  -44.519  73.518 0.0000000000
41293  -5.522  -45.956  73.525 0.0000000000
137982  -5.670  -43.733  74.938 0.0000000000
43592  -5.156  -44.547  74.140 0.0000000000
44774  -4.865  -44.229  73.929 0.0000000000
52819  -33.901  -35.206  68.681 0.0000000000
53979  -36.278  -34.148  67.887 0.0000000000
82390  -45.937  -11.889  56.995 0.0000000000
82389  -45.505  -12.150  56.715 0.0000000000
84574  -47.009  -8.861  56.322 0.0000000000
85704  -47.684  -8.192  55.597 0.0000000000
85711  -47.845  -8.130  55.003 0.0000000000
71403  -35.897  -21.205  64.521 0.0000000000
71404  -36.525  -20.657  63.929 0.0000000000
72517  -37.774  -19.940  63.369 0.0000000000
73659  -38.594  -19.048  62.558 0.0000000000
56311  -20.330  -33.157  65.723 0.0000000000
56297  -20.020  -33.037  66.486 0.0000000000
56310  -19.424  -33.671  65.916 0.0000000000
55177  -18.857  -34.322  65.350 0.0000000000
46023  -8.673  -41.603  76.843 0.0000000000
44726  -8.135  -42.323  76.400 0.0000000000
59948  -35.233  -31.367  59.126 0.0000000000
61142  -37.910  -30.571  60.032 0.0000000000
67862  -35.689  -25.431  67.017 0.0000000000
57496  -23.582  -32.557  63.391 0.0000000000
57498  -25.513  -32.493  63.325 0.0000000000
57516  -26.250  -32.503  62.146 0.0000000000
58748  -26.404  -32.599  61.673 0.0000000000
55239  -31.877  -34.697  63.147 0.0000000000
55238  -31.217  -33.775  63.326 0.0000000000
58761  -32.133  -31.923  59.121 0.0000000000
53971  -26.408  -34.120  68.727 0.0000000000
55178  -25.499  -33.250  66.700 0.0000000000
55179  -26.057  -33.422  66.517 0.0000000000
82446  -42.075  -11.214  50.767 0.0000000000
84677  -48.009  -8.443  47.422 0.0000000000
84606  -50.703  -7.871  51.992 0.0000000000
84613  -50.705  -8.753  51.250 0.0000000000
85728  -51.065  -7.621  52.277 0.0000000000
85735  -51.078  -7.735  51.769 0.0000000000
86856  -52.860  -7.020  50.287 0.0000000000
73733  -41.293  -17.983  58.902 0.0000000000
73750  -40.900  -17.954  58.155 0.0000000000
73734  -42.107  -17.872  58.918 0.0000000000
73752  -42.338  -17.827  58.214 0.0000000000
73753  -43.304  -17.705  58.016 0.0000000000
73775  -43.879  -17.538  57.657 0.0000000000
74833  -43.904  -17.489  57.278 0.0000000000
75886  -44.264  -17.275  57.069 0.0000000000
75876  -44.805  -16.690  57.179 0.0000000000
53920  -15.961  -35.190  70.444 0.0000000000
53902  -16.208  -34.829  71.097 0.0000000000
52720  -13.314  -36.917  72.107 0.0000000000
51603  -13.939  -37.076  70.807 0.0000000000
51602  -13.458  -37.553  71.099 0.0000000000
50445  -12.645  -38.222  71.485 0.0000000000
49353  -12.450  -38.905  71.203 0.0000000000
48308  -11.684  -40.249  70.550 0.0000000000
49394  -11.993  -40.364  69.615 0.0000000000
57542  -35.820  -33.502  61.590 0.0000000000
57522  -37.661  -33.206  62.347 0.0000000000
57503  -38.072  -32.898  63.777 0.0000000000
56359  -37.566  -33.534  63.781 0.0000000000
57504  -38.095  -32.149  64.180 0.0000000000
58723  -37.571  -31.391  65.002 0.0000000000
57450  -37.356  -32.206  67.197 0.0000000000
54013  -29.487  -34.140  66.851 0.0000000000
54015  -31.403  -34.279  66.727 0.0000000000
54031  -30.897  -34.037  66.191 0.0000000000
55204  -31.924  -34.937  64.859 0.0000000000
52846  -33.702  -35.289  66.992 0.0000000000
53998  -34.749  -35.175  66.906 0.0000000000
54018  -33.821  -36.018  66.336 0.0000000000
54051  -32.366  -35.486  65.040 0.0000000000
55224  -32.343  -35.352  64.047 0.0000000000
55242  -35.091  -35.151  62.865 0.0000000000
56395  -35.121  -34.045  61.835 0.0000000000
52814  -30.403  -34.675  68.756 0.0000000000
53994  -29.331  -34.304  67.508 0.0000000000
79139  -40.606  -14.670  53.412 0.0000000000
79150  -40.937  -13.890  53.101 0.0000000000
80226  -42.767  -13.289  54.195 0.0000000000
80225  -42.139  -13.187  53.585 0.0000000000
80234  -41.592  -13.086  53.029 0.0000000000
82396  -45.026  -11.849  56.276 0.0000000000
83470  -44.282  -11.145  54.491 0.0000000000
82414  -43.608  -11.464  53.967 0.0000000000
83527  -43.758  -10.098  50.273 0.0000000000
83509  -44.443  -9.678  51.493 0.0000000000
83548  -45.595  -9.603  49.135 0.0000000000
83512  -47.895  -8.799  51.131 0.0000000000
83499  -49.436  -8.684  51.617 0.0000000000
85712  -48.535  -7.813  54.786 0.0000000000
85721  -50.957  -7.479  53.030 0.0000000000
66842  -33.724  -26.637  61.399 0.0000000000
66831  -33.010  -25.280  61.762 0.0000000000
69018  -33.061  -23.797  62.216 0.0000000000
67949  -32.726  -24.472  61.223 0.0000000000
69073  -32.753  -22.654  60.351 0.0000000000
71419  -35.331  -20.599  62.289 0.0000000000
70227  -34.378  -21.067  61.835 0.0000000000
70226  -33.676  -21.592  61.699 0.0000000000
70232  -32.936  -21.999  60.852 0.0000000000
70242  -32.821  -21.775  60.065 0.0000000000
70251  -33.034  -20.945  59.762 0.0000000000
71461  -33.590  -20.581  58.906 0.0000000000
71462  -33.967  -20.242  59.557 0.0000000000
72595  -34.129  -20.276  58.714 0.0000000000
72612  -34.968  -19.493  57.727 0.0000000000
73673  -39.066  -18.508  61.814 0.0000000000
73674  -40.053  -18.110  61.977 0.0000000000
73718  -41.820  -17.792  59.758 0.0000000000
57447  -19.577  -33.352  67.591 0.0000000000
56283  -19.025  -33.704  67.687 0.0000000000
56282  -18.346  -34.180  67.671 0.0000000000
55132  -18.157  -33.767  69.051 0.0000000000
53953  -16.323  -35.386  68.695 0.0000000000
52829  -15.954  -36.247  67.144 0.0000000000
52811  -15.884  -36.089  68.176 0.0000000000
89082  -54.429  -5.009  45.077 0.0000000000
63439  -36.004  -28.779  58.763 0.0000000000
64598  -35.742  -28.584  59.109 0.0000000000
58751  -36.634  -32.879  61.107 0.0000000000
58767  -36.999  -32.431  60.823 0.0000000000
59917  -38.035  -31.923  61.032 0.0000000000
59910  -38.764  -31.335  62.785 0.0000000000
59918  -38.568  -31.443  61.846 0.0000000000
59934  -38.142  -31.518  60.889 0.0000000000
62279  -37.970  -29.667  61.203 0.0000000000
63382  -37.492  -29.281  64.787 0.0000000000
64542  -37.221  -28.861  64.379 0.0000000000
63391  -37.338  -29.219  63.793 0.0000000000
63390  -37.277  -29.040  63.318 0.0000000000
63399  -37.408  -29.156  62.851 0.0000000000
63413  -37.327  -28.896  61.495 0.0000000000
64576  -36.888  -28.609  61.723 0.0000000000
64562  -36.580  -28.352  61.965 0.0000000000
65740  -36.155  -28.152  61.524 0.0000000000
65706  -35.614  -27.631  62.558 0.0000000000
65724  -35.655  -27.752  61.867 0.0000000000
65723  -34.999  -27.598  61.635 0.0000000000
66843  -34.386  -27.325  61.415 0.0000000000
68950  -34.797  -23.712  66.742 0.0000000000
68949  -34.524  -23.173  66.137 0.0000000000
70149  -34.624  -22.510  66.047 0.0000000000
70165  -34.969  -21.907  65.832 0.0000000000
71386  -35.840  -21.406  65.432 0.0000000000
56335  -28.332  -32.793  64.867 0.0000000000
58738  -26.938  -32.453  61.668 0.0000000000
56370  -29.595  -32.688  62.539 0.0000000000
57519  -29.073  -32.586  61.489 0.0000000000
57518  -28.340  -32.431  61.880 0.0000000000
57534  -27.110  -32.698  61.043 0.0000000000
56298  -21.149  -32.573  66.771 0.0000000000
55145  -25.217  -33.488  68.286 0.0000000000
56300  -24.059  -32.710  66.821 0.0000000000
56286  -23.617  -32.736  67.714 0.0000000000
84661  -47.407  -8.947  47.995 0.0000000000
83515  -50.832  -9.134  51.061 0.0000000000
83553  -50.325  -8.989  50.501 0.0000000000
84651  -50.731  -8.839  50.613 0.0000000000
84663  -48.988  -8.107  48.720 0.0000000000
85797  -48.317  -8.312  47.036 0.0000000000
84694  -48.754  -8.602  45.923 0.0000000000
85804  -49.285  -8.118  45.789 0.0000000000
86884  -49.815  -7.342  47.234 0.0000000000
86891  -49.421  -7.667  46.538 0.0000000000
85805  -49.848  -7.858  45.321 0.0000000000
87972  -51.745  -6.486  45.351 0.0000000000
87961  -52.427  -6.273  46.666 0.0000000000
87967  -52.498  -6.103  45.921 0.0000000000
87963  -53.752  -5.635  46.470 0.0000000000
87964  -54.323  -5.376  46.673 0.0000000000
46072  -9.796  -41.873  74.154 0.0000000000
44810  -9.187  -43.092  72.847 0.0000000000
67976  -32.032  -24.437  58.374 0.0000000000
76986  -39.713  -16.080  53.338 0.0000000000
73744  -35.776  -18.897  56.928 0.0000000000
72615  -40.705  -17.961  57.633 0.0000000000
72639  -40.431  -17.884  57.343 0.0000000000
72661  -40.197  -17.884  56.958 0.0000000000
72663  -41.010  -18.303  56.850 0.0000000000
72662  -40.475  -18.074  56.896 0.0000000000
74842  -38.916  -17.706  54.658 0.0000000000
75893  -39.079  -17.525  54.329 0.0000000000
75894  -39.560  -17.376  54.466 0.0000000000
76960  -40.138  -17.081  54.550 0.0000000000
76974  -39.863  -16.625  54.076 0.0000000000
78058  -40.332  -15.645  53.727 0.0000000000
78048  -42.756  -14.530  54.692 0.0000000000
76978  -43.065  -15.483  55.340 0.0000000000
79132  -43.856  -13.965  55.446 0.0000000000
80198  -45.377  -13.365  56.534 0.0000000000
76940  -45.086  -16.078  56.827 0.0000000000
48222  -11.125  -39.969  74.643 0.0000000000
46113  -10.059  -42.429  71.303 0.0000000000
47271  -11.033  -41.718  69.908 0.0000000000
44778  -9.310  -42.408  74.171 0.0000000000
44763  -9.112  -42.493  75.026 0.0000000000
44776  -8.619  -42.811  74.856 0.0000000000
44762  -8.529  -42.695  75.277 0.0000000000
44761  -8.211  -42.758  75.500 0.0000000000
44744  -7.927  -42.667  76.022 0.0000000000
44725  -7.666  -42.483  76.328 0.0000000000
42461  -6.488  -45.702  73.080 0.0000000000
43615  -7.059  -44.282  74.056 0.0000000000
42427  -6.529  -44.686  74.214 0.0000000000
43595  -6.902  -43.915  74.766 0.0000000000
44742  -7.400  -42.926  75.971 0.0000000000
44724  -7.130  -42.744  76.259 0.0000000000
46020  -6.984  -42.279  76.409 0.0000000000
47144  -6.171  -42.239  76.106 0.0000000000
47162  -5.967  -42.207  75.780 0.0000000000
46038  -5.665  -42.938  75.418 0.0000000000
47161  -5.691  -42.689  75.394 0.0000000000
48180  -6.157  -41.704  75.654 0.0000000000
41290  -4.113  -46.675  73.851 0.0000000000
41301  -3.986  -47.201  73.603 0.0000000000
44791  -4.488  -44.400  73.899 0.0000000000
43557  -6.572  -43.175  75.983 0.0000000000
43574  -7.739  -42.920  75.624 0.0000000000
43618  -8.521  -42.986  74.565 0.0000000000
44723  -6.669  -42.841  76.278 0.0000000000
44743  -7.750  -42.747  75.947 0.0000000000
44759  -5.146  -44.161  73.931 0.0000000000
44775  -5.766  -43.151  75.584 0.0000000000
46001  -7.948  -41.702  76.812 0.0000000000
46018  -5.979  -42.600  76.110 0.0000000000
46019  -6.369  -42.544  76.265 0.0000000000
46022  -8.042  -41.970  76.724 0.0000000000
46024  -9.114  -41.365  76.982 0.0000000000
46040  -5.933  -42.971  76.105 0.0000000000
46057  -5.842  -43.073  75.833 0.0000000000
46071  -9.434  -42.153  74.754 0.0000000000
47127  -7.158  -41.347  76.422 0.0000000000
47128  -7.441  -41.472  76.610 0.0000000000
47146  -7.149  -41.881  76.485 0.0000000000
47149  -10.000  -40.904  76.852 0.0000000000
48143  -7.283  -41.156  76.504 0.0000000000
48293  -11.795  -39.996  70.825 0.0000000000
52734  -13.429  -37.126  71.573 0.0000000000
52752  -15.456  -35.540  70.368 0.0000000000
52769  -15.493  -35.613  69.909 0.0000000000
53958  -28.167  -34.418  68.846 0.0000000000
55176  -18.248  -34.654  65.703 0.0000000000
56318  -36.227  -33.692  65.235 0.0000000000
56338  -37.244  -33.397  64.383 0.0000000000
56356  -35.944  -34.698  63.306 0.0000000000
56396  -35.515  -33.966  62.020 0.0000000000
57449  -20.574  -32.801  67.325 0.0000000000
57451  -37.554  -31.672  66.950 0.0000000000
57457  -19.684  -33.240  67.244 0.0000000000
57460  -37.323  -31.830  66.438 0.0000000000
57472  -36.933  -32.592  65.431 0.0000000000
57544  -37.445  -33.068  61.737 0.0000000000
58706  -37.428  -31.487  66.366 0.0000000000
58737  -26.694  -32.440  61.867 0.0000000000
58739  -38.217  -32.647  62.219 0.0000000000
58741  -38.537  -31.610  63.696 0.0000000000
58749  -26.647  -32.611  61.489 0.0000000000
59894  -37.669  -31.019  64.867 0.0000000000
59895  -37.614  -30.861  65.269 0.0000000000
59902  -37.827  -30.920  64.372 0.0000000000
59919  -38.635  -31.019  62.752 0.0000000000
61109  -37.680  -30.337  64.200 0.0000000000
62242  -37.611  -29.812  64.843 0.0000000000
62331  -36.755  -29.500  57.906 0.0000000000
63383  -37.569  -29.526  64.993 0.0000000000
64541  -36.914  -28.594  64.013 0.0000000000
65676  -36.452  -27.568  64.927 0.0000000000
67878  -34.523  -24.347  65.608 0.0000000000
68966  -34.608  -23.862  66.133 0.0000000000
71459  -32.554  -21.816  57.576 0.0000000000
72556  -34.915  -20.065  61.073 0.0000000000
72614  -40.498  -17.873  57.589 0.0000000000
72638  -40.209  -17.808  57.177 0.0000000000
72642  -42.153  -18.073  57.238 0.0000000000
72643  -42.790  -17.805  57.461 0.0000000000
72658  -33.628  -20.735  55.882 0.0000000000
73774  -43.282  -17.666  57.428 0.0000000000
73796  -42.043  -18.182  56.494 0.0000000000
73799  -43.604  -17.573  57.360 0.0000000000
73820  -42.277  -18.017  56.300 0.0000000000
74825  -45.134  -17.026  58.036 0.0000000000
75898  -42.931  -16.074  55.390 0.0000000000
76950  -43.798  -16.791  56.178 0.0000000000
78049  -42.981  -14.567  54.899 0.0000000000
78062  -43.175  -15.122  55.323 0.0000000000
80219  -44.292  -13.202  55.481 0.0000000000
81329  -43.321  -12.730  54.370 0.0000000000
83472  -45.505  -9.505  53.908 0.0000000000
83516  -51.149  -9.428  51.005 0.0000000000
83534  -50.695  -9.203  50.872 0.0000000000
83554  -50.907  -9.241  50.866 0.0000000000
84604  -49.034  -8.221  52.795 0.0000000000
84614  -51.067  -8.005  51.526 0.0000000000
84625  -51.431  -8.490  50.992 0.0000000000
84665  -50.590  -8.379  50.046 0.0000000000
85727  -50.616  -7.814  52.369 0.0000000000
85783  -48.282  -8.206  47.365 0.0000000000
86889  -53.905  -5.569  46.842 0.0000000000
87938  -52.984  -6.889  49.603 0.0000000000
87960  -51.882  -6.502  46.808 0.0000000000
87970  -54.390  -5.197  46.108 0.0000000000
137981  -5.450  -43.987  74.551 0.0000000000
