#!ascii label  , from subject MOT01 vox2ras=TkReg
1107
112647  -56.470  17.568  41.516 0.0000000000
120484  -46.288  28.278  39.632 0.0000000000
113491  -44.998  17.667  47.804 0.0000000000
117165  -48.113  23.717  48.183 0.0000000000
119641  -53.064  26.450  38.668 0.0000000000
122031  -49.037  29.162  46.764 0.0000000000
118800  -49.709  25.312  42.855 0.0000000000
116429  -44.619  22.426  45.494 0.0000000000
106029  -53.589  10.345  44.802 0.0000000000
107784  -57.409  12.558  43.996 0.0000000000
126290  -49.380  35.331  42.754 0.0000000000
122790  -49.854  30.810  37.211 0.0000000000
118177  -50.924  24.447  31.702 0.0000000000
111533  -51.727  16.828  45.413 0.0000000000
119537  -42.587  26.403  47.146 0.0000000000
115685  -48.717  21.719  49.343 0.0000000000
114997  -53.689  20.597  46.682 0.0000000000
113540  -49.303  18.794  44.412 0.0000000000
111570  -44.602  16.476  43.608 0.0000000000
113583  -54.725  19.157  40.632 0.0000000000
117289  -52.911  23.819  36.706 0.0000000000
118811  -52.983  25.358  41.670 0.0000000000
118043  -50.255  24.461  39.353 0.0000000000
118008  -47.436  24.296  41.068 0.0000000000
106915  -57.121  11.070  43.961 0.0000000000
107762  -57.260  11.474  46.611 0.0000000000
125646  -46.580  34.554  44.871 0.0000000000
119677  -50.111  26.395  35.307 0.0000000000
108645  -50.674  14.246  44.635 0.0000000000
111514  -48.645  16.790  46.908 0.0000000000
121320  -43.170  28.906  40.613 0.0000000000
120430  -44.700  27.919  43.516 0.0000000000
120386  -48.403  27.584  47.645 0.0000000000
118719  -46.979  25.964  49.548 0.0000000000
117933  -49.404  24.122  49.590 0.0000000000
114976  -51.881  21.058  48.594 0.0000000000
115707  -51.565  22.060  47.749 0.0000000000
114288  -51.262  20.041  45.575 0.0000000000
114992  -49.343  21.123  46.528 0.0000000000
114312  -44.621  19.505  45.022 0.0000000000
119622  -50.007  26.789  38.921 0.0000000000
120446  -47.934  27.900  42.441 0.0000000000
120449  -51.278  28.017  42.746 0.0000000000
119574  -50.977  27.041  44.830 0.0000000000
119554  -47.246  26.484  46.008 0.0000000000
117178  -46.440  23.571  47.194 0.0000000000
118778  -45.755  25.432  44.409 0.0000000000
117981  -44.577  24.095  42.513 0.0000000000
106962  -55.169  12.008  41.991 0.0000000000
107807  -57.441  12.340  42.053 0.0000000000
109577  -56.274  14.528  42.016 0.0000000000
124189  -41.264  32.506  43.870 0.0000000000
124216  -44.360  32.514  41.662 0.0000000000
123462  -48.117  32.157  40.095 0.0000000000
122773  -51.057  30.857  38.565 0.0000000000
122121  -52.425  29.214  36.739 0.0000000000
118898  -53.245  25.044  34.795 0.0000000000
116539  -51.842  22.557  33.041 0.0000000000
116582  -50.144  22.967  29.138 0.0000000000
107769  -54.576  12.517  45.462 0.0000000000
108657  -53.678  13.881  43.361 0.0000000000
111575  -54.901  16.899  43.293 0.0000000000
115702  -42.945  22.254  48.121 0.0000000000
120385  -45.666  28.278  47.133 0.0000000000
117143  -45.277  23.703  48.876 0.0000000000
114251  -46.445  19.843  48.481 0.0000000000
113496  -50.090  18.738  47.641 0.0000000000
112575  -53.434  18.378  46.435 0.0000000000
114323  -55.553  19.227  43.810 0.0000000000
113561  -53.540  19.081  43.377 0.0000000000
112634  -51.241  17.833  42.517 0.0000000000
112632  -48.586  17.146  42.166 0.0000000000
115006  -46.953  20.679  45.790 0.0000000000
112603  -47.052  17.887  44.070 0.0000000000
110564  -45.889  15.878  41.580 0.0000000000
111596  -56.538  16.445  41.023 0.0000000000
113585  -56.269  18.093  39.977 0.0000000000
114355  -56.079  19.024  40.897 0.0000000000
117301  -51.400  23.505  35.926 0.0000000000
118065  -52.073  24.343  38.519 0.0000000000
118081  -50.394  24.234  37.402 0.0000000000
118062  -48.690  24.422  38.202 0.0000000000
112559  -47.155  17.313  47.520 0.0000000000
121326  -45.224  28.920  39.718 0.0000000000
118736  -47.467  25.935  48.290 0.0000000000
118738  -48.371  25.199  49.323 0.0000000000
117943  -48.910  24.655  49.111 0.0000000000
116396  -50.610  23.160  48.936 0.0000000000
116417  -50.121  22.830  48.306 0.0000000000
115715  -49.954  21.729  47.117 0.0000000000
115704  -48.388  22.435  47.442 0.0000000000
119640  -52.067  26.818  38.229 0.0000000000
120472  -50.634  26.990  41.006 0.0000000000
119605  -52.487  26.910  40.708 0.0000000000
117997  -51.535  25.065  42.042 0.0000000000
118791  -52.090  26.174  43.087 0.0000000000
119579  -50.249  26.208  44.328 0.0000000000
119556  -49.279  27.138  46.006 0.0000000000
118780  -48.227  26.119  44.428 0.0000000000
118779  -46.860  26.031  44.664 0.0000000000
118787  -47.712  25.652  43.593 0.0000000000
117992  -45.416  24.224  41.835 0.0000000000
106927  -57.684  11.803  43.643 0.0000000000
106965  -57.432  11.823  42.425 0.0000000000
108661  -57.515  13.061  42.994 0.0000000000
108678  -57.201  13.582  41.830 0.0000000000
108671  -56.970  13.595  42.381 0.0000000000
125658  -48.487  34.981  44.041 0.0000000000
124972  -45.496  33.880  43.536 0.0000000000
124987  -46.715  33.832  42.423 0.0000000000
124231  -46.532  32.411  40.722 0.0000000000
124997  -48.955  33.948  41.550 0.0000000000
124275  -50.185  32.755  38.315 0.0000000000
124255  -51.346  32.730  39.156 0.0000000000
124290  -51.527  31.967  38.018 0.0000000000
122099  -51.820  29.774  37.700 0.0000000000
122809  -51.874  29.993  36.697 0.0000000000
118153  -50.352  25.016  33.408 0.0000000000
118878  -51.500  25.774  34.956 0.0000000000
118156  -52.755  23.921  33.205 0.0000000000
116541  -53.379  23.169  33.569 0.0000000000
116571  -52.322  23.033  31.528 0.0000000000
116569  -51.004  22.494  30.984 0.0000000000
117393  -51.102  23.644  30.142 0.0000000000
106879  -50.549  11.676  48.672 0.0000000000
106881  -53.205  11.159  48.593 0.0000000000
106896  -52.517  11.414  47.625 0.0000000000
106907  -54.352  11.588  46.879 0.0000000000
107757  -52.706  12.010  46.047 0.0000000000
110510  -50.769  15.317  44.761 0.0000000000
109548  -52.373  14.398  43.721 0.0000000000
110533  -52.555  15.841  43.843 0.0000000000
110534  -53.711  15.784  43.106 0.0000000000
111551  -52.870  16.764  44.471 0.0000000000
118743  -41.766  25.213  47.326 0.0000000000
116411  -41.580  22.617  47.720 0.0000000000
117952  -42.656  24.416  47.990 0.0000000000
121291  -48.680  28.908  44.158 0.0000000000
121276  -46.873  28.555  44.887 0.0000000000
121254  -47.313  28.998  46.997 0.0000000000
117132  -47.650  24.134  49.821 0.0000000000
117929  -46.409  25.190  49.535 0.0000000000
116393  -46.552  22.774  49.265 0.0000000000
115682  -45.402  21.821  48.790 0.0000000000
114971  -47.038  20.890  48.868 0.0000000000
113486  -48.042  19.198  48.195 0.0000000000
114254  -49.424  20.088  48.467 0.0000000000
114986  -53.037  20.927  47.806 0.0000000000
114264  -52.242  19.674  47.831 0.0000000000
114266  -54.017  19.742  47.038 0.0000000000
112586  -55.013  18.806  45.297 0.0000000000
114292  -54.689  19.711  45.275 0.0000000000
114336  -54.349  19.417  43.579 0.0000000000
114321  -54.139  19.728  44.512 0.0000000000
114317  -49.783  19.378  44.948 0.0000000000
113542  -51.258  19.074  44.315 0.0000000000
113557  -49.800  18.274  43.819 0.0000000000
112633  -49.964  17.389  42.256 0.0000000000
112622  -49.251  17.679  43.177 0.0000000000
116430  -45.227  23.003  46.019 0.0000000000
115712  -46.370  22.149  46.546 0.0000000000
115724  -45.560  21.913  46.080 0.0000000000
112601  -44.855  17.361  44.249 0.0000000000
113536  -45.338  18.444  44.666 0.0000000000
112619  -45.684  16.995  43.725 0.0000000000
111582  -46.433  16.542  42.651 0.0000000000
110552  -44.956  15.764  42.456 0.0000000000
110563  -44.812  15.420  41.238 0.0000000000
108702  -56.886  14.162  39.632 0.0000000000
112654  -53.550  18.269  40.741 0.0000000000
118845  -53.677  25.073  38.185 0.0000000000
119626  -53.576  25.827  40.187 0.0000000000
118066  -53.102  24.498  38.652 0.0000000000
118029  -51.867  24.671  40.506 0.0000000000
118010  -49.965  24.566  41.196 0.0000000000
117995  -49.220  24.865  41.998 0.0000000000
118027  -49.464  24.478  40.200 0.0000000000
106045  -55.355  11.023  43.837 0.0000000000
106020  -56.771  10.370  45.537 0.0000000000
107780  -57.490  12.116  45.285 0.0000000000
127560  -48.319  37.192  43.298 0.0000000000
121366  -50.283  28.834  36.466 0.0000000000
119710  -49.314  25.771  31.993 0.0000000000
118932  -50.027  25.615  30.902 0.0000000000
107765  -49.884  12.893  45.621 0.0000000000
110501  -49.352  15.194  45.652 0.0000000000
110498  -50.061  16.282  45.949 0.0000000000
120396  -43.052  27.403  45.562 0.0000000000
121249  -49.045  28.643  47.384 0.0000000000
121234  -47.927  28.608  48.463 0.0000000000
119517  -47.687  26.823  48.796 0.0000000000
117931  -48.211  24.883  49.836 0.0000000000
116381  -48.929  23.308  49.807 0.0000000000
115686  -49.688  21.678  49.437 0.0000000000
115670  -50.774  22.363  49.425 0.0000000000
116398  -51.969  21.926  48.286 0.0000000000
115718  -52.757  21.229  47.217 0.0000000000
115012  -52.599  20.542  46.148 0.0000000000
114994  -51.391  21.067  46.695 0.0000000000
115010  -50.811  20.504  46.130 0.0000000000
114286  -49.294  19.897  45.493 0.0000000000
115033  -44.543  20.553  45.211 0.0000000000
113482  -43.624  18.551  48.118 0.0000000000
120502  -48.588  28.021  38.628 0.0000000000
120456  -46.479  27.621  41.417 0.0000000000
120470  -48.487  27.074  40.544 0.0000000000
120447  -49.073  27.982  42.486 0.0000000000
121292  -49.785  28.886  44.310 0.0000000000
120462  -52.597  27.110  42.348 0.0000000000
121310  -51.400  28.215  43.698 0.0000000000
121267  -50.170  28.947  46.186 0.0000000000
120399  -49.460  27.590  46.590 0.0000000000
119529  -47.406  26.519  47.553 0.0000000000
117954  -46.915  24.865  47.791 0.0000000000
117164  -47.097  23.703  47.608 0.0000000000
117953  -46.300  25.264  47.174 0.0000000000
117967  -45.628  24.780  46.412 0.0000000000
117973  -45.076  24.771  45.191 0.0000000000
118797  -46.665  25.113  42.757 0.0000000000
117982  -45.533  24.828  42.974 0.0000000000
106940  -56.447  11.479  42.664 0.0000000000
107806  -56.744  12.230  41.553 0.0000000000
107824  -56.390  12.690  40.755 0.0000000000
109595  -57.259  14.072  40.826 0.0000000000
110567  -56.825  15.202  41.171 0.0000000000
111595  -56.258  16.136  41.482 0.0000000000
123450  -40.305  31.226  41.985 0.0000000000
124203  -43.355  32.730  42.814 0.0000000000
122747  -42.358  31.094  41.023 0.0000000000
122752  -43.633  30.626  40.449 0.0000000000
122754  -45.477  30.871  39.981 0.0000000000
122066  -46.918  29.628  39.272 0.0000000000
126303  -50.255  34.953  40.787 0.0000000000
125005  -50.100  33.422  40.826 0.0000000000
123473  -48.912  31.763  39.706 0.0000000000
122075  -48.394  29.451  38.684 0.0000000000
121341  -49.515  28.710  38.349 0.0000000000
120514  -51.729  28.342  37.629 0.0000000000
120516  -52.892  27.431  37.154 0.0000000000
120528  -51.554  27.959  36.048 0.0000000000
120544  -52.580  26.895  35.895 0.0000000000
119665  -53.622  25.682  36.390 0.0000000000
118103  -53.589  24.112  36.140 0.0000000000
116515  -52.364  22.632  34.648 0.0000000000
116556  -49.886  22.543  32.407 0.0000000000
116575  -48.968  22.667  30.617 0.0000000000
118946  -50.521  25.647  29.611 0.0000000000
107760  -56.111  11.897  46.357 0.0000000000
107778  -55.379  12.981  44.574 0.0000000000
107775  -51.726  13.018  44.690 0.0000000000
108648  -53.303  13.369  44.021 0.0000000000
108659  -55.824  13.530  43.384 0.0000000000
109576  -55.337  14.712  42.355 0.0000000000
111585  -55.327  16.473  42.553 0.0000000000
112637  -55.918  17.378  42.861 0.0000000000
114249  -44.186  19.559  48.282 0.0000000000
120431  -45.820  28.048  43.614 0.0000000000
120398  -45.145  28.125  45.573 0.0000000000
120373  -44.355  27.260  47.546 0.0000000000
120360  -46.343  27.670  48.696 0.0000000000
120359  -45.112  27.205  48.237 0.0000000000
118733  -43.782  25.733  48.115 0.0000000000
117142  -44.070  23.634  48.479 0.0000000000
114969  -44.770  20.655  48.548 0.0000000000
113484  -45.946  18.763  48.241 0.0000000000
113494  -47.628  18.271  47.801 0.0000000000
112561  -49.477  17.552  47.186 0.0000000000
112573  -51.542  17.722  46.578 0.0000000000
114255  -50.497  19.840  48.272 0.0000000000
113498  -51.834  18.695  47.384 0.0000000000
112583  -52.388  17.478  45.944 0.0000000000
112606  -54.577  17.786  44.649 0.0000000000
112626  -55.614  17.897  43.654 0.0000000000
113563  -56.349  18.622  42.791 0.0000000000
114349  -55.251  19.434  42.279 0.0000000000
113576  -53.939  18.729  41.824 0.0000000000
112645  -53.094  18.199  41.596 0.0000000000
113543  -52.130  19.188  44.283 0.0000000000
113568  -52.074  18.390  43.075 0.0000000000
112644  -51.988  17.692  41.440 0.0000000000
112643  -50.768  17.364  41.264 0.0000000000
111602  -48.977  16.847  40.201 0.0000000000
115713  -47.527  22.042  46.924 0.0000000000
115726  -47.449  21.194  46.198 0.0000000000
114315  -47.878  19.294  44.945 0.0000000000
114282  -45.410  20.223  45.359 0.0000000000
114314  -46.908  19.248  45.026 0.0000000000
113555  -48.051  18.225  44.095 0.0000000000
112631  -47.489  17.037  42.667 0.0000000000
111592  -47.321  16.500  41.597 0.0000000000
112655  -56.402  17.382  40.527 0.0000000000
113584  -56.160  18.691  40.285 0.0000000000
113579  -56.364  18.429  40.971 0.0000000000
117300  -50.397  23.773  35.793 0.0000000000
118100  -50.946  23.983  36.574 0.0000000000
118099  -49.755  24.213  36.114 0.0000000000
111512  -46.700  16.446  47.303 0.0000000000
112558  -46.176  17.202  47.539 0.0000000000
120483  -45.697  28.509  39.699 0.0000000000
120467  -45.260  28.151  40.278 0.0000000000
120468  -46.346  27.763  40.333 0.0000000000
117145  -48.552  24.334  48.607 0.0000000000
117942  -48.221  25.071  48.765 0.0000000000
116395  -49.805  23.480  48.653 0.0000000000
117166  -48.765  23.816  48.480 0.0000000000
116416  -49.003  23.189  48.272 0.0000000000
119624  -52.253  26.578  39.472 0.0000000000
118801  -50.897  25.433  42.776 0.0000000000
118789  -50.174  25.876  43.768 0.0000000000
118781  -49.369  26.124  44.396 0.0000000000
118788  -48.955  25.677  43.659 0.0000000000
106044  -54.265  10.899  43.930 0.0000000000
107791  -57.661  12.410  42.944 0.0000000000
108660  -56.813  13.315  43.256 0.0000000000
125659  -49.123  35.027  43.797 0.0000000000
124974  -47.230  34.212  42.937 0.0000000000
125666  -48.421  34.509  42.842 0.0000000000
124996  -47.950  33.537  41.522 0.0000000000
125669  -48.811  34.356  42.121 0.0000000000
123501  -49.179  31.500  37.615 0.0000000000
123488  -48.525  31.999  38.136 0.0000000000
123489  -49.643  32.213  37.980 0.0000000000
124288  -50.670  32.482  37.940 0.0000000000
123502  -50.443  31.846  37.575 0.0000000000
122791  -50.951  31.025  37.117 0.0000000000
122807  -50.539  30.534  36.939 0.0000000000
118165  -51.000  24.471  32.699 0.0000000000
118155  -51.741  24.404  33.262 0.0000000000
118166  -52.072  23.946  32.246 0.0000000000
117375  -52.578  23.357  32.355 0.0000000000
117384  -52.175  23.382  31.602 0.0000000000
116570  -51.757  22.934  31.124 0.0000000000
118185  -51.392  23.799  30.969 0.0000000000
106893  -49.339  11.763  47.619 0.0000000000
106894  -50.062  11.650  47.665 0.0000000000
106895  -51.125  11.569  47.399 0.0000000000
106905  -52.068  11.719  46.743 0.0000000000
110503  -51.122  16.290  45.222 0.0000000000
110532  -51.970  15.363  44.014 0.0000000000
110512  -52.249  16.298  44.401 0.0000000000
111573  -53.377  16.493  43.835 0.0000000000
120382  -42.336  27.010  46.299 0.0000000000
118760  -42.169  25.730  47.294 0.0000000000
117951  -41.871  24.494  47.650 0.0000000000
118744  -42.722  25.517  47.654 0.0000000000
121278  -49.054  29.199  45.174 0.0000000000
121277  -47.901  29.043  45.049 0.0000000000
121265  -48.310  29.220  46.287 0.0000000000
116380  -48.015  23.327  49.766 0.0000000000
116379  -46.954  23.132  49.444 0.0000000000
115666  -47.461  22.599  49.446 0.0000000000
115683  -46.672  22.159  49.148 0.0000000000
115684  -47.714  21.786  49.263 0.0000000000
114972  -48.081  20.883  48.910 0.0000000000
114973  -49.087  20.901  48.931 0.0000000000
114987  -53.635  20.508  47.228 0.0000000000
114988  -54.088  20.164  47.013 0.0000000000
114998  -54.101  20.249  46.729 0.0000000000
114272  -54.371  19.719  46.367 0.0000000000
115014  -54.134  20.258  46.110 0.0000000000
114291  -53.780  20.116  45.337 0.0000000000
113541  -50.283  18.887  44.367 0.0000000000
113556  -48.789  18.213  43.916 0.0000000000
112618  -45.128  16.822  43.763 0.0000000000
111571  -45.358  16.532  43.386 0.0000000000
111580  -45.071  16.153  43.109 0.0000000000
110530  -44.103  15.787  43.161 0.0000000000
109623  -57.022  14.705  39.646 0.0000000000
113589  -54.871  19.018  39.585 0.0000000000
113588  -54.142  18.618  40.165 0.0000000000
118084  -53.225  24.331  37.128 0.0000000000
118064  -50.950  24.304  38.458 0.0000000000
118044  -51.444  24.440  39.501 0.0000000000
118011  -51.160  24.747  41.289 0.0000000000
118028  -50.715  24.504  40.362 0.0000000000
118041  -48.072  24.220  38.899 0.0000000000
105067  -55.907  9.958  46.140 0.0000000000
106917  -57.655  11.559  44.658 0.0000000000
107772  -57.381  11.700  46.164 0.0000000000
127545  -48.498  36.668  44.478 0.0000000000
118916  -49.080  25.631  33.328 0.0000000000
119719  -49.485  26.402  31.348 0.0000000000
120574  -48.548  27.549  31.989 0.0000000000
111524  -48.260  16.060  46.654 0.0000000000
110496  -48.601  15.343  46.142 0.0000000000
111525  -49.017  16.266  46.470 0.0000000000
110497  -49.527  15.912  45.998 0.0000000000
111526  -49.788  16.630  46.384 0.0000000000
121319  -42.556  29.331  40.734 0.0000000000
120414  -43.872  27.757  44.562 0.0000000000
120377  -48.680  28.208  47.743 0.0000000000
120362  -48.239  28.278  48.363 0.0000000000
117932  -48.900  24.589  49.645 0.0000000000
118721  -48.377  25.122  49.631 0.0000000000
117133  -48.580  24.101  49.909 0.0000000000
117134  -49.301  23.902  49.759 0.0000000000
115669  -50.143  22.438  49.626 0.0000000000
116383  -50.383  23.002  49.404 0.0000000000
116418  -51.080  22.478  48.295 0.0000000000
116397  -51.432  22.262  48.661 0.0000000000
116419  -51.814  22.085  48.191 0.0000000000
115708  -52.393  21.658  47.912 0.0000000000
115717  -51.963  21.516  47.253 0.0000000000
114995  -52.296  20.996  46.708 0.0000000000
115716  -51.008  21.652  47.200 0.0000000000
114993  -50.391  21.097  46.622 0.0000000000
115009  -49.813  20.494  46.048 0.0000000000
115008  -48.812  20.515  45.955 0.0000000000
120486  -48.667  27.306  39.354 0.0000000000
119602  -49.335  26.845  39.779 0.0000000000
120460  -50.988  27.517  41.884 0.0000000000
120459  -49.854  27.477  41.728 0.0000000000
120448  -50.210  28.042  42.610 0.0000000000
121308  -49.441  28.519  43.366 0.0000000000
121309  -50.519  28.474  43.518 0.0000000000
119607  -53.422  25.860  41.068 0.0000000000
119606  -53.225  26.445  40.862 0.0000000000
119591  -53.096  26.303  41.811 0.0000000000
119581  -51.603  26.727  43.824 0.0000000000
120434  -52.028  26.993  43.555 0.0000000000
120418  -51.302  27.563  44.654 0.0000000000
121294  -51.259  28.067  44.542 0.0000000000
120417  -50.968  27.678  45.224 0.0000000000
120389  -50.225  27.992  46.434 0.0000000000
120400  -49.968  27.624  46.227 0.0000000000
119555  -48.139  26.774  46.051 0.0000000000
119539  -47.468  26.667  46.984 0.0000000000
118747  -47.061  26.027  47.666 0.0000000000
118762  -46.766  26.198  46.659 0.0000000000
118746  -46.524  25.800  47.003 0.0000000000
118773  -45.898  25.582  45.489 0.0000000000
117994  -47.969  24.788  41.966 0.0000000000
106031  -56.238  10.821  44.362 0.0000000000
106046  -56.041  11.099  43.697 0.0000000000
106925  -56.669  11.202  43.408 0.0000000000
106964  -57.013  11.790  42.189 0.0000000000
107825  -57.055  12.761  41.193 0.0000000000
108691  -56.884  13.491  40.355 0.0000000000
108679  -57.281  13.309  41.406 0.0000000000
109578  -56.848  14.029  41.786 0.0000000000
109594  -57.080  14.158  41.366 0.0000000000
109593  -56.687  14.643  41.578 0.0000000000
110566  -56.175  15.430  41.611 0.0000000000
124188  -40.461  32.362  44.128 0.0000000000
123441  -39.130  31.954  43.958 0.0000000000
124200  -40.505  32.236  43.251 0.0000000000
123444  -39.429  31.517  42.790 0.0000000000
123445  -40.789  31.831  42.446 0.0000000000
125636  -45.835  34.279  45.661 0.0000000000
125645  -45.745  34.207  44.769 0.0000000000
124205  -44.859  33.042  42.203 0.0000000000
124984  -44.108  33.131  43.089 0.0000000000
124215  -43.457  32.403  41.926 0.0000000000
123447  -42.376  32.141  42.153 0.0000000000
123453  -43.725  31.899  41.321 0.0000000000
123458  -43.243  31.292  40.890 0.0000000000
123454  -44.317  32.062  41.210 0.0000000000
123461  -46.991  31.860  40.208 0.0000000000
123460  -45.721  31.469  40.264 0.0000000000
123471  -46.368  31.124  39.793 0.0000000000
122759  -46.722  30.448  39.486 0.0000000000
123472  -47.506  31.331  39.678 0.0000000000
124999  -50.277  33.821  40.989 0.0000000000
125674  -50.524  34.348  40.273 0.0000000000
123475  -51.158  31.888  39.139 0.0000000000
123474  -50.175  31.824  39.521 0.0000000000
122762  -50.511  31.227  39.001 0.0000000000
122771  -48.886  30.146  38.803 0.0000000000
122772  -49.985  30.381  38.793 0.0000000000
122076  -49.306  29.529  38.562 0.0000000000
122077  -50.488  29.670  38.404 0.0000000000
122100  -52.343  29.546  37.239 0.0000000000
121352  -51.458  28.843  37.747 0.0000000000
121353  -52.108  28.859  37.494 0.0000000000
120515  -52.084  27.785  37.550 0.0000000000
120526  -49.463  27.950  36.268 0.0000000000
120527  -50.566  27.962  36.219 0.0000000000
120542  -50.844  27.176  35.800 0.0000000000
118897  -52.759  25.116  34.554 0.0000000000
119679  -52.058  26.359  35.443 0.0000000000
119680  -52.774  26.106  35.604 0.0000000000
119664  -53.178  26.437  36.145 0.0000000000
118881  -53.505  25.045  35.363 0.0000000000
118865  -53.713  24.765  36.025 0.0000000000
118120  -53.621  24.146  35.214 0.0000000000
116516  -53.029  22.654  34.686 0.0000000000
116523  -51.675  22.636  34.109 0.0000000000
117337  -51.440  22.729  34.420 0.0000000000
116538  -50.879  22.541  33.274 0.0000000000
116537  -50.221  22.606  33.094 0.0000000000
116576  -49.950  22.778  30.084 0.0000000000
116568  -49.984  22.410  31.245 0.0000000000
117391  -48.862  23.101  29.761 0.0000000000
117400  -48.864  23.685  29.074 0.0000000000
118933  -50.440  25.364  30.330 0.0000000000
106899  -55.804  11.182  47.603 0.0000000000
107758  -53.863  12.104  46.174 0.0000000000
107759  -55.041  12.050  46.253 0.0000000000
107770  -55.813  12.477  45.628 0.0000000000
108642  -50.306  13.704  44.953 0.0000000000
107766  -50.986  12.727  45.248 0.0000000000
107774  -51.158  13.151  44.769 0.0000000000
108656  -52.859  13.936  43.600 0.0000000000
108649  -54.384  13.312  43.899 0.0000000000
108658  -54.757  13.815  43.188 0.0000000000
108669  -55.383  14.024  42.800 0.0000000000
109558  -54.809  14.406  42.674 0.0000000000
110535  -54.323  16.336  43.096 0.0000000000
110555  -54.696  15.813  42.575 0.0000000000
111586  -55.940  16.643  42.204 0.0000000000
111576  -55.589  17.093  42.924 0.0000000000
116412  -42.488  22.780  47.917 0.0000000000
114968  -43.637  20.574  48.336 0.0000000000
120457  -47.596  27.464  41.489 0.0000000000
121305  -46.737  28.140  43.277 0.0000000000
121263  -46.170  28.523  45.614 0.0000000000
121275  -45.893  28.318  44.737 0.0000000000
121252  -45.577  28.353  46.001 0.0000000000
120397  -44.269  27.775  45.620 0.0000000000
120384  -45.031  27.958  46.637 0.0000000000
120352  -46.883  27.264  49.142 0.0000000000
121233  -47.141  28.434  48.445 0.0000000000
120351  -46.518  27.198  49.103 0.0000000000
117940  -45.791  24.460  49.183 0.0000000000
118735  -45.622  25.415  49.087 0.0000000000
118734  -44.748  25.588  48.554 0.0000000000
119514  -44.411  26.445  48.188 0.0000000000
117939  -44.937  24.595  48.721 0.0000000000
116391  -44.784  22.699  48.707 0.0000000000
114970  -45.926  20.818  48.738 0.0000000000
114250  -45.328  19.660  48.400 0.0000000000
113493  -46.577  18.085  47.811 0.0000000000
113485  -47.019  18.973  48.278 0.0000000000
113488  -49.533  19.328  48.063 0.0000000000
113495  -48.824  18.571  47.756 0.0000000000
112572  -50.295  17.277  46.693 0.0000000000
112562  -50.615  18.008  47.142 0.0000000000
114975  -50.952  20.917  48.791 0.0000000000
114974  -50.079  20.881  48.912 0.0000000000
114256  -51.613  20.249  48.309 0.0000000000
113500  -53.499  19.259  47.186 0.0000000000
113499  -52.788  19.093  47.382 0.0000000000
113507  -53.213  18.631  46.896 0.0000000000
112574  -52.805  18.085  46.441 0.0000000000
112584  -53.654  17.963  45.718 0.0000000000
113520  -55.185  19.103  45.037 0.0000000000
112607  -55.167  18.513  44.763 0.0000000000
113544  -55.511  18.849  44.237 0.0000000000
112627  -56.181  18.305  43.189 0.0000000000
113562  -55.977  18.747  43.484 0.0000000000
114339  -56.363  18.956  42.258 0.0000000000
114338  -55.984  19.257  42.887 0.0000000000
114348  -54.688  19.380  42.831 0.0000000000
113570  -53.944  18.985  42.722 0.0000000000
113575  -53.396  18.554  42.255 0.0000000000
114289  -52.074  20.187  45.671 0.0000000000
114290  -52.825  20.136  45.471 0.0000000000
114319  -51.908  19.678  44.977 0.0000000000
113567  -51.351  18.267  43.250 0.0000000000
113559  -51.722  18.692  43.739 0.0000000000
112635  -52.389  18.166  42.290 0.0000000000
112642  -49.471  17.009  41.055 0.0000000000
112641  -48.736  16.876  41.371 0.0000000000
111601  -48.226  16.600  40.506 0.0000000000
111593  -48.114  16.718  41.338 0.0000000000
116414  -47.145  23.109  47.430 0.0000000000
116425  -46.756  22.852  47.125 0.0000000000
115725  -46.633  21.461  46.211 0.0000000000
115007  -47.864  20.572  45.842 0.0000000000
114284  -47.385  19.936  45.430 0.0000000000
113537  -46.445  18.506  44.599 0.0000000000
113538  -47.479  18.558  44.474 0.0000000000
112604  -47.639  18.056  44.054 0.0000000000
112621  -47.949  17.649  43.458 0.0000000000
111590  -46.049  16.170  42.241 0.0000000000
111583  -47.080  16.660  42.258 0.0000000000
110565  -46.524  16.108  41.341 0.0000000000
111599  -46.924  16.245  41.261 0.0000000000
110579  -56.856  15.526  40.436 0.0000000000
111604  -56.457  16.392  40.036 0.0000000000
113591  -56.125  17.970  39.418 0.0000000000
117302  -52.472  23.522  36.301 0.0000000000
118083  -52.531  24.090  37.189 0.0000000000
118101  -51.950  23.905  36.670 0.0000000000
118082  -51.528  24.191  37.482 0.0000000000
118063  -49.782  24.369  38.336 0.0000000000
111513  -47.634  16.487  47.081 0.0000000000
121321  -44.313  28.967  40.125 0.0000000000
120466  -44.333  28.338  40.553 0.0000000000
120443  -44.433  27.810  42.379 0.0000000000
118737  -47.765  25.938  48.745 0.0000000000
117944  -49.453  24.184  49.331 0.0000000000
117136  -50.279  23.337  49.274 0.0000000000
117147  -49.964  23.754  49.088 0.0000000000
115706  -50.588  22.266  47.699 0.0000000000
115705  -49.497  22.398  47.631 0.0000000000
115714  -48.832  21.815  46.995 0.0000000000
119639  -51.019  27.053  38.378 0.0000000000
119603  -50.319  26.666  39.986 0.0000000000
119623  -51.166  26.637  39.177 0.0000000000
119604  -51.437  26.712  40.272 0.0000000000
119589  -51.692  27.188  41.166 0.0000000000
118810  -52.431  25.149  41.956 0.0000000000
118803  -52.637  26.013  42.496 0.0000000000
118802  -52.069  25.469  42.492 0.0000000000
118790  -51.302  25.986  43.383 0.0000000000
119580  -50.742  26.384  44.184 0.0000000000
119557  -50.274  27.272  45.535 0.0000000000
119573  -50.005  26.527  44.912 0.0000000000
119572  -48.789  26.547  45.158 0.0000000000
119571  -47.703  26.421  45.265 0.0000000000
119570  -47.066  26.319  45.402 0.0000000000
106938  -54.484  11.621  42.574 0.0000000000
106916  -57.602  11.240  44.127 0.0000000000
106926  -57.407  11.420  43.431 0.0000000000
108672  -57.534  13.045  42.252 0.0000000000
124182  -41.971  32.657  44.540 0.0000000000
125647  -47.568  35.043  44.989 0.0000000000
125655  -45.655  34.103  44.184 0.0000000000
125657  -47.383  34.544  43.741 0.0000000000
124973  -46.479  34.074  43.199 0.0000000000
124217  -45.378  32.821  41.676 0.0000000000
124229  -44.782  32.262  41.208 0.0000000000
124218  -46.281  32.883  41.361 0.0000000000
124219  -47.080  33.072  41.154 0.0000000000
124232  -47.723  32.775  40.690 0.0000000000
125030  -48.747  33.322  38.796 0.0000000000
125019  -50.758  33.579  39.428 0.0000000000
125032  -50.560  33.351  38.707 0.0000000000
124277  -51.360  32.578  38.535 0.0000000000
123492  -51.513  31.677  38.474 0.0000000000
122078  -51.405  30.119  38.217 0.0000000000
122774  -51.786  30.757  38.081 0.0000000000
122792  -51.746  30.477  37.345 0.0000000000
122810  -52.223  29.675  36.668 0.0000000000
118894  -49.884  25.675  34.594 0.0000000000
118877  -50.679  25.847  34.966 0.0000000000
118895  -50.837  25.256  34.215 0.0000000000
118141  -52.331  24.612  33.950 0.0000000000
118157  -53.195  23.966  33.686 0.0000000000
117338  -53.498  23.536  34.319 0.0000000000
117358  -53.035  23.340  33.130 0.0000000000
116540  -52.732  22.835  32.961 0.0000000000
116558  -51.956  22.389  31.927 0.0000000000
116557  -50.964  22.345  32.121 0.0000000000
116577  -51.010  22.947  29.844 0.0000000000
107736  -48.726  11.969  48.475 0.0000000000
106878  -49.535  11.752  48.234 0.0000000000
106880  -51.884  11.387  48.586 0.0000000000
106906  -53.195  11.673  46.844 0.0000000000
107768  -53.342  12.478  45.395 0.0000000000
109546  -50.977  14.784  44.470 0.0000000000
108646  -51.163  13.777  44.488 0.0000000000
109547  -51.699  14.687  44.040 0.0000000000
109555  -52.258  15.026  43.709 0.0000000000
109556  -52.967  14.774  43.279 0.0000000000
109557  -54.012  14.646  42.771 0.0000000000
111574  -54.100  16.666  43.614 0.0000000000
117160  -42.079  23.594  47.877 0.0000000000
116413  -43.249  23.058  48.135 0.0000000000
121307  -48.320  28.440  43.251 0.0000000000
121306  -47.291  28.250  43.242 0.0000000000
121290  -47.582  28.650  44.052 0.0000000000
121264  -47.106  28.832  45.929 0.0000000000
121253  -46.143  28.546  46.705 0.0000000000
117930  -47.325  25.050  49.768 0.0000000000
118718  -46.219  26.065  49.350 0.0000000000
117131  -46.577  24.039  49.517 0.0000000000
117144  -45.931  23.812  49.191 0.0000000000
114252  -47.500  19.995  48.459 0.0000000000
114253  -48.486  20.098  48.474 0.0000000000
114258  -52.877  20.718  48.022 0.0000000000
114257  -52.456  20.515  48.175 0.0000000000
114265  -53.157  20.071  47.660 0.0000000000
113508  -53.944  18.854  46.612 0.0000000000
113518  -54.349  18.695  46.018 0.0000000000
113509  -54.417  19.148  46.332 0.0000000000
114293  -55.230  19.315  44.534 0.0000000000
114337  -55.220  19.488  43.296 0.0000000000
114322  -54.976  19.582  44.205 0.0000000000
114335  -53.588  19.388  43.974 0.0000000000
114318  -50.780  19.522  44.921 0.0000000000
113558  -50.808  18.435  43.695 0.0000000000
112623  -50.348  17.874  43.152 0.0000000000
117177  -45.831  23.553  46.697 0.0000000000
116424  -45.926  22.593  46.483 0.0000000000
115711  -45.933  22.196  46.385 0.0000000000
115005  -45.999  20.894  45.736 0.0000000000
113535  -44.198  18.428  44.663 0.0000000000
112602  -46.029  17.668  44.184 0.0000000000
112620  -46.701  17.126  43.364 0.0000000000
111572  -45.972  16.660  43.200 0.0000000000
111581  -45.649  16.233  42.780 0.0000000000
110553  -45.643  15.989  42.281 0.0000000000
110551  -43.604  15.133  42.103 0.0000000000
108701  -56.232  13.869  39.230 0.0000000000
119642  -53.617  25.824  39.023 0.0000000000
118836  -53.606  25.146  39.498 0.0000000000
118031  -53.230  24.872  40.640 0.0000000000
118045  -52.500  24.519  39.681 0.0000000000
118030  -52.815  24.724  40.693 0.0000000000
118012  -52.284  24.907  41.465 0.0000000000
117996  -50.432  24.976  42.039 0.0000000000
118009  -48.705  24.413  41.100 0.0000000000
118042  -49.060  24.400  39.176 0.0000000000
118026  -48.070  24.182  39.969 0.0000000000
106030  -54.896  10.581  44.584 0.0000000000
106032  -57.239  10.882  44.623 0.0000000000
126252  -47.896  35.608  45.556 0.0000000000
126266  -48.472  35.571  44.722 0.0000000000
126277  -49.072  35.376  44.098 0.0000000000
126930  -49.266  35.831  43.346 0.0000000000
122118  -49.980  29.858  36.724 0.0000000000
119691  -49.399  26.081  34.924 0.0000000000
118906  -49.177  25.658  34.113 0.0000000000
118917  -49.579  25.334  32.641 0.0000000000
118176  -50.333  24.831  32.341 0.0000000000
118926  -50.469  24.931  31.032 0.0000000000
118925  -49.940  25.235  31.656 0.0000000000
110500  -48.900  14.884  45.795 0.0000000000
109543  -49.740  14.617  45.234 0.0000000000
110502  -50.372  15.783  45.357 0.0000000000
111532  -51.018  16.561  45.610 0.0000000000
120383  -43.523  27.288  46.706 0.0000000000
122026  -49.313  29.002  47.049 0.0000000000
122020  -48.161  29.285  47.603 0.0000000000
121248  -48.570  28.845  47.901 0.0000000000
120361  -47.544  27.755  48.828 0.0000000000
119502  -47.307  26.750  49.244 0.0000000000
118720  -47.830  25.746  49.420 0.0000000000
115667  -48.372  22.551  49.605 0.0000000000
115668  -49.295  22.503  49.655 0.0000000000
115687  -50.593  21.697  49.377 0.0000000000
115688  -51.368  21.851  49.079 0.0000000000
116384  -50.991  22.582  49.177 0.0000000000
115689  -51.954  21.682  48.457 0.0000000000
114977  -52.531  21.160  48.237 0.0000000000
115709  -53.073  21.068  47.485 0.0000000000
114996  -53.072  20.845  46.674 0.0000000000
115013  -53.405  20.470  46.087 0.0000000000
115011  -51.749  20.540  46.178 0.0000000000
114287  -50.280  19.939  45.535 0.0000000000
114316  -48.820  19.329  44.946 0.0000000000
115723  -44.808  21.746  45.543 0.0000000000
115738  -44.048  21.532  45.059 0.0000000000
112600  -43.739  17.619  44.411 0.0000000000
111549  -44.003  16.931  44.119 0.0000000000
120485  -47.456  27.968  39.277 0.0000000000
120469  -47.448  27.401  40.355 0.0000000000
120471  -49.528  26.985  40.781 0.0000000000
120458  -48.721  27.431  41.579 0.0000000000
119625  -53.139  26.365  39.825 0.0000000000
120473  -52.495  27.218  41.355 0.0000000000
120461  -52.122  27.535  41.884 0.0000000000
119585  -52.567  26.604  42.648 0.0000000000
120450  -52.083  27.738  42.979 0.0000000000
121293  -50.725  28.632  44.463 0.0000000000
121279  -50.085  29.047  45.270 0.0000000000
122032  -49.630  29.107  46.665 0.0000000000
121257  -49.755  28.663  46.951 0.0000000000
120378  -49.284  28.295  47.212 0.0000000000
119540  -48.404  27.263  46.905 0.0000000000
119530  -47.715  26.825  47.928 0.0000000000
118748  -47.500  26.234  48.225 0.0000000000
117941  -47.509  25.414  48.324 0.0000000000
117955  -47.708  24.515  48.287 0.0000000000
117163  -46.263  24.274  47.234 0.0000000000
118774  -46.611  26.107  45.763 0.0000000000
117182  -45.165  23.960  45.960 0.0000000000
117181  -44.508  23.613  45.233 0.0000000000
118799  -48.486  25.258  42.790 0.0000000000
118798  -47.313  25.210  42.738 0.0000000000
118786  -46.462  25.344  43.446 0.0000000000
117993  -46.606  24.695  42.123 0.0000000000
117983  -46.307  25.026  42.813 0.0000000000
118785  -45.683  25.168  43.718 0.0000000000
106924  -55.829  11.255  43.215 0.0000000000
106939  -55.506  11.535  42.587 0.0000000000
106941  -57.201  11.527  42.775 0.0000000000
106963  -56.166  11.863  42.040 0.0000000000
108690  -55.894  13.206  39.949 0.0000000000
109609  -57.230  14.323  40.170 0.0000000000
110568  -57.198  14.540  41.023 0.0000000000
110580  -57.219  14.776  40.638 0.0000000000
111587  -56.356  16.915  41.793 0.0000000000
124183  -42.551  32.741  44.239 0.0000000000
124971  -44.575  33.488  43.687 0.0000000000
124970  -43.733  33.089  43.742 0.0000000000
124201  -41.456  32.378  42.985 0.0000000000
123446  -41.808  31.989  42.247 0.0000000000
123451  -41.315  31.388  41.755 0.0000000000
122053  -41.151  29.937  41.418 0.0000000000
122750  -42.050  30.300  40.899 0.0000000000
122059  -42.960  29.828  40.466 0.0000000000
122060  -43.894  29.762  40.190 0.0000000000
123459  -44.441  31.583  40.733 0.0000000000
122753  -44.808  30.574  40.114 0.0000000000
122063  -44.658  29.735  39.892 0.0000000000
122064  -45.209  29.698  39.680 0.0000000000
122065  -45.944  29.678  39.439 0.0000000000
125670  -49.320  34.618  42.065 0.0000000000
124998  -49.879  33.848  41.405 0.0000000000
125004  -49.398  33.396  40.962 0.0000000000
124233  -48.815  32.785  40.481 0.0000000000
124254  -50.673  32.764  39.723 0.0000000000
124253  -49.877  32.487  39.987 0.0000000000
122760  -48.026  30.475  39.195 0.0000000000
122074  -47.699  29.513  38.936 0.0000000000
121339  -47.811  28.786  38.798 0.0000000000
120501  -48.066  28.347  38.759 0.0000000000
120503  -49.693  27.623  38.392 0.0000000000
122098  -51.221  29.440  38.033 0.0000000000
121342  -50.550  28.696  38.016 0.0000000000
119638  -50.410  27.265  38.345 0.0000000000
120505  -51.545  27.309  37.930 0.0000000000
119653  -52.986  26.762  37.759 0.0000000000
122119  -51.149  29.579  36.549 0.0000000000
121367  -51.326  28.764  36.357 0.0000000000
121368  -52.143  28.642  36.301 0.0000000000
119678  -51.166  26.423  35.433 0.0000000000
120529  -52.375  27.772  36.101 0.0000000000
121369  -52.593  28.207  36.657 0.0000000000
120530  -52.936  27.294  36.446 0.0000000000
120531  -53.411  26.657  36.845 0.0000000000
119654  -53.668  26.060  37.662 0.0000000000
118855  -53.747  24.959  36.945 0.0000000000
117303  -53.202  23.494  36.230 0.0000000000
117318  -53.414  23.302  35.172 0.0000000000
117317  -52.817  22.870  35.423 0.0000000000
117316  -51.763  22.857  34.998 0.0000000000
117315  -50.629  23.321  35.056 0.0000000000
116567  -49.071  22.649  31.531 0.0000000000
118184  -51.028  24.209  30.750 0.0000000000
118194  -50.727  24.551  29.839 0.0000000000
117413  -50.267  23.860  28.790 0.0000000000
106910  -57.021  11.365  46.995 0.0000000000
106908  -55.441  11.511  46.921 0.0000000000
107761  -56.909  11.735  46.537 0.0000000000
107771  -56.838  12.230  45.896 0.0000000000
107779  -56.679  12.739  44.975 0.0000000000
107783  -56.398  13.139  44.064 0.0000000000
107756  -51.605  11.998  45.984 0.0000000000
107767  -52.185  12.465  45.315 0.0000000000
108647  -52.231  13.652  44.099 0.0000000000
107776  -52.782  12.905  44.664 0.0000000000
107777  -53.962  12.902  44.669 0.0000000000
107782  -55.747  13.262  43.967 0.0000000000
108670  -56.129  13.883  42.640 0.0000000000
109575  -54.580  14.970  42.480 0.0000000000
110556  -55.569  15.617  42.060 0.0000000000
112638  -56.306  17.733  42.565 0.0000000000
114248  -43.047  19.578  48.191 0.0000000000
113483  -44.753  18.401  48.054 0.0000000000
121289  -46.563  28.279  43.905 0.0000000000
120416  -45.668  28.177  44.272 0.0000000000
120415  -45.076  28.069  44.624 0.0000000000
119538  -43.297  26.810  47.230 0.0000000000
121246  -46.573  28.593  47.767 0.0000000000
120374  -45.620  28.029  47.743 0.0000000000
119500  -46.132  26.456  49.247 0.0000000000
119515  -45.677  26.541  48.928 0.0000000000
120358  -44.489  26.961  47.979 0.0000000000
119513  -43.890  26.205  48.010 0.0000000000
118745  -43.321  25.786  47.834 0.0000000000
117937  -43.252  25.046  48.134 0.0000000000
117162  -43.359  23.622  48.253 0.0000000000
116390  -43.735  22.443  48.328 0.0000000000
115681  -44.233  21.599  48.487 0.0000000000
113492  -45.613  17.882  47.806 0.0000000000
112560  -48.230  17.470  47.418 0.0000000000
111515  -49.320  16.862  46.732 0.0000000000
112571  -49.712  17.078  46.739 0.0000000000
111527  -50.621  16.765  46.076 0.0000000000
111528  -51.326  17.042  45.945 0.0000000000
114262  -50.734  19.165  47.793 0.0000000000
114263  -51.338  19.386  47.855 0.0000000000
113497  -50.986  18.680  47.510 0.0000000000
112563  -51.255  18.253  47.158 0.0000000000
111534  -52.710  17.176  45.247 0.0000000000
111535  -53.403  17.332  44.984 0.0000000000
112605  -53.885  17.568  44.963 0.0000000000
111553  -54.475  17.230  43.980 0.0000000000
112585  -54.635  18.488  45.407 0.0000000000
112625  -54.921  17.491  43.913 0.0000000000
113572  -56.522  18.406  41.986 0.0000000000
114351  -56.348  18.871  41.547 0.0000000000
114350  -55.985  19.247  41.871 0.0000000000
114354  -55.383  19.326  41.254 0.0000000000
113577  -54.650  19.171  41.541 0.0000000000
113582  -54.128  18.733  41.036 0.0000000000
114320  -53.040  19.600  44.630 0.0000000000
113560  -52.735  18.975  43.716 0.0000000000
113569  -53.013  18.611  42.831 0.0000000000
112652  -51.587  17.376  40.280 0.0000000000
112651  -50.314  17.097  39.986 0.0000000000
116415  -47.661  22.855  47.523 0.0000000000
114991  -48.296  21.202  46.389 0.0000000000
114285  -48.333  19.915  45.430 0.0000000000
115004  -45.064  21.143  45.485 0.0000000000
114313  -45.853  19.291  45.090 0.0000000000
114283  -46.413  20.025  45.437 0.0000000000
113539  -48.382  18.735  44.464 0.0000000000
111584  -47.712  16.819  42.002 0.0000000000
112630  -46.931  16.818  42.749 0.0000000000
106033  -57.611  11.119  44.645 0.0000000000
106877  -49.001  11.781  47.914 0.0000000000
106898  -54.839  11.205  47.635 0.0000000000
106942  -57.621  11.825  42.832 0.0000000000
108643  -50.861  13.290  44.819 0.0000000000
108650  -55.235  13.340  43.787 0.0000000000
109542  -49.125  14.480  45.636 0.0000000000
109544  -50.388  14.763  44.801 0.0000000000
110511  -51.500  15.836  44.568 0.0000000000
110531  -44.698  16.000  43.123 0.0000000000
110554  -54.206  15.317  42.652 0.0000000000
110577  -46.687  16.014  40.651 0.0000000000
111550  -52.175  16.638  44.800 0.0000000000
111552  -53.824  17.136  44.378 0.0000000000
111591  -46.600  16.300  41.852 0.0000000000
111594  -48.721  16.770  40.896 0.0000000000
112582  -51.745  17.278  45.984 0.0000000000
112624  -50.940  18.067  43.177 0.0000000000
112636  -52.968  18.362  42.251 0.0000000000
112646  -53.679  18.478  41.301 0.0000000000
112662  -56.040  17.799  38.993 0.0000000000
113487  -48.854  19.437  48.204 0.0000000000
113506  -52.463  18.419  46.957 0.0000000000
113519  -54.726  19.120  45.720 0.0000000000
113571  -54.507  19.187  42.242 0.0000000000
113578  -56.235  18.748  40.721 0.0000000000
114267  -54.224  19.992  46.828 0.0000000000
114271  -54.253  19.372  46.626 0.0000000000
114356  -56.297  18.810  41.160 0.0000000000
115665  -47.024  22.623  49.351 0.0000000000
115703  -47.840  22.406  47.311 0.0000000000
115719  -53.339  20.930  47.089 0.0000000000
116378  -46.531  23.412  49.381 0.0000000000
116382  -49.699  23.184  49.667 0.0000000000
116392  -46.063  23.054  49.174 0.0000000000
116394  -49.429  23.590  48.572 0.0000000000
116420  -52.124  21.927  48.101 0.0000000000
116426  -47.287  22.541  47.208 0.0000000000
116514  -51.978  22.655  34.610 0.0000000000
116522  -51.141  22.641  33.830 0.0000000000
116524  -52.573  22.589  33.919 0.0000000000
116525  -53.308  22.861  34.081 0.0000000000
116559  -52.507  22.834  31.850 0.0000000000
116578  -51.387  23.191  30.452 0.0000000000
116583  -50.422  23.344  29.048 0.0000000000
116587  -50.096  23.382  28.686 0.0000000000
116588  -50.284  23.465  28.811 0.0000000000
117135  -49.848  23.652  49.435 0.0000000000
117141  -43.337  24.190  48.270 0.0000000000
117146  -49.325  23.973  48.737 0.0000000000
117148  -50.191  23.496  49.220 0.0000000000
117161  -42.846  23.612  48.083 0.0000000000
117288  -52.687  23.818  36.711 0.0000000000
117359  -53.296  23.679  33.669 0.0000000000
117373  -49.356  22.824  32.590 0.0000000000
117374  -52.380  23.543  32.017 0.0000000000
117385  -52.491  23.122  31.784 0.0000000000
117392  -49.482  23.097  29.293 0.0000000000
117394  -51.501  23.502  30.893 0.0000000000
117401  -49.586  23.427  28.805 0.0000000000
117402  -50.655  23.809  29.412 0.0000000000
117938  -44.012  24.796  48.377 0.0000000000
117998  -52.134  25.099  42.024 0.0000000000
118013  -52.894  24.895  41.266 0.0000000000
118046  -53.224  24.756  40.019 0.0000000000
118102  -52.416  23.863  36.685 0.0000000000
118139  -51.008  25.013  33.880 0.0000000000
118140  -51.429  24.872  33.894 0.0000000000
118142  -53.272  24.364  34.252 0.0000000000
118154  -50.783  24.893  33.547 0.0000000000
118164  -50.293  24.877  33.061 0.0000000000
118167  -52.505  23.681  32.605 0.0000000000
118178  -51.551  23.831  31.337 0.0000000000
118732  -43.259  25.519  47.934 0.0000000000
118759  -41.657  25.746  47.019 0.0000000000
118761  -46.235  25.634  46.423 0.0000000000
118782  -49.977  26.136  44.380 0.0000000000
118792  -52.394  26.362  42.863 0.0000000000
118812  -53.329  25.553  41.238 0.0000000000
118824  -53.146  24.962  41.024 0.0000000000
118825  -53.405  25.258  40.696 0.0000000000
118879  -52.370  25.695  35.021 0.0000000000
118880  -53.062  25.503  35.158 0.0000000000
118893  -49.270  25.854  34.580 0.0000000000
118896  -51.889  25.227  34.426 0.0000000000
118907  -50.005  25.194  33.657 0.0000000000
118908  -50.524  25.115  33.804 0.0000000000
119501  -46.516  26.690  49.273 0.0000000000
119516  -46.250  27.062  49.081 0.0000000000
119526  -42.940  26.113  47.489 0.0000000000
119527  -43.544  26.385  47.672 0.0000000000
119528  -44.178  26.792  47.859 0.0000000000
119541  -49.065  27.443  46.669 0.0000000000
119558  -50.728  27.442  45.382 0.0000000000
119575  -51.455  27.195  44.323 0.0000000000
119582  -52.199  26.661  43.203 0.0000000000
119590  -52.262  27.267  41.276 0.0000000000
119592  -53.297  25.762  41.471 0.0000000000
119621  -49.327  26.983  39.241 0.0000000000
119652  -52.520  27.146  37.590 0.0000000000
119676  -49.137  26.552  35.322 0.0000000000
119681  -53.273  25.760  35.749 0.0000000000
119690  -48.772  26.137  34.603 0.0000000000
120372  -43.652  26.977  47.305 0.0000000000
120375  -46.259  28.208  48.183 0.0000000000
120376  -48.113  27.635  48.316 0.0000000000
120387  -49.056  27.762  47.130 0.0000000000
120388  -49.785  28.003  46.831 0.0000000000
120401  -50.540  27.794  45.840 0.0000000000
120432  -46.442  28.095  43.354 0.0000000000
120433  -51.709  27.463  43.850 0.0000000000
120445  -46.713  27.905  42.652 0.0000000000
120451  -52.273  27.121  43.126 0.0000000000
120454  -44.327  27.899  41.272 0.0000000000
120474  -52.817  27.031  41.501 0.0000000000
120487  -49.382  27.110  38.939 0.0000000000
120504  -51.021  27.813  37.829 0.0000000000
120517  -53.308  26.725  37.345 0.0000000000
120541  -49.799  27.178  35.843 0.0000000000
120543  -51.801  27.138  35.753 0.0000000000
121232  -46.583  28.271  48.313 0.0000000000
121245  -45.984  28.396  47.361 0.0000000000
121247  -47.757  29.148  47.916 0.0000000000
121255  -48.079  29.288  47.235 0.0000000000
121256  -49.098  28.874  47.317 0.0000000000
121258  -50.081  28.267  46.669 0.0000000000
121262  -45.614  28.322  45.409 0.0000000000
121266  -49.434  29.231  46.078 0.0000000000
121268  -50.288  28.344  46.274 0.0000000000
121274  -45.413  28.214  45.090 0.0000000000
121280  -50.699  28.327  45.375 0.0000000000
121281  -51.142  27.923  44.994 0.0000000000
121288  -45.968  28.192  44.132 0.0000000000
121322  -44.774  28.553  40.151 0.0000000000
121325  -44.840  29.315  39.830 0.0000000000
121327  -46.137  28.922  39.363 0.0000000000
121328  -47.023  28.816  39.170 0.0000000000
121340  -48.582  28.790  38.553 0.0000000000
121354  -52.557  28.579  37.142 0.0000000000
122021  -48.366  29.200  47.699 0.0000000000
122024  -48.388  29.253  47.415 0.0000000000
122025  -48.787  29.095  47.354 0.0000000000
122030  -48.535  29.245  47.031 0.0000000000
122057  -41.750  30.056  41.079 0.0000000000
122120  -51.964  29.400  36.443 0.0000000000
122746  -41.790  30.733  41.188 0.0000000000
122751  -42.581  30.623  40.746 0.0000000000
122757  -45.053  30.125  39.784 0.0000000000
122758  -45.649  30.449  39.717 0.0000000000
122761  -49.453  30.930  39.237 0.0000000000
122763  -50.998  31.373  38.856 0.0000000000
122770  -48.222  29.917  38.831 0.0000000000
122793  -52.288  29.876  36.898 0.0000000000
122808  -51.127  30.328  36.800 0.0000000000
123452  -42.548  31.650  41.541 0.0000000000
123457  -42.665  31.189  40.983 0.0000000000
123463  -48.782  32.308  40.076 0.0000000000
123470  -45.780  30.994  39.893 0.0000000000
123476  -51.436  32.255  38.813 0.0000000000
123490  -50.282  32.351  37.925 0.0000000000
123491  -51.238  31.479  38.736 0.0000000000
123503  -51.349  31.546  37.603 0.0000000000
123504  -51.682  31.333  37.888 0.0000000000
124190  -42.091  32.597  43.669 0.0000000000
124191  -42.891  32.760  43.648 0.0000000000
124199  -39.832  32.120  43.668 0.0000000000
124202  -42.390  32.459  42.789 0.0000000000
124204  -44.142  32.887  42.404 0.0000000000
124214  -42.811  32.310  42.210 0.0000000000
124230  -45.499  32.268  40.937 0.0000000000
124234  -49.667  32.946  40.473 0.0000000000
124235  -50.245  33.061  40.318 0.0000000000
124252  -49.240  32.473  40.134 0.0000000000
124274  -49.120  32.744  38.419 0.0000000000
124276  -50.962  32.878  38.253 0.0000000000
124289  -51.173  32.317  37.884 0.0000000000
124958  -42.560  32.779  44.670 0.0000000000
124961  -45.108  33.892  44.355 0.0000000000
124985  -44.796  33.364  42.882 0.0000000000
124986  -45.689  33.530  42.515 0.0000000000
124988  -47.675  34.026  42.366 0.0000000000
124989  -48.402  34.132  42.068 0.0000000000
124994  -46.194  33.361  41.900 0.0000000000
124995  -46.974  33.525  41.735 0.0000000000
125003  -48.603  33.311  41.027 0.0000000000
125006  -50.511  33.643  40.418 0.0000000000
125020  -51.346  33.050  38.900 0.0000000000
125033  -51.174  33.141  38.702 0.0000000000
125034  -51.358  32.934  38.679 0.0000000000
125648  -48.152  35.262  44.654 0.0000000000
125656  -46.236  34.294  44.050 0.0000000000
125665  -47.725  34.368  42.974 0.0000000000
125667  -49.094  34.902  43.218 0.0000000000
125671  -50.236  34.394  41.160 0.0000000000
125689  -50.565  34.255  39.808 0.0000000000
126265  -48.047  35.363  44.975 0.0000000000
126278  -49.280  35.311  43.529 0.0000000000
126336  -50.409  34.586  39.957 0.0000000000
126920  -48.932  36.144  44.116 0.0000000000
126921  -49.209  35.640  43.792 0.0000000000
126929  -48.834  36.552  43.147 0.0000000000
127553  -48.499  36.957  43.958 0.0000000000
127559  -47.827  37.443  43.048 0.0000000000
