#!ascii label  , from subject MOT01 vox2ras=TkReg
1027
78777  -21.223  -16.091  -2.093 0.5555555820
78789  -22.676  -15.613  -2.879 0.6666666865
78798  -23.096  -14.939  -3.024 0.7777777910
79902  -24.052  -14.837  -3.463 0.7777777910
82073  -23.091  -12.942  -3.906 0.8888888955
81030  -26.116  -13.595  -4.237 0.8888888955
77660  -20.558  -16.254  -1.221 0.5555555820
78776  -20.788  -15.525  -1.818 0.5555555820
79891  -21.543  -14.488  -2.574 0.6666666865
79899  -21.866  -14.022  -2.928 0.8888888955
79915  -24.496  -14.425  -4.003 0.8888888955
81028  -24.210  -13.484  -4.317 0.8888888955
83103  -25.153  -11.692  -4.998 1.0000000000
82091  -26.480  -12.561  -4.168 0.8888888955
83105  -26.734  -11.532  -4.954 1.0000000000
81004  -20.286  -13.522  -1.831 0.7777777910
82071  -21.519  -12.606  -3.018 1.0000000000
83088  -21.769  -11.626  -3.511 1.0000000000
82087  -23.037  -12.287  -4.019 1.0000000000
84229  -22.902  -11.075  -4.383 1.0000000000
84243  -24.694  -10.914  -5.299 1.0000000000
84242  -23.468  -10.482  -5.077 1.0000000000
84256  -24.578  -10.105  -5.722 1.0000000000
84258  -26.268  -10.168  -6.091 1.0000000000
84255  -24.062  -9.842  -5.650 1.0000000000
85384  -25.259  -9.457  -6.311 1.0000000000
84267  -26.355  -9.683  -6.269 1.0000000000
86459  -26.007  -8.329  -6.649 1.0000000000
86460  -26.614  -8.493  -6.324 0.7777777910
84226  -20.475  -10.091  -3.202 0.8888888955
84228  -22.170  -10.599  -4.192 1.0000000000
85358  -21.414  -9.985  -3.926 1.0000000000
85370  -22.863  -9.353  -5.187 1.0000000000
86447  -24.238  -8.509  -6.267 1.0000000000
86458  -25.208  -8.335  -6.576 1.0000000000
87539  -26.567  -7.463  -6.564 1.0000000000
88635  -26.531  -6.352  -6.871 1.0000000000
88636  -27.308  -6.558  -6.404 0.7777777910
88637  -28.172  -6.699  -6.053 0.7777777910
85350  -20.377  -8.829  -3.316 0.5555555820
88608  -21.982  -6.816  -4.872 0.7777777910
86435  -21.670  -8.258  -4.547 0.8888888955
87527  -23.647  -7.998  -6.175 1.0000000000
86446  -23.345  -8.498  -5.706 1.0000000000
87526  -23.066  -7.442  -5.923 0.8888888955
87536  -24.072  -7.442  -6.572 1.0000000000
88651  -25.697  -6.483  -7.232 1.0000000000
89699  -26.305  -5.666  -7.391 1.0000000000
89683  -26.919  -5.354  -7.011 0.8888888955
91881  -28.071  -3.870  -6.562 0.7777777910
90766  -28.634  -4.679  -5.830 0.6666666865
91868  -28.496  -3.585  -5.724 0.6666666865
87504  -20.321  -6.762  -3.154 0.4444444478
87506  -21.255  -6.763  -4.162 0.7777777910
88595  -21.204  -6.262  -4.082 0.6666666865
89670  -22.348  -5.797  -5.877 0.7777777910
88631  -23.207  -6.406  -6.387 0.8888888955
88632  -24.012  -6.386  -6.869 0.8888888955
87549  -25.289  -6.793  -7.087 1.0000000000
88649  -24.396  -5.882  -7.290 1.0000000000
89697  -24.736  -5.440  -7.686 1.0000000000
89698  -25.532  -5.591  -7.709 1.0000000000
90793  -26.137  -4.633  -7.701 0.8888888955
91879  -26.518  -3.635  -7.090 0.7777777910
91880  -27.387  -3.574  -6.640 0.7777777910
92968  -27.622  -2.526  -5.904 0.7777777910
90764  -22.172  -4.732  -5.498 0.6666666865
89656  -21.709  -5.480  -4.763 0.6666666865
89669  -22.186  -5.413  -5.718 0.7777777910
90778  -22.342  -4.626  -6.197 0.7777777910
89681  -22.802  -5.457  -6.676 0.8888888955
89696  -23.882  -5.361  -7.346 0.8888888955
90789  -23.086  -4.479  -7.522 1.0000000000
90802  -24.441  -4.055  -8.464 1.0000000000
90803  -24.903  -4.116  -8.308 1.0000000000
90792  -25.295  -4.567  -7.997 0.8888888955
92982  -26.214  -2.573  -7.100 0.8888888955
92983  -26.930  -2.628  -6.435 0.7777777910
94136  -25.952  -1.892  -7.615 0.8888888955
94119  -26.766  -1.798  -6.435 0.7777777910
94099  -27.327  -1.516  -5.772 0.7777777910
94100  -27.948  -1.597  -5.225 0.6666666865
90749  -21.854  -4.620  -4.591 0.6666666865
89640  -21.238  -5.552  -3.852 0.5555555820
91877  -22.297  -4.334  -6.056 0.7777777910
90779  -22.573  -4.486  -6.912 0.8888888955
91891  -23.398  -3.954  -7.934 0.8888888955
91900  -23.744  -3.431  -8.399 1.0000000000
90801  -24.062  -3.883  -8.542 1.0000000000
93018  -25.100  -2.855  -8.841 1.0000000000
92998  -25.336  -3.186  -8.531 0.8888888955
94118  -26.320  -1.403  -6.717 0.7777777910
95213  -26.426  -0.269  -6.215 0.7777777910
95199  -27.444  -0.350  -5.388 0.6666666865
95186  -27.848  -0.125  -4.836 0.5555555820
95187  -28.326  -0.534  -4.576 0.5555555820
90765  -22.234  -4.306  -5.377 0.7777777910
91853  -22.221  -3.699  -4.895 0.6666666865
91878  -22.406  -3.711  -6.606 0.8888888955
91899  -23.440  -2.955  -8.248 1.0000000000
93016  -23.792  -2.491  -8.583 1.0000000000
95232  -24.897  -1.105  -8.175 0.8888888955
94135  -25.417  -1.460  -7.860 0.8888888955
95222  -25.365  -0.470  -7.500 0.8888888955
96276  -26.306  0.756  -6.027 0.7777777910
96263  -26.865  0.602  -5.442 0.7777777910
96250  -27.678  0.533  -4.807 0.5555555820
97293  -25.675  1.658  -6.654 0.7777777910
97283  -26.572  1.446  -5.265 0.5555555820
97271  -27.595  1.452  -4.345 0.5555555820
98368  -26.375  2.390  -5.276 0.6666666865
92954  -21.348  -2.986  -3.619 0.4444444478
92967  -22.319  -2.763  -5.546 0.5555555820
92980  -22.167  -1.798  -7.320 0.7777777910
93015  -23.170  -2.419  -8.333 1.0000000000
92997  -22.478  -2.321  -7.663 0.8888888955
94150  -22.958  -1.477  -8.501 1.0000000000
95231  -24.395  -0.776  -8.636 0.8888888955
96295  -25.043  -0.046  -8.127 0.8888888955
96285  -25.435  0.677  -7.256 0.8888888955
97294  -26.116  1.623  -5.957 0.6666666865
98353  -27.107  2.173  -4.456 0.5555555820
96282  -21.779  0.491  -7.927 0.6666666865
94115  -21.871  -1.302  -6.977 0.6666666865
96283  -22.114  -0.005  -8.086 0.7777777910
95229  -22.814  -0.499  -8.601 0.8888888955
96293  -23.387  0.464  -8.912 0.7777777910
96294  -24.341  0.443  -8.518 0.8888888955
97312  -23.910  1.494  -8.538 0.7777777910
96284  -24.959  0.862  -7.874 0.8888888955
98392  -24.888  2.457  -7.412 0.7777777910
97303  -25.210  1.632  -7.351 0.7777777910
99548  -24.590  3.146  -7.499 0.6666666865
99536  -25.148  3.420  -6.924 0.6666666865
98381  -25.432  2.508  -6.765 0.6666666865
98382  -25.895  2.487  -6.044 0.5555555820
100686  -24.954  4.489  -6.763 0.6666666865
100687  -25.554  4.079  -6.421 0.5555555820
100672  -25.979  4.183  -5.809 0.5555555820
99511  -26.620  3.258  -4.635 0.4444444478
100661  -25.806  4.879  -5.380 0.5555555820
98380  -20.978  1.963  -5.945 0.3333333433
97292  -21.082  1.429  -6.547 0.3333333433
97301  -21.157  1.582  -7.660 0.5555555820
98397  -21.411  2.416  -8.589 0.5555555820
97310  -22.273  1.335  -8.930 0.7777777910
97311  -23.058  1.509  -9.068 0.7777777910
99556  -23.371  3.260  -8.638 0.6666666865
98400  -23.607  2.483  -8.578 0.6666666865
99547  -24.003  3.560  -7.959 0.6666666865
100685  -24.345  4.557  -7.347 0.6666666865
101717  -24.800  5.617  -6.387 0.6666666865
100671  -25.456  4.812  -6.049 0.5555555820
101708  -25.476  5.618  -5.531 0.5555555820
99544  -20.476  2.844  -6.899 0.4444444478
98365  -20.592  2.525  -5.850 0.4444444478
98389  -20.600  2.510  -7.238 0.4444444478
99545  -20.723  3.322  -7.318 0.5555555820
98390  -20.894  2.541  -7.795 0.5555555820
99554  -21.823  3.396  -8.568 0.6666666865
98398  -22.120  2.768  -8.983 0.6666666865
99555  -22.687  3.570  -8.695 0.6666666865
101730  -24.249  5.690  -7.354 0.6666666865
102662  -24.694  6.698  -6.464 0.6666666865
102663  -25.146  6.525  -5.730 0.5555555820
99534  -20.629  3.820  -6.769 0.4444444478
100701  -22.197  4.123  -8.372 0.6666666865
100694  -22.913  4.739  -8.346 0.6666666865
99546  -23.422  4.010  -8.441 0.6666666865
101716  -24.499  6.201  -6.838 0.6666666865
81014  -22.803  -13.606  -3.599 0.8888888955
81012  -21.494  -13.542  -2.760 1.0000000000
82072  -22.424  -12.604  -3.570 1.0000000000
83115  -25.627  -11.186  -5.313 1.0000000000
91893  -25.836  -3.670  -7.697 0.8888888955
90750  -22.232  -4.125  -5.156 0.5555555820
94098  -22.447  -1.828  -5.288 0.5555555820
91866  -22.279  -3.642  -5.740 0.7777777910
94151  -23.706  -1.605  -8.746 1.0000000000
95212  -25.770  0.105  -6.673 0.8888888955
94082  -21.034  -2.351  -3.505 0.2222222239
99523  -26.151  3.351  -5.476 0.4444444478
99553  -21.144  3.283  -8.127 0.6666666865
100693  -21.938  4.905  -8.078 0.6666666865
90733  -20.906  -4.811  -3.417 0.4444444478
102653  -25.613  6.429  -4.927 0.5555555820
99521  -20.408  3.106  -5.392 0.2222222239
99533  -20.357  3.229  -6.359 0.3333333433
103633  -25.358  7.361  -5.207 0.5555555820
76534  -22.289  -17.562  -1.644 0.5555555820
76551  -22.885  -17.230  -2.163 0.5555555820
77676  -22.306  -16.650  -2.280 0.6666666865
78790  -23.281  -15.957  -2.963 0.5555555820
77696  -24.440  -16.145  -2.915 0.5555555820
79916  -25.608  -14.381  -4.156 0.7777777910
76520  -21.342  -17.615  -1.034 0.5555555820
78800  -24.497  -15.270  -3.444 0.6666666865
81015  -26.452  -13.390  -3.759 0.7777777910
83106  -27.470  -10.949  -4.820 0.8888888955
77646  -20.148  -16.545  -0.410 0.4444444478
79874  -19.885  -14.935  -0.819 0.5555555820
83117  -26.823  -10.720  -5.562 1.0000000000
80996  -19.113  -13.324  -0.814 0.2222222239
82059  -20.493  -12.646  -2.208 0.6666666865
85396  -27.065  -9.283  -5.928 0.8888888955
86461  -27.242  -8.670  -5.830 0.6666666865
87540  -27.228  -7.611  -6.090 0.7777777910
83076  -19.978  -11.281  -2.105 0.5555555820
89671  -28.763  -5.585  -5.772 0.6666666865
84214  -19.529  -9.933  -2.506 0.4444444478
90767  -29.204  -4.645  -5.307 0.5555555820
91856  -28.996  -3.276  -5.006 0.5555555820
86403  -19.668  -8.030  -2.298 0.2222222239
92958  -28.817  -2.535  -4.965 0.5555555820
88593  -20.106  -6.260  -3.074 0.4444444478
90732  -19.375  -5.018  -2.937 0.3333333433
95179  -28.821  -0.281  -4.000 0.5555555820
92955  -22.117  -2.858  -4.523 0.4444444478
97261  -28.159  1.434  -3.871 0.4444444478
92941  -19.853  -3.023  -3.306 0.3333333433
98354  -27.493  1.955  -4.187 0.5555555820
97281  -21.658  1.422  -5.674 0.3333333433
96261  -21.769  0.766  -6.065 0.3333333433
100662  -26.249  4.373  -4.835 0.4444444478
101709  -25.914  5.470  -4.741 0.4444444478
103634  -25.906  7.315  -4.476 0.2222222239
100683  -20.105  3.603  -5.777 0.3333333433
100692  -21.183  4.366  -7.229 0.6666666865
101741  -23.532  5.763  -8.079 0.6666666865
102688  -23.997  6.779  -7.937 0.6666666865
103641  -24.541  7.600  -6.759 0.6666666865
102677  -24.350  6.796  -7.174 0.6666666865
103642  -24.919  7.448  -5.970 0.6666666865
101739  -21.895  5.654  -7.162 0.5555555820
78788  -21.614  -15.638  -2.452 0.6666666865
77661  -21.229  -16.595  -1.571 0.5555555820
77662  -21.826  -16.865  -1.827 0.6666666865
77677  -23.228  -16.542  -2.625 0.6666666865
78787  -21.212  -15.020  -2.185 0.6666666865
79892  -22.061  -15.064  -2.762 0.7777777910
78799  -23.649  -15.405  -3.107 0.7777777910
79900  -22.447  -14.466  -3.061 0.8888888955
79901  -23.478  -14.415  -3.559 0.8888888955
82088  -23.689  -12.617  -4.348 1.0000000000
79914  -23.881  -14.008  -4.067 0.8888888955
82090  -25.601  -12.633  -4.574 1.0000000000
81029  -25.128  -13.539  -4.390 0.8888888955
76533  -21.687  -17.143  -1.503 0.5555555820
77647  -20.777  -16.920  -0.939 0.4444444478
78763  -20.204  -15.519  -1.009 0.5555555820
79890  -20.796  -14.440  -2.017 0.8888888955
81013  -22.079  -13.493  -3.169 0.8888888955
82089  -24.661  -12.617  -4.601 1.0000000000
83104  -25.971  -11.737  -4.889 1.0000000000
83102  -24.158  -11.671  -4.820 1.0000000000
82092  -27.245  -11.897  -4.201 1.0000000000
83116  -26.169  -10.977  -5.467 1.0000000000
79883  -19.444  -13.928  -1.114 0.5555555820
80997  -19.613  -13.391  -1.413 0.6666666865
79884  -20.032  -14.461  -1.350 0.6666666865
82070  -20.856  -12.312  -2.669 0.8888888955
82060  -21.030  -12.960  -2.611 1.0000000000
84216  -20.594  -11.105  -2.850 0.8888888955
84227  -20.963  -10.640  -3.414 1.0000000000
83101  -23.323  -11.623  -4.410 1.0000000000
84244  -25.257  -11.065  -5.359 1.0000000000
84241  -22.558  -9.956  -4.754 1.0000000000
84257  -25.470  -10.484  -5.769 1.0000000000
84259  -26.913  -9.968  -5.920 0.8888888955
85385  -25.774  -9.897  -6.251 1.0000000000
86448  -24.801  -8.950  -6.376 1.0000000000
85382  -23.769  -9.333  -5.615 1.0000000000
85393  -25.658  -8.870  -6.507 1.0000000000
85394  -26.083  -9.316  -6.418 1.0000000000
85356  -20.273  -9.832  -3.108 0.5555555820
84215  -20.067  -10.516  -2.636 0.6666666865
85369  -21.818  -9.360  -4.526 1.0000000000
86436  -22.425  -8.394  -5.206 1.0000000000
86457  -24.662  -7.897  -6.558 1.0000000000
87537  -25.016  -7.262  -6.854 1.0000000000
87538  -25.826  -7.255  -6.868 1.0000000000
89684  -27.438  -5.538  -6.686 0.8888888955
89685  -28.132  -5.641  -6.293 0.6666666865
86417  -20.231  -8.332  -3.126 0.5555555820
85349  -19.986  -9.336  -2.921 0.5555555820
86434  -20.985  -8.301  -4.139 0.6666666865
85357  -20.759  -9.356  -3.662 0.7777777910
85368  -21.229  -8.825  -4.282 0.7777777910
87515  -21.414  -7.335  -4.336 0.7777777910
88607  -21.749  -6.286  -4.873 0.6666666865
88620  -22.398  -6.428  -5.635 0.8888888955
87516  -22.171  -7.418  -5.032 0.8888888955
87535  -23.574  -6.920  -6.452 0.8888888955
88633  -24.516  -6.877  -6.895 1.0000000000
90780  -26.831  -4.585  -7.187 0.8888888955
90781  -27.541  -4.601  -6.896 0.7777777910
90782  -28.179  -4.661  -6.474 0.7777777910
91867  -28.025  -3.183  -6.130 0.6666666865
91869  -29.010  -3.946  -5.362 0.5555555820
92969  -28.243  -2.512  -5.450 0.6666666865
87505  -20.629  -7.273  -3.537 0.4444444478
87514  -20.805  -7.772  -3.969 0.6666666865
88619  -22.141  -5.959  -5.508 0.7777777910
89682  -23.474  -5.881  -6.803 0.8888888955
90791  -24.494  -4.674  -8.026 1.0000000000
94086  -28.606  -1.600  -4.840 0.5555555820
91902  -24.985  -3.627  -8.699 1.0000000000
95214  -26.922  -0.891  -6.063 0.7777777910
95200  -27.773  -0.814  -5.144 0.6666666865
91890  -23.011  -3.481  -7.721 0.8888888955
93017  -24.396  -2.674  -8.729 1.0000000000
94153  -24.958  -2.031  -8.455 0.8888888955
94117  -25.766  -0.944  -7.006 0.7777777910
95198  -27.040  -0.094  -5.707 0.6666666865
97272  -27.980  1.032  -4.448 0.5555555820
96251  -28.141  0.496  -4.441 0.5555555820
91852  -21.619  -3.856  -3.999 0.5555555820
92981  -22.197  -2.504  -6.588 0.6666666865
94152  -24.388  -1.779  -8.654 1.0000000000
96275  -25.886  0.972  -6.526 0.8888888955
97270  -27.007  1.241  -4.767 0.6666666865
92996  -22.329  -1.634  -7.656 1.0000000000
94133  -22.225  -1.150  -7.605 0.7777777910
95230  -23.608  -0.581  -8.835 0.8888888955
94134  -22.496  -1.265  -8.041 0.7777777910
99499  -27.112  3.048  -3.826 0.5555555820
96274  -22.120  0.038  -5.948 0.5555555820
95211  -22.088  -0.803  -6.235 0.5555555820
96273  -21.578  0.419  -6.792 0.4444444478
95210  -21.807  -0.336  -7.125 0.6666666865
95220  -22.065  -0.443  -7.610 0.7777777910
96292  -22.421  0.445  -8.615 0.7777777910
97302  -24.643  1.569  -7.992 0.7777777910
98391  -24.317  2.465  -8.036 0.6666666865
99537  -25.732  3.350  -6.252 0.5555555820
97300  -20.779  2.132  -7.491 0.5555555820
97319  -21.769  1.839  -9.037 0.6666666865
98399  -22.863  2.576  -9.101 0.7777777910
101731  -24.532  5.072  -6.913 0.6666666865
100699  -21.090  3.783  -7.751 0.6666666865
100695  -23.712  4.713  -7.878 0.6666666865
94083  -22.003  -1.786  -4.043 0.3333333433
89639  -20.557  -5.676  -3.342 0.4444444478
102654  -26.168  6.355  -4.168 0.3333333433
104595  -25.558  8.258  -4.800 0.3333333433
79903  -26.626  -14.037  -3.635 0.6666666865
76519  -20.627  -17.596  -0.428 0.4444444478
75502  -20.973  -18.155  -0.474 0.5555555820
83118  -27.213  -10.352  -5.452 0.7777777910
76507  -20.170  -17.591  0.321 0.3333333433
78762  -19.803  -15.425  -0.365 0.4444444478
87541  -27.900  -7.758  -5.721 0.6666666865
83068  -20.100  -11.917  -1.969 0.7777777910
87489  -20.139  -7.829  -2.914 0.3333333433
86416  -19.750  -8.457  -2.524 0.3333333433
86402  -19.376  -8.478  -2.005 0.1111111119
87488  -19.861  -7.283  -2.615 0.1111111119
89638  -19.866  -5.410  -3.089 0.4444444478
138142  -19.750  -4.385  -3.062 0.3333333433
91838  -20.753  -3.845  -3.302 0.3333333433
104603  -24.698  8.299  -6.204 0.4444444478
76555  -26.883  -18.133  -2.388 0.4444444478
75524  -28.765  -18.362  -1.631 0.2222222239
75517  -22.775  -18.280  -1.619 0.4444444478
75519  -24.331  -18.568  -1.821 0.4444444478
76552  -23.941  -17.386  -2.073 0.4444444478
76553  -24.990  -17.355  -2.455 0.4444444478
76554  -25.854  -17.858  -2.409 0.4444444478
77681  -27.337  -17.166  -2.760 0.4444444478
77683  -29.217  -17.066  -2.967 0.2222222239
77697  -25.467  -16.546  -2.922 0.4444444478
77698  -26.620  -16.274  -3.142 0.4444444478
76571  -30.201  -16.953  -2.994 0.1111111119
77684  -30.756  -16.594  -2.331 0.1111111119
77711  -26.488  -15.470  -3.477 0.4444444478
77700  -28.720  -16.303  -2.923 0.3333333433
77709  -25.104  -15.734  -3.301 0.4444444478
77710  -25.843  -15.668  -3.414 0.4444444478
77699  -27.691  -16.282  -3.024 0.3333333433
78803  -29.099  -15.507  -3.148 0.3333333433
77702  -30.738  -16.448  -3.015 0.2222222239
78801  -27.105  -15.562  -3.371 0.4444444478
78802  -27.816  -15.303  -3.240 0.3333333433
78813  -25.273  -15.093  -3.756 0.5555555820
81018  -28.761  -13.616  -3.110 0.2222222239
81019  -29.990  -13.697  -3.283 0.1111111119
81020  -31.331  -13.870  -2.864 0.1111111119
79905  -28.344  -14.530  -3.088 0.3333333433
82074  -26.508  -13.001  -3.413 0.4444444478
82061  -27.536  -12.023  -2.617 0.5555555820
84217  -28.007  -10.521  -2.677 0.6666666865
84232  -29.718  -10.304  -3.399 0.4444444478
85374  -30.550  -9.656  -4.359 0.3333333433
85359  -28.173  -9.656  -4.680 0.6666666865
85372  -28.633  -9.269  -5.027 0.5555555820
84260  -27.275  -9.957  -5.554 0.6666666865
86437  -28.762  -8.769  -5.298 0.5555555820
86438  -29.499  -8.393  -5.046 0.5555555820
85373  -29.619  -9.516  -4.435 0.4444444478
87529  -29.163  -7.615  -5.393 0.3333333433
86449  -27.623  -8.851  -5.530 0.5555555820
88622  -29.494  -6.489  -5.272 0.4444444478
89672  -29.397  -5.505  -5.298 0.5555555820
101740  -22.728  5.783  -7.846 0.5555555820
103662  -23.697  7.846  -8.227 0.5555555820
103654  -24.225  7.745  -7.590 0.5555555820
104614  -24.460  8.570  -7.072 0.5555555820
75537  -26.100  -18.833  -1.973 0.4444444478
75540  -28.294  -18.394  -2.114 0.2222222239
77701  -29.772  -16.511  -3.094 0.2222222239
79906  -29.515  -14.637  -3.272 0.2222222239
79907  -30.574  -14.742  -3.067 0.1111111119
82077  -29.232  -12.489  -3.059 0.4444444478
82076  -28.154  -12.790  -2.429 0.4444444478
84230  -27.966  -10.136  -3.969 0.6666666865
85361  -29.271  -9.515  -3.694 0.4444444478
87517  -29.883  -7.110  -4.913 0.3333333433
89657  -29.973  -5.454  -4.774 0.4444444478
92959  -29.383  -2.604  -4.540 0.4444444478
102686  -22.418  6.851  -7.735 0.5555555820
103661  -22.843  7.918  -8.394 0.5555555820
77695  -23.689  -16.143  -2.868 0.4444444478
83107  -30.196  -11.141  -4.142 0.2222222239
74486  -24.171  -20.192  -1.073 0.4444444478
74503  -25.533  -19.805  -1.553 0.4444444478
74504  -26.271  -19.647  -1.633 0.4444444478
74506  -27.553  -19.453  -1.201 0.2222222239
75506  -28.372  -18.768  -0.813 0.2222222239
75490  -28.597  -18.532  0.076 0.1111111119
75504  -22.482  -18.684  -1.014 0.4444444478
74501  -23.968  -19.214  -1.502 0.4444444478
76557  -29.114  -17.794  -2.542 0.1111111119
76558  -30.154  -17.221  -2.552 0.1111111119
75507  -29.059  -18.102  -0.793 0.1111111119
77664  -31.337  -16.161  -1.953 0.1111111119
78805  -30.976  -15.551  -3.040 0.1111111119
79893  -31.773  -14.667  -2.534 0.1111111119
81021  -32.053  -13.439  -3.187 0.1111111119
82079  -31.530  -12.777  -3.558 0.1111111119
83108  -30.895  -11.120  -4.309 0.2222222239
86439  -30.437  -8.669  -4.513 0.1111111119
84262  -30.537  -10.580  -4.411 0.2222222239
87518  -30.532  -7.510  -4.622 0.2222222239
88610  -30.562  -6.408  -4.420 0.2222222239
88609  -30.081  -6.190  -4.732 0.3333333433
91857  -29.524  -3.604  -4.755 0.4444444478
94088  -29.757  -1.939  -4.146 0.3333333433
94087  -29.248  -1.624  -4.368 0.3333333433
95197  -22.464  -0.738  -5.186 0.4444444478
97260  -27.828  1.697  -3.980 0.4444444478
101698  -26.535  5.297  -3.878 0.3333333433
101738  -21.058  5.175  -6.589 0.4444444478
104626  -23.427  8.926  -8.316 0.5555555820
104627  -24.203  8.758  -8.023 0.5555555820
102676  -21.685  6.835  -6.760 0.5555555820
76535  -23.134  -17.938  -1.922 0.4444444478
78814  -26.068  -14.973  -3.724 0.5555555820
78815  -26.709  -15.013  -3.592 0.5555555820
81016  -26.647  -13.577  -3.029 0.6666666865
86463  -28.282  -8.428  -5.453 0.5555555820
87528  -28.726  -7.179  -5.716 0.5555555820
88621  -28.954  -6.304  -5.698 0.4444444478
95188  -28.883  -0.914  -4.306 0.4444444478
77678  -23.931  -16.595  -2.596 0.4444444478
79904  -27.222  -14.414  -3.018 0.3333333433
79918  -26.965  -14.718  -3.474 0.3333333433
75539  -27.592  -18.697  -2.169 0.4444444478
75538  -26.900  -19.120  -2.056 0.4444444478
75523  -27.899  -19.043  -1.558 0.3333333433
75518  -23.336  -18.789  -1.607 0.4444444478
75535  -24.608  -17.920  -2.173 0.4444444478
75520  -25.278  -19.071  -1.724 0.4444444478
75536  -25.190  -18.288  -2.138 0.4444444478
76568  -24.426  -16.821  -2.512 0.4444444478
77679  -25.648  -17.254  -2.649 0.4444444478
77680  -26.309  -17.210  -2.721 0.4444444478
76556  -27.969  -17.935  -2.528 0.4444444478
77682  -28.385  -17.138  -2.857 0.4444444478
76570  -29.778  -17.208  -2.919 0.1111111119
77663  -30.734  -16.531  -1.615 0.1111111119
78804  -30.175  -15.620  -3.197 0.2222222239
82078  -30.443  -12.759  -3.571 0.1111111119
81017  -27.617  -13.669  -2.553 0.3333333433
83079  -28.358  -11.310  -2.123 0.4444444478
84218  -29.077  -10.411  -2.206 0.4444444478
84246  -30.240  -10.453  -4.445 0.3333333433
83080  -29.326  -11.478  -2.224 0.4444444478
83091  -29.984  -11.520  -3.199 0.3333333433
85375  -31.143  -9.757  -4.178 0.1111111119
85371  -27.925  -9.503  -5.108 0.5555555820
85360  -28.698  -9.415  -4.116 0.5555555820
90751  -29.820  -4.547  -4.771 0.4444444478
102687  -23.210  6.836  -8.168 0.5555555820
75521  -25.809  -19.339  -1.716 0.4444444478
74515  -26.505  -19.254  -1.840 0.4444444478
79908  -31.248  -14.890  -2.816 0.1111111119
103660  -22.131  7.966  -7.694 0.5555555820
83092  -30.788  -11.860  -3.877 0.2222222239
73423  -25.183  -20.558  -1.488 0.4444444478
74502  -24.599  -19.713  -1.387 0.4444444478
74505  -27.046  -19.669  -1.445 0.4444444478
74487  -27.390  -19.698  -0.891 0.2222222239
75522  -27.392  -19.184  -1.867 0.4444444478
75505  -23.045  -19.190  -1.084 0.4444444478
74483  -21.997  -19.555  -0.468 0.4444444478
76537  -29.649  -17.798  -1.729 0.1111111119
77685  -31.357  -16.085  -2.541 0.1111111119
66465  -24.943  -26.662  3.699 0.1111111119
68650  -22.452  -24.584  1.822 0.3333333433
67548  -24.157  -25.841  2.401 0.2222222239
67531  -24.418  -25.842  3.117 0.2222222239
68639  -24.603  -25.118  2.980 0.1111111119
71113  -20.806  -21.936  1.812 0.3333333433
69902  -21.487  -23.498  2.095 0.3333333433
69903  -22.035  -24.037  1.967 0.3333333433
68680  -23.646  -23.815  0.519 0.3333333433
68681  -24.052  -24.073  0.497 0.3333333433
67565  -24.209  -25.129  1.743 0.2222222239
68683  -24.907  -23.923  1.270 0.2222222239
68651  -24.535  -24.825  2.161 0.2222222239
68640  -25.344  -24.473  3.499 0.1111111119
68668  -24.873  -24.094  1.883 0.2222222239
73380  -20.154  -20.353  1.325 0.2222222239
72270  -20.862  -21.040  1.198 0.2222222239
72254  -20.433  -21.354  1.696 0.2222222239
71115  -22.008  -22.490  1.214 0.3333333433
69915  -22.387  -23.509  1.388 0.3333333433
69925  -23.223  -23.383  0.595 0.3333333433
69904  -25.159  -23.606  2.284 0.1111111119
73392  -20.403  -19.943  0.716 0.2222222239
73381  -20.558  -20.774  1.224 0.3333333433
74467  -21.319  -19.624  0.061 0.3333333433
72271  -21.444  -21.132  0.911 0.3333333433
73394  -21.941  -20.483  0.143 0.3333333433
73395  -22.523  -20.931  0.202 0.3333333433
72272  -22.267  -21.565  0.624 0.3333333433
72285  -22.842  -21.287  0.127 0.3333333433
69945  -24.319  -22.654  -0.177 0.3333333433
72286  -23.491  -21.542  -0.223 0.3333333433
71147  -25.158  -22.226  -0.196 0.3333333433
71132  -25.415  -22.313  0.460 0.3333333433
71116  -25.474  -22.535  1.401 0.1111111119
72274  -25.645  -22.071  1.080 0.2222222239
75487  -20.100  -18.483  0.988 0.2222222239
74466  -20.776  -19.494  0.461 0.2222222239
75489  -21.139  -19.059  0.181 0.3333333433
74484  -22.736  -19.614  -0.708 0.3333333433
73408  -22.908  -20.552  -0.354 0.3333333433
73410  -24.495  -20.684  -1.223 0.3333333433
72288  -25.101  -21.768  -0.859 0.3333333433
72298  -24.908  -21.255  -1.330 0.3333333433
71133  -25.644  -21.859  0.081 0.3333333433
72275  -25.921  -21.634  0.519 0.1111111119
75488  -20.729  -18.538  0.238 0.3333333433
76521  -21.908  -18.115  -1.004 0.3333333433
74485  -23.612  -19.706  -1.001 0.3333333433
72299  -25.576  -21.239  -1.356 0.3333333433
73424  -25.913  -20.485  -1.550 0.3333333433
73426  -26.755  -20.259  -1.109 0.3333333433
90752  -30.563  -4.498  -4.340 0.2222222239
91858  -30.249  -3.565  -4.245 0.2222222239
96242  -28.608  0.486  -3.909 0.3333333433
96243  -29.022  0.155  -3.591 0.2222222239
68665  -23.309  -24.431  1.140 0.3333333433
68652  -24.958  -24.242  2.645 0.1111111119
71131  -23.400  -22.503  0.169 0.3333333433
69926  -23.969  -23.210  0.045 0.3333333433
69927  -24.583  -23.445  0.312 0.3333333433
69947  -25.007  -22.869  0.204 0.3333333433
75503  -21.458  -18.682  -0.457 0.3333333433
73411  -26.533  -20.784  -0.889 0.3333333433
65337  -24.062  -27.392  2.644 0.1111111119
65325  -24.909  -27.486  3.694 0.1111111119
68648  -21.131  -24.031  2.539 0.3333333433
68649  -21.660  -24.587  2.391 0.3333333433
67546  -22.263  -25.413  2.242 0.3333333433
66487  -23.303  -26.117  2.038 0.3333333433
67547  -23.802  -25.990  2.143 0.3333333433
65310  -25.519  -27.473  4.138 0.1111111119
67511  -25.615  -25.788  4.152 0.1111111119
71114  -21.271  -22.456  1.747 0.3333333433
68622  -25.714  -25.057  4.197 0.1111111119
69891  -25.891  -23.612  3.684 0.1111111119
71101  -25.434  -22.894  2.259 0.1111111119
72258  -25.933  -21.826  1.672 0.1111111119
74465  -20.326  -19.377  0.893 0.2222222239
73382  -26.504  -20.895  1.032 0.1111111119
73396  -26.357  -20.804  -0.040 0.1111111119
73412  -26.895  -20.129  -0.629 0.1111111119
76506  -19.683  -17.568  1.000 0.1111111119
92960  -29.962  -2.656  -4.129 0.2222222239
97249  -28.645  1.244  -3.371 0.2222222239
96229  -28.912  0.725  -3.322 0.2222222239
77645  -19.643  -16.083  0.189 0.2222222239
82050  -19.891  -12.579  -1.710 0.5555555820
95181  -29.765  -0.955  -3.338 0.2222222239
66446  -25.594  -26.622  4.140 0.1111111119
66477  -24.068  -26.638  2.576 0.1111111119
67563  -22.917  -25.432  1.799 0.3333333433
67564  -23.622  -25.573  1.838 0.3333333433
72255  -21.078  -21.607  1.454 0.3333333433
69914  -21.778  -22.999  1.597 0.3333333433
71100  -20.943  -22.944  2.220 0.2222222239
68666  -24.099  -24.737  1.127 0.3333333433
68667  -24.543  -24.487  1.458 0.2222222239
69928  -25.079  -23.280  0.814 0.2222222239
72256  -21.634  -21.828  1.229 0.3333333433
69890  -25.451  -23.410  3.023 0.1111111119
69916  -25.150  -23.400  1.632 0.1111111119
73393  -20.874  -20.388  0.694 0.3333333433
74453  -19.862  -19.418  1.546 0.2222222239
73407  -22.349  -20.085  -0.425 0.3333333433
72273  -22.942  -21.900  0.273 0.3333333433
71130  -22.689  -22.578  0.677 0.3333333433
71146  -24.610  -22.209  -0.373 0.3333333433
69946  -24.616  -22.803  -0.066 0.3333333433
72287  -24.361  -21.521  -0.761 0.3333333433
72289  -25.823  -21.536  -0.506 0.3333333433
71117  -25.638  -22.379  1.974 0.1111111119
73409  -23.866  -20.694  -0.756 0.3333333433
64189  -24.305  -28.145  3.215 0.1111111119
66476  -23.657  -26.454  2.263 0.2222222239
68638  -21.293  -25.051  2.707 0.3333333433
68637  -20.796  -24.569  2.909 0.2222222239
67545  -21.660  -25.491  2.616 0.3333333433
66475  -22.746  -26.335  2.330 0.3333333433
71099  -20.455  -22.374  2.295 0.2222222239
71098  -19.676  -22.361  2.830 0.2222222239
92947  -30.554  -2.628  -3.497 0.1111111119
91844  -30.794  -3.571  -3.735 0.1111111119
92932  -31.257  -2.775  -2.463 0.1111111119
92948  -30.931  -3.007  -3.141 0.1111111119
94061  -30.594  -1.654  -2.673 0.1111111119
95150  -30.630  -0.700  -1.975 0.1111111119
95180  -29.300  -0.620  -3.670 0.1111111119
95166  -29.684  -0.370  -3.062 0.1111111119
96231  -29.797  0.014  -2.583 0.1111111119
99500  -27.400  2.888  -3.371 0.2222222239
96230  -29.346  0.370  -2.956 0.1111111119
96214  -29.633  0.540  -2.256 0.1111111119
100652  -26.877  4.418  -3.324 0.1111111119
100651  -26.579  4.121  -3.854 0.2222222239
100640  -27.250  4.122  -2.816 0.1111111119
101687  -27.140  5.208  -3.187 0.1111111119
102675  -21.118  6.263  -6.234 0.4444444478
101729  -21.314  5.899  -6.494 0.4444444478
103623  -26.600  7.281  -3.856 0.1111111119
105552  -24.992  9.148  -5.336 0.3333333433
104604  -25.081  8.210  -5.541 0.2222222239
105545  -26.600  8.895  -3.866 0.1111111119
104625  -22.891  8.953  -7.926 0.4444444478
105585  -22.682  9.765  -7.732 0.4444444478
105587  -23.861  9.650  -8.092 0.4444444478
105573  -24.416  9.695  -7.390 0.4444444478
138260  -24.331  10.466  -7.324 0.4444444478
106502  -24.485  10.477  -6.349 0.2222222239
106503  -24.772  10.696  -5.723 0.2222222239
106490  -25.128  10.365  -5.205 0.2222222239
106491  -26.444  10.533  -4.373 0.2222222239
111024  -25.258  15.007  -7.794 0.1111111119
109084  -25.980  13.953  -6.463 0.1111111119
107350  -26.874  11.697  -4.629 0.1111111119
102660  -21.031  6.656  -5.703 0.4444444478
103640  -21.596  7.786  -5.702 0.4444444478
102661  -21.487  7.334  -6.263 0.4444444478
103653  -21.821  7.986  -6.738 0.3333333433
104613  -22.477  8.911  -7.265 0.4444444478
105586  -23.124  10.210  -8.189 0.4444444478
138261  -23.960  10.487  -7.844 0.4444444478
109099  -22.588  11.430  -7.790 0.3333333433
138257  -24.222  11.098  -7.384 0.3333333433
108205  -24.732  12.205  -6.655 0.1111111119
108206  -25.121  12.117  -5.940 0.1111111119
109052  -25.515  12.459  -5.740 0.1111111119
107349  -25.771  11.560  -5.143 0.1111111119
109053  -25.776  12.655  -5.603 0.1111111119
103639  -21.093  7.176  -4.977 0.2222222239
104602  -22.160  8.856  -6.310 0.3333333433
105572  -22.442  10.002  -7.026 0.3333333433
138258  -22.458  10.510  -7.808 0.3333333433
138264  -23.610  11.590  -8.024 0.4444444478
108226  -24.315  12.444  -7.303 0.2222222239
108227  -24.832  12.603  -6.520 0.1111111119
109081  -22.911  12.783  -7.520 0.1111111119
108225  -23.727  12.488  -7.969 0.1111111119
109082  -23.770  13.224  -7.774 0.1111111119
109083  -24.784  13.421  -6.774 0.1111111119
110023  -24.073  14.084  -7.892 0.1111111119
105550  -22.385  9.576  -4.702 0.3333333433
105559  -22.211  9.819  -5.833 0.3333333433
138259  -22.194  10.926  -7.402 0.3333333433
138263  -22.276  11.478  -7.166 0.2222222239
109098  -22.465  12.022  -7.180 0.2222222239
110022  -22.859  14.191  -8.317 0.1111111119
110039  -24.344  14.547  -8.098 0.1111111119
112083  -24.073  16.392  -8.904 0.1111111119
104577  -23.229  8.363  -2.524 0.1111111119
105544  -23.111  9.571  -3.052 0.1111111119
106477  -22.681  10.436  -3.974 0.2222222239
106488  -22.720  10.609  -5.272 0.3333333433
107337  -22.867  11.520  -4.725 0.2222222239
138256  -22.377  10.923  -6.475 0.3333333433
107348  -22.585  11.562  -5.731 0.3333333433
108183  -22.644  12.141  -5.321 0.2222222239
108204  -22.614  12.595  -5.717 0.1111111119
109065  -22.717  13.183  -6.086 0.1111111119
110011  -22.911  14.145  -6.913 0.1111111119
111035  -22.809  15.137  -8.826 0.1111111119
110038  -23.735  14.682  -8.580 0.1111111119
111038  -25.746  15.397  -8.043 0.1111111119
106468  -23.755  10.507  -2.503 0.1111111119
107339  -23.481  11.839  -3.019 0.1111111119
108170  -22.830  12.153  -4.841 0.2222222239
108185  -23.396  12.905  -4.514 0.1111111119
108171  -23.170  12.208  -4.390 0.1111111119
109051  -23.821  13.773  -4.370 0.1111111119
109050  -23.174  13.396  -5.105 0.1111111119
110000  -23.329  14.322  -5.577 0.1111111119
105536  -24.273  10.092  -1.844 0.1111111119
106451  -24.928  10.593  -1.230 0.1111111119
106469  -24.380  10.858  -2.000 0.1111111119
107328  -24.024  11.797  -2.361 0.1111111119
108163  -24.400  12.804  -2.767 0.1111111119
107314  -25.255  11.839  -1.360 0.1111111119
106452  -25.807  11.163  -0.846 0.1111111119
91845  -31.198  -3.625  -3.201 0.1111111119
92931  -30.833  -2.433  -2.792 0.1111111119
94062  -30.923  -2.054  -2.245 0.1111111119
98331  -28.866  1.828  -2.570 0.1111111119
97235  -29.313  1.055  -2.306 0.1111111119
98330  -28.424  2.129  -2.849 0.1111111119
102634  -26.985  5.997  -3.021 0.1111111119
105560  -24.598  9.252  -6.180 0.3333333433
105553  -25.905  9.300  -4.429 0.1111111119
104586  -26.991  8.199  -3.618 0.1111111119
109067  -25.907  13.166  -5.833 0.1111111119
108207  -26.625  13.005  -5.587 0.1111111119
110024  -25.065  14.568  -7.396 0.1111111119
108184  -22.901  12.670  -5.119 0.1111111119
108172  -23.797  12.522  -3.569 0.1111111119
110001  -23.878  14.905  -4.626 0.1111111119
108164  -24.773  12.675  -1.969 0.1111111119
92911  -31.818  -2.807  -1.703 0.1111111119
98345  -28.103  1.926  -3.480 0.2222222239
100639  -26.868  3.784  -3.326 0.2222222239
102645  -26.763  6.359  -3.453 0.1111111119
138265  -24.032  12.115  -7.919 0.2222222239
106436  -24.839  9.877  -0.470 0.1111111119
107313  -24.684  11.387  -1.801 0.1111111119
107329  -24.641  11.923  -1.825 0.1111111119
91812  -32.041  -3.481  -1.910 0.1111111119
90753  -31.022  -4.835  -4.078 0.1111111119
90740  -31.421  -4.547  -3.448 0.1111111119
91828  -31.655  -3.698  -2.534 0.1111111119
94024  -32.063  -2.023  -0.833 0.1111111119
92912  -32.217  -3.133  -1.415 0.1111111119
95151  -31.169  -0.780  -1.364 0.1111111119
96216  -30.759  0.090  -1.198 0.1111111119
97236  -29.716  1.129  -1.656 0.1111111119
99474  -28.822  2.765  -1.996 0.1111111119
98312  -29.176  1.985  -2.052 0.1111111119
99489  -28.293  3.137  -2.220 0.1111111119
101671  -28.591  5.026  -1.905 0.1111111119
102635  -27.507  6.112  -2.649 0.1111111119
103612  -27.565  6.691  -2.927 0.1111111119
103624  -27.457  7.249  -3.276 0.1111111119
106480  -27.376  10.021  -3.828 0.1111111119
104587  -27.873  8.399  -3.365 0.1111111119
106493  -28.655  10.769  -4.548 0.1111111119
107351  -27.930  11.791  -4.974 0.1111111119
103632  -21.550  7.794  -4.624 0.2222222239
104594  -22.041  8.712  -5.221 0.2222222239
109085  -27.129  13.682  -6.622 0.1111111119
104585  -22.557  8.414  -3.315 0.1111111119
110025  -26.415  14.745  -7.249 0.1111111119
111039  -26.584  15.580  -8.365 0.1111111119
105522  -24.169  9.330  -1.152 0.1111111119
111053  -25.966  16.363  -8.943 0.1111111119
105508  -24.426  9.306  -0.121 0.1111111119
105509  -24.927  9.798  0.198 0.1111111119
111000  -23.824  15.662  -5.453 0.1111111119
111012  -23.424  15.985  -6.776 0.1111111119
112070  -23.708  16.630  -8.592 0.1111111119
113059  -24.120  16.975  -8.948 0.1111111119
106437  -25.500  10.539  0.048 0.1111111119
109029  -24.698  13.533  -2.502 0.1111111119
109987  -24.286  14.811  -3.679 0.1111111119
108151  -25.375  12.941  -1.282 0.1111111119
98329  -27.877  2.399  -3.078 0.1111111119
104596  -26.237  8.212  -4.117 0.1111111119
94077  -30.155  -1.651  -3.540 0.1111111119
101699  -26.829  4.770  -3.592 0.2222222239
95167  -30.130  -0.717  -2.732 0.1111111119
96215  -30.165  0.220  -1.915 0.1111111119
99488  -27.636  2.962  -2.804 0.1111111119
101688  -27.800  5.118  -2.450 0.1111111119
100641  -28.051  4.052  -2.273 0.1111111119
105546  -27.258  9.122  -3.544 0.1111111119
107365  -24.580  11.629  -6.748 0.2222222239
107366  -24.907  11.179  -5.783 0.1111111119
111025  -25.629  14.982  -7.542 0.1111111119
111037  -24.587  15.018  -8.318 0.1111111119
109068  -26.623  13.288  -6.030 0.1111111119
106492  -27.583  10.932  -4.220 0.1111111119
108187  -26.411  12.477  -5.264 0.2222222239
104584  -22.062  8.558  -4.167 0.1111111119
108224  -22.366  11.818  -6.561 0.2222222239
109080  -22.489  12.486  -6.612 0.1111111119
110037  -23.124  14.824  -8.915 0.1111111119
111051  -23.777  15.312  -8.880 0.1111111119
112082  -23.416  15.724  -9.024 0.1111111119
111052  -24.821  16.013  -8.662 0.1111111119
105543  -22.556  9.313  -3.826 0.1111111119
109064  -22.515  12.652  -6.111 0.1111111119
111022  -22.662  15.496  -8.310 0.1111111119
111011  -22.772  15.188  -7.410 0.1111111119
105535  -23.893  9.273  -2.135 0.1111111119
106478  -23.012  10.698  -3.048 0.1111111119
107327  -23.364  11.307  -2.809 0.1111111119
107338  -23.109  11.538  -3.597 0.1111111119
110999  -23.150  15.090  -6.423 0.1111111119
109037  -24.421  13.655  -3.312 0.1111111119
90724  -31.898  -4.609  -2.812 0.1111111119
94045  -31.360  -1.848  -1.574 0.1111111119
106479  -26.696  9.594  -3.934 0.1111111119
108188  -27.189  12.232  -5.058 0.1111111119
108208  -27.454  12.708  -5.735 0.1111111119
95129  -31.676  -0.980  -0.685 0.1111111119
108209  -28.202  12.402  -5.828 0.1111111119
109100  -27.609  13.933  -7.264 0.1111111119
103622  -22.619  7.351  -2.817 0.1111111119
110026  -27.210  14.325  -7.245 0.1111111119
104567  -23.769  8.356  -1.601 0.1111111119
111023  -22.924  16.076  -7.688 0.1111111119
109975  -24.650  14.670  -2.612 0.1111111119
67530  -21.103  -25.484  2.963 0.2222222239
84200  -19.164  -10.396  -1.860 0.2222222239
79873  -19.456  -14.378  -0.519 0.3333333433
83067  -19.606  -11.563  -1.681 0.3333333433
84201  -19.680  -10.919  -2.040 0.4444444478
100670  -19.998  4.729  -5.011 0.2222222239
102652  -21.095  6.312  -4.666 0.1111111119
96262  -22.410  0.484  -5.247 0.2222222239
94070  -21.937  -1.120  -3.541 0.1111111119
82049  -19.330  -12.457  -1.236 0.2222222239
95185  -22.351  -0.508  -4.222 0.1111111119
98366  -21.505  2.374  -5.211 0.1111111119
99522  -20.984  3.060  -4.786 0.1111111119
100659  -20.795  4.388  -4.160 0.1111111119
101706  -21.543  5.253  -4.253 0.1111111119
102642  -21.456  6.194  -4.059 0.1111111119
103631  -21.281  6.945  -4.234 0.1111111119
100684  -20.381  4.308  -6.113 0.2222222239
79855  -19.162  -14.223  0.197 0.2222222239
82048  -18.894  -12.398  -0.613 0.2222222239
100669  -19.815  3.798  -5.210 0.1111111119
87487  -19.509  -6.698  -2.220 0.1111111119
88572  -19.632  -6.132  -2.592 0.3333333433
101728  -20.659  5.560  -5.884 0.3333333433
101715  -20.716  5.529  -4.894 0.3333333433
83066  -19.198  -11.493  -1.010 0.2222222239
100658  -19.968  3.897  -4.374 0.1111111119
99509  -20.964  3.383  -4.230 0.1111111119
99510  -21.680  3.481  -4.038 0.1111111119
99508  -20.327  3.452  -4.775 0.1111111119
83093  -31.739  -11.622  -3.783 0.1111111119
66461  -20.993  -25.868  3.351 0.1111111119
66463  -22.422  -26.718  2.880 0.1111111119
65335  -22.776  -27.089  2.798 0.1111111119
67510  -19.968  -25.713  3.947 0.1111111119
68636  -20.065  -24.473  3.488 0.1111111119
69901  -20.554  -23.470  2.680 0.1111111119
69900  -20.017  -22.907  2.809 0.1111111119
78743  -19.076  -15.286  1.119 0.1111111119
85321  -18.625  -9.499  -1.228 0.1111111119
91837  -18.362  -2.800  -3.143 0.2222222239
67528  -19.857  -25.077  3.832 0.1111111119
85336  -19.052  -9.267  -1.856 0.1111111119
85348  -19.400  -9.392  -2.321 0.1111111119
67509  -19.426  -25.317  4.399 0.1111111119
66445  -21.434  -26.512  3.829 0.1111111119
65321  -21.861  -26.763  3.813 0.1111111119
68621  -19.513  -24.441  4.012 0.1111111119
69888  -19.543  -23.425  3.476 0.1111111119
72242  -19.953  -21.691  2.354 0.1111111119
72253  -19.869  -21.032  2.059 0.1111111119
73370  -19.648  -20.357  2.203 0.1111111119
80968  -18.878  -13.765  0.381 0.1111111119
84183  -18.962  -10.621  -0.754 0.1111111119
138146  -18.827  -3.652  -2.860 0.2222222239
92940  -19.487  -2.150  -3.160 0.2222222239
94069  -20.773  -1.579  -3.433 0.1111111119
65336  -23.390  -27.312  2.596 0.1111111119
66444  -20.759  -26.221  3.938 0.1111111119
80985  -18.941  -13.634  -0.153 0.1111111119
86415  -19.366  -8.917  -2.162 0.1111111119
78744  -19.394  -15.149  0.375 0.1111111119
74444  -19.632  -19.422  2.307 0.1111111119
75476  -19.745  -18.466  1.656 0.1111111119
77630  -19.373  -16.394  1.012 0.1111111119
69889  -20.221  -23.984  3.141 0.1111111119
66462  -21.708  -26.297  3.107 0.1111111119
79854  -18.946  -14.413  0.723 0.1111111119
83049  -18.742  -11.649  -0.323 0.1111111119
67529  -20.518  -25.343  3.510 0.1111111119
138143  -18.012  -3.491  -2.666 0.1111111119
69871  -19.215  -23.925  4.188 0.1111111119
69887  -18.958  -22.889  3.871 0.1111111119
77629  -19.300  -15.911  1.505 0.1111111119
78726  -19.130  -15.282  1.621 0.1111111119
94067  -18.945  -1.501  -2.679 0.1111111119
94068  -19.676  -1.343  -3.088 0.1111111119
138137  -19.076  -4.705  -2.602 0.1111111119
96248  -22.364  0.536  -4.127 0.1111111119
97282  -22.279  1.490  -4.917 0.1111111119
64199  -23.759  -27.757  2.573 0.1111111119
64200  -23.980  -27.988  2.670 0.1111111119
65324  -24.427  -27.493  3.127 0.1111111119
66464  -24.421  -26.677  3.146 0.1111111119
66474  -22.071  -25.925  2.521 0.3333333433
66486  -23.152  -25.921  1.927 0.3333333433
67532  -25.004  -25.770  3.697 0.1111111119
68682  -24.597  -24.067  0.827 0.3333333433
71145  -24.035  -22.297  -0.246 0.3333333433
71148  -25.487  -21.982  -0.068 0.3333333433
72257  -25.665  -22.136  1.383 0.2222222239
72300  -26.210  -21.039  -1.310 0.3333333433
73425  -26.452  -20.326  -1.318 0.3333333433
74516  -26.691  -19.439  -1.765 0.4444444478
76536  -23.681  -18.184  -1.905 0.4444444478
76550  -22.497  -17.141  -2.037 0.5555555820
76569  -24.828  -16.709  -2.676 0.4444444478
77675  -21.613  -16.395  -2.098 0.5555555820
77703  -31.310  -15.838  -2.819 0.1111111119
78816  -27.167  -15.127  -3.471 0.4444444478
79894  -32.207  -14.753  -2.283 0.1111111119
79917  -26.371  -14.429  -3.842 0.7777777910
81005  -20.933  -13.608  -2.328 1.0000000000
81006  -31.895  -14.183  -2.551 0.1111111119
81027  -23.505  -13.533  -4.002 0.8888888955
82062  -27.859  -12.027  -2.426 0.5555555820
82063  -28.569  -12.010  -2.386 0.4444444478
82075  -27.075  -12.395  -2.873 0.5555555820
83077  -20.428  -11.625  -2.461 0.8888888955
83078  -27.643  -11.571  -2.576 0.5555555820
83087  -20.984  -11.663  -2.997 1.0000000000
83089  -22.623  -11.624  -3.960 1.0000000000
83090  -27.536  -11.246  -3.512 0.6666666865
83109  -31.416  -10.793  -4.136 0.2222222239
83119  -30.550  -10.936  -4.382 0.2222222239
83120  -30.661  -10.796  -4.415 0.2222222239
84219  -29.778  -10.822  -2.475 0.4444444478
84231  -28.767  -9.760  -3.153 0.6666666865
84245  -27.633  -10.007  -5.067 0.6666666865
84247  -30.849  -10.436  -4.366 0.2222222239
84261  -30.407  -10.790  -4.417 0.2222222239
84268  -26.535  -9.832  -6.172 1.0000000000
85383  -24.460  -9.382  -6.028 1.0000000000
85386  -27.007  -9.546  -5.962 0.8888888955
85387  -27.435  -9.404  -5.561 0.8888888955
85388  -27.985  -9.243  -5.234 0.5555555820
85395  -26.700  -9.381  -6.161 1.0000000000
86428  -20.560  -8.303  -3.651 0.6666666865
86450  -28.132  -8.846  -5.339 0.5555555820
86451  -28.718  -8.369  -5.401 0.5555555820
86462  -27.893  -8.429  -5.516 0.5555555820
87542  -28.438  -7.983  -5.541 0.5555555820
87550  -25.475  -6.960  -6.983 1.0000000000
88594  -20.723  -6.294  -3.426 0.4444444478
88634  -26.050  -6.634  -7.070 1.0000000000
88650  -24.893  -6.390  -7.294 1.0000000000
88652  -26.146  -6.316  -7.184 0.8888888955
89680  -22.412  -5.011  -6.401 0.7777777910
89695  -23.341  -4.947  -7.456 1.0000000000
90739  -31.051  -4.192  -3.807 0.1111111119
90790  -23.755  -4.404  -8.071 1.0000000000
91865  -22.276  -4.169  -5.868 0.7777777910
91892  -25.343  -3.682  -8.257 0.8888888955
91901  -24.449  -3.438  -8.691 1.0000000000
92893  -32.160  -2.720  -1.147 0.1111111119
92939  -19.037  -2.010  -2.858 0.2222222239
92999  -25.708  -2.884  -8.064 0.8888888955
93019  -25.408  -2.817  -8.468 1.0000000000
94044  -30.891  -1.419  -1.935 0.1111111119
94053  -18.251  -1.708  -2.572 0.1111111119
94054  -18.696  -1.336  -2.468 0.1111111119
94066  -18.456  -1.845  -2.795 0.1111111119
94076  -29.651  -1.355  -3.807 0.2222222239
94116  -22.165  -1.858  -6.144 0.7777777910
94154  -25.477  -2.308  -8.296 1.0000000000
95221  -22.334  -0.488  -8.108 0.7777777910
96249  -27.295  0.816  -4.901 0.5555555820
96264  -27.305  0.322  -5.270 0.5555555820
96291  -22.027  0.949  -8.553 0.7777777910
97250  -28.934  1.329  -2.764 0.1111111119
97291  -20.619  1.904  -7.158 0.4444444478
97309  -21.685  1.516  -8.664 0.6666666865
97320  -22.014  1.794  -9.167 0.6666666865
97321  -22.503  1.881  -9.205 0.7777777910
98311  -28.811  2.297  -2.294 0.1111111119
98343  -27.321  2.485  -4.007 0.5555555820
98344  -27.667  2.202  -3.682 0.1111111119
98379  -20.524  2.302  -6.572 0.4444444478
98407  -21.589  1.974  -8.934 0.6666666865
98408  -21.807  2.186  -9.103 0.6666666865
98409  -22.255  2.252  -9.211 0.7777777910
99487  -27.229  3.357  -3.210 0.2222222239
99535  -24.651  3.845  -7.319 0.6666666865
100700  -21.553  3.994  -8.066 0.6666666865
101686  -26.789  5.713  -3.329 0.1111111119
102646  -27.259  6.487  -3.072 0.1111111119
105551  -24.731  9.373  -5.702 0.3333333433
105561  -24.795  8.721  -5.775 0.3333333433
106489  -24.689  9.731  -5.688 0.3333333433
107367  -28.087  12.214  -5.523 0.1111111119
108186  -25.719  12.277  -5.479 0.1111111119
108203  -22.461  12.235  -6.001 0.1111111119
109066  -25.348  12.745  -6.049 0.1111111119
110040  -26.630  15.246  -7.820 0.1111111119
110055  -23.297  15.071  -9.079 0.1111111119
110056  -23.442  14.906  -8.973 0.1111111119
111036  -24.013  14.931  -8.712 0.1111111119
111050  -23.136  15.310  -9.113 0.1111111119
112057  -23.064  16.305  -8.305 0.1111111119
112069  -22.982  15.986  -9.026 0.1111111119
138147  -18.903  -3.212  -3.172 0.1111111119
138262  -24.209  11.796  -7.598 0.2222222239
