#!ascii label  , from subject MOT01 vox2ras=TkReg
414
89698  -25.532  -5.591  -7.709 0.0000000000
84228  -22.170  -10.599  -4.192 0.0000000000
85359  -28.173  -9.656  -4.680 0.0000000000
78813  -25.273  -15.093  -3.756 0.0000000000
103660  -22.131  7.966  -7.694 0.0000000000
101717  -24.800  5.617  -6.387 0.0000000000
92996  -22.329  -1.634  -7.656 0.0000000000
74501  -23.968  -19.214  -1.502 0.0000000000
82073  -23.091  -12.942  -3.906 0.0000000000
78787  -21.212  -15.020  -2.185 0.0000000000
102688  -23.997  6.779  -7.937 0.0000000000
99555  -22.687  3.570  -8.695 0.0000000000
88620  -22.398  -6.428  -5.635 0.0000000000
90749  -21.854  -4.620  -4.591 0.0000000000
90801  -24.062  -3.883  -8.542 0.0000000000
95222  -25.365  -0.470  -7.500 0.0000000000
92982  -26.214  -2.573  -7.100 0.0000000000
90782  -28.179  -4.661  -6.474 0.0000000000
85350  -20.377  -8.829  -3.316 0.0000000000
86446  -23.345  -8.498  -5.706 0.0000000000
86460  -26.614  -8.493  -6.324 0.0000000000
84244  -25.257  -11.065  -5.359 0.0000000000
81015  -26.452  -13.390  -3.759 0.0000000000
78803  -29.099  -15.507  -3.148 0.0000000000
96282  -21.779  0.491  -7.927 0.0000000000
97312  -23.910  1.494  -8.538 0.0000000000
99523  -26.151  3.351  -5.476 0.0000000000
76533  -21.687  -17.143  -1.503 0.0000000000
76553  -24.990  -17.355  -2.455 0.0000000000
79890  -20.796  -14.440  -2.017 0.0000000000
79874  -19.885  -14.935  -0.819 0.0000000000
100701  -22.197  4.123  -8.372 0.0000000000
98390  -20.894  2.541  -7.795 0.0000000000
88632  -24.012  -6.386  -6.869 0.0000000000
89681  -22.802  -5.457  -6.676 0.0000000000
90791  -24.494  -4.674  -8.026 0.0000000000
92998  -25.336  -3.186  -8.531 0.0000000000
90793  -26.137  -4.633  -7.701 0.0000000000
91880  -27.387  -3.574  -6.640 0.0000000000
89683  -26.919  -5.354  -7.011 0.0000000000
85358  -21.414  -9.985  -3.926 0.0000000000
86435  -21.670  -8.258  -4.547 0.0000000000
84241  -22.558  -9.956  -4.754 0.0000000000
84255  -24.062  -9.842  -5.650 0.0000000000
84229  -22.902  -11.075  -4.383 0.0000000000
79915  -24.496  -14.425  -4.003 0.0000000000
81029  -25.128  -13.539  -4.390 0.0000000000
79916  -25.608  -14.381  -4.156 0.0000000000
79904  -27.222  -14.414  -3.018 0.0000000000
78801  -27.105  -15.562  -3.371 0.0000000000
102676  -21.685  6.835  -6.760 0.0000000000
103640  -21.596  7.786  -5.702 0.0000000000
104613  -22.477  8.911  -7.265 0.0000000000
105572  -22.442  10.002  -7.026 0.0000000000
105587  -23.861  9.650  -8.092 0.0000000000
101716  -24.499  6.201  -6.838 0.0000000000
91866  -22.279  -3.642  -5.740 0.0000000000
92967  -22.319  -2.763  -5.546 0.0000000000
95220  -22.065  -0.443  -7.610 0.0000000000
96292  -22.421  0.445  -8.615 0.0000000000
95229  -22.814  -0.499  -8.601 0.0000000000
96276  -26.306  0.756  -6.027 0.0000000000
97293  -25.675  1.658  -6.654 0.0000000000
98368  -26.375  2.390  -5.276 0.0000000000
85396  -27.065  -9.283  -5.928 0.0000000000
87541  -27.900  -7.758  -5.721 0.0000000000
74483  -21.997  -19.555  -0.468 0.0000000000
75517  -22.775  -18.280  -1.619 0.0000000000
76551  -22.885  -17.230  -2.163 0.0000000000
75519  -24.331  -18.568  -1.821 0.0000000000
82070  -20.856  -12.312  -2.669 0.0000000000
82087  -23.037  -12.287  -4.019 0.0000000000
81013  -22.079  -13.493  -3.169 0.0000000000
79900  -22.447  -14.466  -3.061 0.0000000000
78799  -23.649  -15.405  -3.107 0.0000000000
102686  -22.418  6.851  -7.735 0.0000000000
103662  -23.697  7.846  -8.227 0.0000000000
101740  -22.728  5.783  -7.846 0.0000000000
101741  -23.532  5.763  -8.079 0.0000000000
100685  -24.345  4.557  -7.347 0.0000000000
88595  -21.204  -6.262  -4.082 0.0000000000
89656  -21.709  -5.480  -4.763 0.0000000000
90779  -22.573  -4.486  -6.912 0.0000000000
91899  -23.440  -2.955  -8.248 0.0000000000
95231  -24.395  -0.776  -8.636 0.0000000000
94153  -24.958  -2.031  -8.455 0.0000000000
94136  -25.952  -1.892  -7.615 0.0000000000
95214  -26.922  -0.891  -6.063 0.0000000000
94099  -27.327  -1.516  -5.772 0.0000000000
72298  -24.908  -21.255  -1.330 0.0000000000
74503  -25.533  -19.805  -1.553 0.0000000000
87515  -21.414  -7.335  -4.336 0.0000000000
87526  -23.066  -7.442  -5.923 0.0000000000
87536  -24.072  -7.442  -6.572 0.0000000000
87538  -25.826  -7.255  -6.868 0.0000000000
86458  -25.208  -8.335  -6.576 0.0000000000
85385  -25.774  -9.897  -6.251 0.0000000000
83117  -26.823  -10.720  -5.562 0.0000000000
83102  -24.158  -11.671  -4.820 0.0000000000
83104  -25.971  -11.737  -4.889 0.0000000000
82092  -27.245  -11.897  -4.201 0.0000000000
82076  -28.154  -12.790  -2.429 0.0000000000
81018  -28.761  -13.616  -3.110 0.0000000000
104614  -24.460  8.570  -7.072 0.0000000000
97319  -21.769  1.839  -9.037 0.0000000000
98400  -23.607  2.483  -8.578 0.0000000000
99548  -24.590  3.146  -7.499 0.0000000000
96284  -24.959  0.862  -7.874 0.0000000000
98381  -25.432  2.508  -6.765 0.0000000000
100687  -25.554  4.079  -6.421 0.0000000000
88636  -27.308  -6.558  -6.404 0.0000000000
89671  -28.763  -5.585  -5.772 0.0000000000
78763  -20.204  -15.519  -1.009 0.0000000000
78777  -21.223  -16.091  -2.093 0.0000000000
77677  -23.228  -16.542  -2.625 0.0000000000
77696  -24.440  -16.145  -2.915 0.0000000000
75537  -26.100  -18.833  -1.973 0.0000000000
76554  -25.854  -17.858  -2.409 0.0000000000
77698  -26.620  -16.274  -3.142 0.0000000000
98389  -20.600  2.510  -7.238 0.0000000000
88649  -24.396  -5.882  -7.290 0.0000000000
89697  -24.736  -5.440  -7.686 0.0000000000
90792  -25.295  -4.567  -7.997 0.0000000000
90780  -26.831  -4.585  -7.187 0.0000000000
89699  -26.305  -5.666  -7.391 0.0000000000
84227  -20.963  -10.640  -3.414 0.0000000000
84226  -20.475  -10.091  -3.202 0.0000000000
84242  -23.468  -10.482  -5.077 0.0000000000
79902  -24.052  -14.837  -3.463 0.0000000000
78814  -26.068  -14.973  -3.724 0.0000000000
78815  -26.709  -15.013  -3.592 0.0000000000
77711  -26.488  -15.470  -3.477 0.0000000000
103653  -21.821  7.986  -6.738 0.0000000000
104625  -22.891  8.953  -7.926 0.0000000000
105585  -22.682  9.765  -7.732 0.0000000000
104626  -23.427  8.926  -8.316 0.0000000000
101731  -24.532  5.072  -6.913 0.0000000000
102662  -24.694  6.698  -6.464 0.0000000000
101708  -25.476  5.618  -5.531 0.0000000000
92997  -22.478  -2.321  -7.663 0.0000000000
92981  -22.197  -2.504  -6.588 0.0000000000
92980  -22.167  -1.798  -7.320 0.0000000000
94115  -21.871  -1.302  -6.977 0.0000000000
94133  -22.225  -1.150  -7.605 0.0000000000
94134  -22.496  -1.265  -8.041 0.0000000000
96263  -26.865  0.602  -5.442 0.0000000000
84260  -27.275  -9.957  -5.554 0.0000000000
86449  -27.623  -8.851  -5.530 0.0000000000
85371  -27.925  -9.503  -5.108 0.0000000000
74485  -23.612  -19.706  -1.001 0.0000000000
74484  -22.736  -19.614  -0.708 0.0000000000
75505  -23.045  -19.190  -1.084 0.0000000000
75504  -22.482  -18.684  -1.014 0.0000000000
75518  -23.336  -18.789  -1.607 0.0000000000
82059  -20.493  -12.646  -2.208 0.0000000000
82071  -21.519  -12.606  -3.018 0.0000000000
82060  -21.030  -12.960  -2.611 0.0000000000
79891  -21.543  -14.488  -2.574 0.0000000000
79899  -21.866  -14.022  -2.928 0.0000000000
79892  -22.061  -15.064  -2.762 0.0000000000
78798  -23.096  -14.939  -3.024 0.0000000000
101739  -21.895  5.654  -7.162 0.0000000000
100694  -22.913  4.739  -8.346 0.0000000000
100695  -23.712  4.713  -7.878 0.0000000000
99546  -23.422  4.010  -8.441 0.0000000000
88607  -21.749  -6.286  -4.873 0.0000000000
88619  -22.141  -5.959  -5.508 0.0000000000
90789  -23.086  -4.479  -7.522 0.0000000000
91891  -23.398  -3.954  -7.934 0.0000000000
91890  -23.011  -3.481  -7.721 0.0000000000
91900  -23.744  -3.431  -8.399 0.0000000000
93016  -23.792  -2.491  -8.583 0.0000000000
93017  -24.396  -2.674  -8.729 0.0000000000
94118  -26.320  -1.403  -6.717 0.0000000000
94119  -26.766  -1.798  -6.435 0.0000000000
92983  -26.930  -2.628  -6.435 0.0000000000
91881  -28.071  -3.870  -6.562 0.0000000000
91867  -28.025  -3.183  -6.130 0.0000000000
90766  -28.634  -4.679  -5.830 0.0000000000
72288  -25.101  -21.768  -0.859 0.0000000000
72289  -25.823  -21.536  -0.506 0.0000000000
86417  -20.231  -8.332  -3.126 0.0000000000
87514  -20.805  -7.772  -3.969 0.0000000000
86434  -20.985  -8.301  -4.139 0.0000000000
86436  -22.425  -8.394  -5.206 0.0000000000
87527  -23.647  -7.998  -6.175 0.0000000000
86457  -24.662  -7.897  -6.558 0.0000000000
86447  -24.238  -8.509  -6.267 0.0000000000
84256  -24.578  -10.105  -5.722 0.0000000000
85384  -25.259  -9.457  -6.311 0.0000000000
84257  -25.470  -10.484  -5.769 0.0000000000
84258  -26.268  -10.168  -6.091 0.0000000000
83116  -26.169  -10.977  -5.467 0.0000000000
82088  -23.689  -12.617  -4.348 0.0000000000
81030  -26.116  -13.595  -4.237 0.0000000000
82090  -25.601  -12.633  -4.574 0.0000000000
82091  -26.480  -12.561  -4.168 0.0000000000
82061  -27.536  -12.023  -2.617 0.0000000000
82074  -26.508  -13.001  -3.413 0.0000000000
79905  -28.344  -14.530  -3.088 0.0000000000
79906  -29.515  -14.637  -3.272 0.0000000000
103654  -24.225  7.745  -7.590 0.0000000000
89640  -21.238  -5.552  -3.852 0.0000000000
96274  -22.120  0.038  -5.948 0.0000000000
96273  -21.578  0.419  -6.792 0.0000000000
97301  -21.157  1.582  -7.660 0.0000000000
97311  -23.058  1.509  -9.068 0.0000000000
99547  -24.003  3.560  -7.959 0.0000000000
98391  -24.317  2.465  -8.036 0.0000000000
95232  -24.897  -1.105  -8.175 0.0000000000
96295  -25.043  -0.046  -8.127 0.0000000000
98382  -25.895  2.487  -6.044 0.0000000000
97303  -25.210  1.632  -7.351 0.0000000000
99536  -25.148  3.420  -6.924 0.0000000000
99537  -25.732  3.350  -6.252 0.0000000000
100672  -25.979  4.183  -5.809 0.0000000000
87539  -26.567  -7.463  -6.564 0.0000000000
88635  -26.531  -6.352  -6.871 0.0000000000
88637  -28.172  -6.699  -6.053 0.0000000000
76520  -21.342  -17.615  -1.034 0.0000000000
77647  -20.777  -16.920  -0.939 0.0000000000
77660  -20.558  -16.254  -1.221 0.0000000000
77661  -21.229  -16.595  -1.571 0.0000000000
76552  -23.941  -17.386  -2.073 0.0000000000
77676  -22.306  -16.650  -2.280 0.0000000000
77678  -23.931  -16.595  -2.596 0.0000000000
77695  -23.689  -16.143  -2.868 0.0000000000
76568  -24.426  -16.821  -2.512 0.0000000000
75521  -25.809  -19.339  -1.716 0.0000000000
77680  -26.309  -17.210  -2.721 0.0000000000
81004  -20.286  -13.522  -1.831 0.0000000000
100693  -21.938  4.905  -8.078 0.0000000000
100699  -21.090  3.783  -7.751 0.0000000000
99553  -21.144  3.283  -8.127 0.0000000000
99554  -21.823  3.396  -8.568 0.0000000000
88631  -23.207  -6.406  -6.387 0.0000000000
89670  -22.348  -5.797  -5.877 0.0000000000
89682  -23.474  -5.881  -6.803 0.0000000000
89696  -23.882  -5.361  -7.346 0.0000000000
90802  -24.441  -4.055  -8.464 0.0000000000
91902  -24.985  -3.627  -8.699 0.0000000000
90803  -24.903  -4.116  -8.308 0.0000000000
91893  -25.836  -3.670  -7.697 0.0000000000
91879  -26.518  -3.635  -7.090 0.0000000000
90781  -27.541  -4.601  -6.896 0.0000000000
85356  -20.273  -9.832  -3.108 0.0000000000
85357  -20.759  -9.356  -3.662 0.0000000000
85368  -21.229  -8.825  -4.282 0.0000000000
85369  -21.818  -9.360  -4.526 0.0000000000
85370  -22.863  -9.353  -5.187 0.0000000000
85382  -23.769  -9.333  -5.615 0.0000000000
84243  -24.694  -10.914  -5.299 0.0000000000
79914  -23.881  -14.008  -4.067 0.0000000000
81028  -24.210  -13.484  -4.317 0.0000000000
81016  -26.647  -13.577  -3.029 0.0000000000
79903  -26.626  -14.037  -3.635 0.0000000000
79918  -26.965  -14.718  -3.474 0.0000000000
78802  -27.816  -15.303  -3.240 0.0000000000
102660  -21.031  6.656  -5.703 0.0000000000
138261  -23.960  10.487  -7.844 0.0000000000
102677  -24.350  6.796  -7.174 0.0000000000
103641  -24.541  7.600  -6.759 0.0000000000
92955  -22.117  -2.858  -4.523 0.0000000000
94098  -22.447  -1.828  -5.288 0.0000000000
95210  -21.807  -0.336  -7.125 0.0000000000
96283  -22.114  -0.005  -8.086 0.0000000000
96293  -23.387  0.464  -8.912 0.0000000000
95212  -25.770  0.105  -6.673 0.0000000000
96285  -25.435  0.677  -7.256 0.0000000000
96275  -25.886  0.972  -6.526 0.0000000000
97294  -26.116  1.623  -5.957 0.0000000000
87540  -27.228  -7.611  -6.090 0.0000000000
86461  -27.242  -8.670  -5.830 0.0000000000
86463  -28.282  -8.428  -5.453 0.0000000000
75503  -21.458  -18.682  -0.457 0.0000000000
76521  -21.908  -18.115  -1.004 0.0000000000
76534  -22.289  -17.562  -1.644 0.0000000000
76535  -23.134  -17.938  -1.922 0.0000000000
75535  -24.608  -17.920  -2.173 0.0000000000
84216  -20.594  -11.105  -2.850 0.0000000000
83088  -21.769  -11.626  -3.511 0.0000000000
82072  -22.424  -12.604  -3.570 0.0000000000
81014  -22.803  -13.606  -3.599 0.0000000000
81012  -21.494  -13.542  -2.760 0.0000000000
79901  -23.478  -14.415  -3.559 0.0000000000
78800  -24.497  -15.270  -3.444 0.0000000000
102675  -21.118  6.263  -6.234 0.0000000000
103661  -22.843  7.918  -8.394 0.0000000000
102687  -23.210  6.836  -8.168 0.0000000000
101730  -24.249  5.690  -7.354 0.0000000000
90764  -22.172  -4.732  -5.498 0.0000000000
89669  -22.186  -5.413  -5.718 0.0000000000
90778  -22.342  -4.626  -6.197 0.0000000000
91877  -22.297  -4.334  -6.056 0.0000000000
91878  -22.406  -3.711  -6.606 0.0000000000
93015  -23.170  -2.419  -8.333 0.0000000000
94150  -22.958  -1.477  -8.501 0.0000000000
94151  -23.706  -1.605  -8.746 0.0000000000
94152  -24.388  -1.779  -8.654 0.0000000000
93018  -25.100  -2.855  -8.841 0.0000000000
94135  -25.417  -1.460  -7.860 0.0000000000
94117  -25.766  -0.944  -7.006 0.0000000000
95213  -26.426  -0.269  -6.215 0.0000000000
95198  -27.040  -0.094  -5.707 0.0000000000
95199  -27.444  -0.350  -5.388 0.0000000000
95200  -27.773  -0.814  -5.144 0.0000000000
92968  -27.622  -2.526  -5.904 0.0000000000
84230  -27.966  -10.136  -3.969 0.0000000000
73410  -24.495  -20.684  -1.223 0.0000000000
74486  -24.171  -20.192  -1.073 0.0000000000
74502  -24.599  -19.713  -1.387 0.0000000000
87506  -21.255  -6.763  -4.162 0.0000000000
88608  -21.982  -6.816  -4.872 0.0000000000
87516  -22.171  -7.418  -5.032 0.0000000000
87535  -23.574  -6.920  -6.452 0.0000000000
88633  -24.516  -6.877  -6.895 0.0000000000
87549  -25.289  -6.793  -7.087 0.0000000000
88651  -25.697  -6.483  -7.232 0.0000000000
87537  -25.016  -7.262  -6.854 0.0000000000
86459  -26.007  -8.329  -6.649 0.0000000000
86448  -24.801  -8.950  -6.376 0.0000000000
85393  -25.658  -8.870  -6.507 0.0000000000
85394  -26.083  -9.316  -6.418 0.0000000000
84267  -26.355  -9.683  -6.269 0.0000000000
84259  -26.913  -9.968  -5.920 0.0000000000
83118  -27.213  -10.352  -5.452 0.0000000000
83101  -23.323  -11.623  -4.410 0.0000000000
83103  -25.153  -11.692  -4.998 0.0000000000
82089  -24.661  -12.617  -4.601 0.0000000000
83115  -25.627  -11.186  -5.313 0.0000000000
83105  -26.734  -11.532  -4.954 0.0000000000
83106  -27.470  -10.949  -4.820 0.0000000000
84217  -28.007  -10.521  -2.677 0.0000000000
83079  -28.358  -11.310  -2.123 0.0000000000
81017  -27.617  -13.669  -2.553 0.0000000000
104627  -24.203  8.758  -8.023 0.0000000000
97300  -20.779  2.132  -7.491 0.0000000000
98397  -21.411  2.416  -8.589 0.0000000000
98398  -22.120  2.768  -8.983 0.0000000000
97310  -22.273  1.335  -8.930 0.0000000000
98399  -22.863  2.576  -9.101 0.0000000000
99556  -23.371  3.260  -8.638 0.0000000000
100686  -24.954  4.489  -6.763 0.0000000000
95230  -23.608  -0.581  -8.835 0.0000000000
96294  -24.341  0.443  -8.518 0.0000000000
97302  -24.643  1.569  -7.992 0.0000000000
98392  -24.888  2.457  -7.412 0.0000000000
100671  -25.456  4.812  -6.049 0.0000000000
89684  -27.438  -5.538  -6.686 0.0000000000
89685  -28.132  -5.641  -6.293 0.0000000000
78776  -20.788  -15.525  -1.818 0.0000000000
78788  -21.614  -15.638  -2.452 0.0000000000
77662  -21.826  -16.865  -1.827 0.0000000000
78789  -22.676  -15.613  -2.879 0.0000000000
78790  -23.281  -15.957  -2.963 0.0000000000
77709  -25.104  -15.734  -3.301 0.0000000000
75520  -25.278  -19.071  -1.724 0.0000000000
75536  -25.190  -18.288  -2.138 0.0000000000
77679  -25.648  -17.254  -2.649 0.0000000000
77697  -25.467  -16.546  -2.922 0.0000000000
77710  -25.843  -15.668  -3.414 0.0000000000
76536  -23.681  -18.184  -1.905 0.0000000000
76550  -22.497  -17.141  -2.037 0.0000000000
76569  -24.828  -16.709  -2.676 0.0000000000
77675  -21.613  -16.395  -2.098 0.0000000000
78816  -27.167  -15.127  -3.471 0.0000000000
79917  -26.371  -14.429  -3.842 0.0000000000
81005  -20.933  -13.608  -2.328 0.0000000000
81027  -23.505  -13.533  -4.002 0.0000000000
82062  -27.859  -12.027  -2.426 0.0000000000
82063  -28.569  -12.010  -2.386 0.0000000000
82075  -27.075  -12.395  -2.873 0.0000000000
83077  -20.428  -11.625  -2.461 0.0000000000
83078  -27.643  -11.571  -2.576 0.0000000000
83087  -20.984  -11.663  -2.997 0.0000000000
83089  -22.623  -11.624  -3.960 0.0000000000
83090  -27.536  -11.246  -3.512 0.0000000000
84231  -28.767  -9.760  -3.153 0.0000000000
84245  -27.633  -10.007  -5.067 0.0000000000
84268  -26.535  -9.832  -6.172 0.0000000000
85372  -28.633  -9.269  -5.027 0.0000000000
85383  -24.460  -9.382  -6.028 0.0000000000
85386  -27.007  -9.546  -5.962 0.0000000000
85387  -27.435  -9.404  -5.561 0.0000000000
85388  -27.985  -9.243  -5.234 0.0000000000
85395  -26.700  -9.381  -6.161 0.0000000000
86428  -20.560  -8.303  -3.651 0.0000000000
86450  -28.132  -8.846  -5.339 0.0000000000
86462  -27.893  -8.429  -5.516 0.0000000000
87542  -28.438  -7.983  -5.541 0.0000000000
87550  -25.475  -6.960  -6.983 0.0000000000
88634  -26.050  -6.634  -7.070 0.0000000000
88650  -24.893  -6.390  -7.294 0.0000000000
88652  -26.146  -6.316  -7.184 0.0000000000
89680  -22.412  -5.011  -6.401 0.0000000000
89695  -23.341  -4.947  -7.456 0.0000000000
90790  -23.755  -4.404  -8.071 0.0000000000
91892  -25.343  -3.682  -8.257 0.0000000000
91901  -24.449  -3.438  -8.691 0.0000000000
92999  -25.708  -2.884  -8.064 0.0000000000
93019  -25.408  -2.817  -8.468 0.0000000000
94116  -22.165  -1.858  -6.144 0.0000000000
94154  -25.477  -2.308  -8.296 0.0000000000
95221  -22.334  -0.488  -8.108 0.0000000000
96291  -22.027  0.949  -8.553 0.0000000000
97291  -20.619  1.904  -7.158 0.0000000000
97309  -21.685  1.516  -8.664 0.0000000000
97320  -22.014  1.794  -9.167 0.0000000000
97321  -22.503  1.881  -9.205 0.0000000000
98407  -21.589  1.974  -8.934 0.0000000000
98408  -21.807  2.186  -9.103 0.0000000000
98409  -22.255  2.252  -9.211 0.0000000000
99535  -24.651  3.845  -7.319 0.0000000000
100700  -21.553  3.994  -8.066 0.0000000000
