#!ascii label  , from subject MOT01 vox2ras=TkReg
1940
13684  -43.558  -73.695  6.444 0.1000000015
11745  -43.828  -75.157  5.409 0.1000000015
10814  -41.733  -76.650  5.474 0.1000000015
10824  -43.655  -75.771  4.957 0.1000000015
11759  -42.591  -75.547  4.597 0.1000000015
12750  -43.875  -74.866  3.960 0.1000000015
12748  -42.166  -74.486  4.120 0.1000000015
12768  -43.588  -74.258  3.448 0.1000000015
13738  -44.064  -73.868  2.806 0.1000000015
13736  -42.388  -73.674  2.565 0.1000000015
13761  -42.932  -73.531  1.826 0.1000000015
13763  -44.538  -73.508  2.167 0.1000000015
13762  -43.820  -73.578  1.971 0.1000000015
13760  -41.875  -73.666  1.740 0.1000000015
13784  -43.533  -73.506  1.013 0.1000000015
14868  -44.694  -72.845  -0.232 0.1000000015
13783  -42.584  -73.633  0.856 0.1000000015
13802  -43.174  -73.636  0.046 0.1000000015
15913  -45.194  -71.033  5.991 0.1000000015
13696  -44.237  -73.383  5.678 0.1000000015
14732  -44.383  -72.268  5.950 0.1000000015
12736  -44.581  -74.222  5.083 0.1000000015
15937  -45.968  -71.317  5.420 0.1000000015
13697  -45.042  -73.336  5.094 0.1000000015
11746  -44.420  -74.787  4.687 0.1000000015
13698  -45.490  -73.206  4.568 0.1000000015
12770  -44.787  -74.127  3.621 0.1000000015
14801  -45.774  -72.851  3.392 0.1000000015
13739  -44.681  -73.749  2.991 0.1000000015
13786  -44.956  -73.176  1.585 0.1000000015
21593  -46.082  -66.641  1.286 0.1000000015
20467  -45.954  -67.891  0.395 0.1000000015
19410  -46.146  -68.672  -0.031 0.1000000015
18333  -46.266  -69.125  0.068 0.1000000015
16054  -45.434  -71.320  -0.403 0.1000000015
17199  -45.747  -70.809  0.333 0.1000000015
16042  -45.570  -71.587  0.620 0.1000000015
13804  -44.862  -72.950  0.702 0.1000000015
19252  -45.970  -69.018  7.715 0.1000000015
18235  -48.132  -68.957  6.471 0.2000000030
19285  -47.712  -68.732  6.841 0.2000000030
18232  -45.647  -69.648  6.746 0.1000000015
18257  -48.363  -69.132  6.137 0.1000000015
17078  -47.028  -70.125  5.837 0.1000000015
18233  -46.603  -69.437  6.542 0.1000000015
18256  -47.870  -69.495  5.478 0.1000000015
17103  -46.588  -70.766  5.440 0.1000000015
29378  -49.533  -59.104  2.366 0.1000000015
28254  -49.082  -59.713  2.871 0.1000000015
17104  -47.400  -70.501  5.061 0.1000000015
15938  -46.667  -71.313  4.816 0.1000000015
14778  -45.908  -72.748  4.168 0.1000000015
28266  -48.130  -60.371  2.163 0.1000000015
27101  -47.789  -60.697  2.898 0.1000000015
27079  -47.622  -60.763  3.395 0.1000000015
25945  -47.235  -61.547  3.705 0.1000000015
24878  -46.812  -63.370  3.705 0.1000000015
23823  -46.836  -64.344  3.227 0.1000000015
15939  -46.985  -70.958  4.374 0.1000000015
15958  -46.854  -70.957  3.814 0.1000000015
13764  -45.137  -73.270  2.362 0.1000000015
25944  -46.609  -62.461  3.494 0.1000000015
24892  -46.778  -63.709  3.031 0.1000000015
22729  -46.519  -65.427  2.250 0.1000000015
22716  -46.752  -65.292  2.744 0.1000000015
20448  -46.630  -67.381  2.627 0.1000000015
19381  -46.604  -68.413  1.334 0.1000000015
14822  -46.026  -72.104  2.622 0.1000000015
14843  -45.497  -72.420  1.521 0.1000000015
24902  -46.652  -64.151  2.605 0.1000000015
22749  -46.519  -66.090  1.849 0.1000000015
20460  -46.626  -67.427  1.741 0.1000000015
17174  -46.102  -70.601  1.304 0.1000000015
17173  -45.770  -71.127  0.909 0.1000000015
21601  -46.346  -67.176  1.027 0.1000000015
20469  -46.483  -67.568  1.062 0.1000000015
16016  -45.807  -71.483  1.328 0.1000000015
19312  -49.151  -67.894  6.359 0.1000000015
19287  -49.276  -67.730  7.038 0.2000000030
19254  -47.950  -68.112  7.687 0.1000000015
20323  -49.273  -67.397  8.499 0.2000000030
20292  -48.676  -67.862  9.050 0.2000000030
20397  -49.374  -67.417  6.266 0.1000000015
19311  -48.512  -68.570  5.777 0.1000000015
30421  -49.201  -58.201  1.254 0.1000000015
29390  -49.620  -59.191  1.444 0.1000000015
18272  -47.475  -69.719  4.552 0.1000000015
28253  -48.499  -60.166  3.078 0.1000000015
25925  -47.272  -61.542  4.028 0.1000000015
25924  -46.834  -62.166  4.311 0.1000000015
21558  -46.556  -66.357  3.158 0.1000000015
19351  -46.645  -68.416  3.257 0.1000000015
17158  -46.409  -70.566  2.312 0.1000000015
15978  -46.530  -71.156  3.187 0.1000000015
14844  -45.954  -71.755  1.858 0.1000000015
24850  -50.568  -64.086  6.871 0.1000000015
23781  -51.236  -64.705  6.901 0.1000000015
23779  -49.750  -64.637  6.916 0.1000000015
22674  -49.911  -65.620  6.660 0.1000000015
22675  -50.761  -65.557  6.886 0.1000000015
21509  -50.609  -66.274  7.162 0.2000000030
21488  -50.786  -66.378  7.895 0.2000000030
20374  -49.695  -67.234  6.728 0.2000000030
21487  -50.421  -66.732  8.346 0.2000000030
20324  -50.131  -66.998  8.814 0.2000000030
20396  -48.874  -67.610  5.967 0.1000000015
21507  -49.162  -66.679  6.329 0.1000000015
20373  -48.292  -67.288  6.080 0.1000000015
20395  -47.709  -68.053  5.538 0.1000000015
31351  -49.282  -57.875  2.214 0.1000000015
30388  -49.181  -58.258  3.150 0.1000000015
29356  -48.449  -58.688  3.844 0.1000000015
29355  -47.771  -59.208  4.180 0.1000000015
20415  -47.312  -68.525  4.834 0.1000000015
30420  -48.324  -58.006  1.352 0.1000000015
30401  -47.556  -57.853  2.132 0.1000000015
29367  -49.388  -58.714  2.869 0.1000000015
29365  -48.314  -59.715  3.591 0.1000000015
27058  -47.138  -61.291  4.201 0.1000000015
25906  -46.416  -61.666  4.825 0.1000000015
23808  -46.070  -63.976  4.683 0.1000000015
21543  -45.697  -65.706  5.173 0.1000000015
21544  -46.028  -66.546  4.611 0.1000000015
20414  -46.716  -68.008  4.629 0.1000000015
19331  -47.025  -68.884  4.168 0.1000000015
30437  -48.930  -58.811  0.334 0.1000000015
23809  -46.566  -64.206  4.048 0.1000000015
22704  -45.893  -64.995  4.679 0.1000000015
20430  -46.511  -67.504  3.647 0.1000000015
19352  -46.762  -69.117  3.509 0.1000000015
29405  -48.217  -59.204  -0.178 0.1000000015
29404  -47.419  -59.335  -0.109 0.1000000015
29417  -47.746  -59.575  -0.872 0.1000000015
29416  -46.676  -59.590  -0.816 0.1000000015
25879  -49.192  -62.513  7.627 0.1000000015
24849  -49.932  -64.038  7.070 0.1000000015
25878  -48.045  -62.280  7.761 0.1000000015
24836  -48.541  -63.280  7.510 0.1000000015
25882  -50.987  -63.213  7.569 0.1000000015
22676  -51.367  -65.215  7.188 0.1000000015
22660  -51.631  -65.321  7.715 0.2000000030
22657  -48.242  -64.983  7.225 0.1000000015
23778  -49.143  -64.860  7.055 0.1000000015
21489  -51.414  -65.871  7.957 0.2000000030
25877  -46.785  -62.277  7.695 0.1000000015
23765  -47.858  -64.179  7.505 0.1000000015
30385  -45.611  -58.219  3.021 0.1000000015
30400  -46.387  -58.204  2.431 0.1000000015
31348  -47.166  -57.454  2.892 0.1000000015
31349  -48.027  -57.157  2.703 0.1000000015
31350  -48.765  -57.354  2.698 0.1000000015
31333  -48.754  -57.509  3.438 0.1000000015
30387  -48.716  -58.188  3.724 0.1000000015
24834  -46.236  -63.334  7.520 0.1000000015
22672  -47.659  -65.830  7.050 0.1000000015
21506  -48.079  -66.613  6.551 0.1000000015
31362  -48.507  -57.530  2.144 0.1000000015
29354  -47.021  -59.748  4.615 0.1000000015
28231  -46.536  -60.265  4.843 0.1000000015
27051  -46.105  -61.089  5.119 0.1000000015
22670  -45.780  -65.312  6.641 0.1000000015
21504  -46.139  -66.185  6.459 0.1000000015
20372  -47.411  -67.300  6.117 0.1000000015
30399  -45.199  -58.585  2.256 0.1000000015
28241  -47.227  -60.443  4.286 0.1000000015
25905  -45.921  -62.154  5.262 0.1000000015
23794  -45.565  -64.137  5.405 0.1000000015
23777  -45.435  -64.287  6.384 0.1000000015
21527  -46.212  -66.809  5.907 0.1000000015
20394  -46.674  -67.500  5.550 0.1000000015
30419  -46.975  -58.706  1.194 0.1000000015
30418  -45.692  -58.810  1.492 0.1000000015
30435  -47.232  -59.096  0.459 0.1000000015
29403  -46.479  -59.372  0.162 0.1000000015
29415  -45.677  -59.389  -0.756 0.1000000015
29427  -46.924  -59.973  -1.696 0.1000000015
24838  -50.436  -63.451  7.180 0.1000000015
27026  -48.674  -61.449  7.945 0.1000000015
27027  -49.733  -62.226  7.783 0.1000000015
24839  -51.305  -63.758  7.255 0.1000000015
27025  -47.387  -61.216  7.774 0.1000000015
28205  -47.738  -60.064  7.912 0.1000000015
25857  -50.719  -62.967  7.812 0.1000000015
23769  -51.803  -64.850  7.836 0.1000000015
28204  -46.563  -60.257  7.398 0.1000000015
22661  -51.811  -65.211  8.183 0.2000000030
30386  -46.153  -57.951  3.056 0.1000000015
32397  -47.919  -56.615  3.643 0.1000000015
32398  -48.392  -56.829  4.030 0.1000000015
28223  -45.853  -60.320  6.553 0.1000000015
25876  -45.677  -62.410  7.136 0.1000000015
23755  -51.494  -64.181  8.396 0.1000000015
23737  -51.609  -64.895  8.988 0.2000000030
31330  -46.072  -57.656  3.597 0.1000000015
30372  -48.228  -58.225  4.201 0.1000000015
30358  -47.329  -58.195  5.081 0.1000000015
28230  -46.002  -60.110  5.582 0.1000000015
27043  -45.577  -61.134  5.888 0.1000000015
24833  -45.569  -63.506  6.953 0.1000000015
30417  -44.616  -58.695  1.296 0.1000000015
29388  -45.075  -59.049  0.756 0.1000000015
29387  -44.619  -58.698  0.642 0.1000000015
29401  -44.707  -58.760  0.072 0.1000000015
29402  -45.400  -59.222  0.045 0.1000000015
29414  -44.871  -58.905  -0.774 0.1000000015
29425  -45.150  -59.040  -1.421 0.1000000015
29314  -47.403  -58.781  7.621 0.1000000015
28206  -48.346  -60.812  8.175 0.1000000015
27009  -50.160  -62.394  7.912 0.1000000015
27007  -48.686  -61.219  8.427 0.1000000015
24814  -51.321  -63.503  7.952 0.1000000015
29332  -46.496  -58.870  6.397 0.1000000015
29313  -46.899  -59.068  7.224 0.1000000015
25843  -49.555  -62.365  8.620 0.1000000015
31329  -45.072  -58.071  3.674 0.1000000015
31314  -45.748  -57.279  4.454 0.1000000015
31331  -46.850  -57.097  3.612 0.1000000015
32381  -47.878  -56.315  4.611 0.1000000015
31301  -48.263  -57.080  4.852 0.1000000015
31299  -47.389  -57.840  5.333 0.1000000015
30357  -47.085  -58.140  5.493 0.1000000015
28224  -46.340  -59.575  6.740 0.1000000015
24812  -50.015  -62.976  8.582 0.1000000015
23754  -51.172  -63.794  8.392 0.1000000015
30384  -44.736  -58.439  2.912 0.1000000015
31317  -48.362  -57.427  4.332 0.1000000015
30371  -47.751  -58.208  4.607 0.1000000015
29331  -46.050  -59.498  6.026 0.1000000015
23736  -50.859  -64.379  8.918 0.1000000015
30398  -44.181  -58.417  2.140 0.1000000015
31346  -43.506  -57.557  1.842 0.1000000015
30416  -43.900  -58.139  1.215 0.1000000015
31374  -44.018  -57.601  0.430 0.1000000015
32437  -44.630  -56.447  -0.555 0.1000000015
30445  -44.515  -58.125  -0.581 0.1000000015
32444  -45.010  -56.401  -1.459 0.1000000015
29300  -47.447  -58.983  8.122 0.1000000015
28187  -47.602  -60.102  8.600 0.1000000015
30318  -47.455  -57.998  7.687 0.1000000015
30328  -47.298  -58.048  6.931 0.1000000015
31270  -47.499  -57.160  7.164 0.1000000015
27006  -48.257  -60.795  8.718 0.1000000015
27008  -49.470  -61.958  8.203 0.1000000015
30343  -47.222  -57.753  6.471 0.1000000015
26995  -48.599  -61.374  8.975 0.1000000015
31328  -43.737  -58.095  3.188 0.1000000015
32396  -47.313  -56.718  3.775 0.1000000015
32364  -47.757  -56.549  5.476 0.1000000015
31283  -47.418  -57.320  6.210 0.1000000015
32346  -47.587  -56.374  6.617 0.1000000015
25842  -48.945  -62.183  9.085 0.1000000015
24790  -50.146  -63.680  8.826 0.1000000015
31345  -43.170  -57.213  2.593 0.1000000015
31313  -44.462  -57.747  4.356 0.1000000015
32379  -46.067  -56.725  4.898 0.1000000015
32380  -46.829  -56.474  4.555 0.1000000015
32382  -48.222  -56.774  4.744 0.1000000015
24789  -49.363  -63.211  9.051 0.1000000015
32425  -43.719  -56.488  1.024 0.1000000015
32412  -43.285  -56.467  1.963 0.1000000015
33554  -44.305  -55.415  0.757 0.1000000015
32436  -44.084  -56.930  0.296 0.1000000015
32426  -44.347  -56.131  0.260 0.1000000015
33570  -45.239  -55.686  -1.163 0.1000000015
33563  -44.895  -55.322  -0.289 0.1000000015
33476  -47.058  -55.728  7.452 0.1000000015
32329  -47.295  -56.276  7.524 0.1000000015
32319  -47.084  -56.654  7.964 0.1000000015
29299  -46.749  -59.146  8.566 0.1000000015
33493  -46.660  -55.290  6.741 0.1000000015
28186  -46.939  -59.932  8.887 0.1000000015
32363  -46.600  -56.081  5.292 0.1000000015
33509  -46.582  -55.699  5.831 0.1000000015
33510  -47.346  -55.744  6.144 0.1000000015
28177  -47.155  -60.452  9.118 0.1000000015
31327  -42.878  -57.226  3.327 0.1000000015
31312  -43.284  -57.619  4.192 0.1000000015
31297  -45.062  -57.132  5.089 0.1000000015
33523  -47.288  -56.000  5.287 0.1000000015
25841  -48.108  -62.001  9.336 0.1000000015
32411  -42.890  -56.397  2.705 0.1000000015
33543  -43.217  -55.538  2.228 0.1000000015
34655  -43.591  -54.983  1.925 0.1000000015
34656  -44.219  -54.511  1.480 0.1000000015
35767  -44.845  -53.927  0.950 0.1000000015
34665  -44.895  -54.470  0.458 0.1000000015
35768  -45.502  -53.374  0.348 0.1000000015
33564  -45.437  -54.907  -1.060 0.1000000015
30317  -47.144  -58.041  8.238 0.1000000015
29291  -46.531  -59.752  8.872 0.1000000015
31295  -42.767  -57.136  4.893 0.1000000015
32361  -44.539  -56.722  5.725 0.1000000015
32344  -45.100  -56.102  6.310 0.1000000015
33492  -45.702  -55.376  6.706 0.1000000015
33542  -42.745  -55.486  2.852 0.1000000015
32395  -42.504  -56.324  3.446 0.1000000015
31311  -42.511  -57.051  4.030 0.1000000015
31296  -43.892  -57.392  5.105 0.1000000015
32362  -45.841  -56.297  5.482 0.1000000015
26994  -47.740  -61.054  9.149 0.1000000015
34644  -43.350  -54.403  2.514 0.1000000015
34645  -44.107  -53.910  1.975 0.1000000015
35747  -44.041  -53.350  2.338 0.1000000015
35759  -44.737  -53.352  1.480 0.1000000015
35760  -45.334  -52.867  1.003 0.1000000015
36840  -45.191  -52.355  1.426 0.1000000015
36841  -45.728  -52.305  0.611 0.1000000015
36851  -46.314  -52.449  -0.272 0.1000000015
33475  -46.550  -55.344  7.605 0.1000000015
32318  -46.554  -56.137  8.070 0.1000000015
31261  -46.791  -57.145  8.228 0.1000000015
30316  -46.297  -57.997  8.447 0.1000000015
31260  -45.872  -56.972  8.452 0.1000000015
34604  -45.711  -55.013  7.254 0.1000000015
32345  -45.689  -55.833  6.122 0.1000000015
34633  -43.075  -53.839  3.073 0.1000000015
34632  -42.555  -54.315  3.481 0.1000000015
36826  -44.536  -52.471  2.169 0.1000000015
37947  -45.630  -51.476  1.127 0.1000000015
37960  -46.399  -51.278  0.058 0.1000000015
32328  -46.921  -55.828  7.663 0.1000000015
32317  -45.506  -55.876  8.620 0.1000000015
33521  -41.975  -55.137  4.155 0.1000000015
32377  -41.762  -55.579  4.608 0.1000000015
32359  -42.325  -56.508  5.490 0.1000000015
32360  -43.345  -56.924  5.784 0.1000000015
33491  -44.558  -55.695  6.981 0.1000000015
35746  -43.456  -53.341  2.914 0.1000000015
36825  -43.873  -52.558  2.780 0.1000000015
37946  -44.944  -51.552  1.902 0.1000000015
39014  -45.906  -50.418  0.929 0.1000000015
39028  -46.480  -50.164  0.161 0.1000000015
34590  -45.347  -54.811  7.733 0.1000000015
33490  -43.432  -55.871  7.130 0.1000000015
33472  -43.994  -55.209  7.555 0.1000000015
33473  -44.952  -55.103  7.381 0.1000000015
34626  -41.900  -54.227  4.344 0.1000000015
32358  -41.677  -55.819  5.166 0.1000000015
32342  -42.797  -56.408  6.453 0.1000000015
35733  -42.956  -53.332  3.426 0.1000000015
39013  -45.376  -50.853  1.613 0.1000000015
38999  -45.406  -50.180  1.639 0.1000000015
40094  -45.725  -49.457  1.283 0.1000000015
40107  -46.282  -49.448  0.536 0.1000000015
33489  -42.324  -55.714  7.004 0.1000000015
33520  -41.576  -55.030  4.818 0.1000000015
33507  -41.348  -55.144  5.666 0.1000000015
32341  -41.858  -55.915  6.110 0.1000000015
36809  -42.826  -52.561  3.790 0.1000000015
37932  -44.158  -51.553  2.793 0.1000000015
40077  -45.173  -49.552  2.027 0.1000000015
41215  -45.539  -48.616  1.715 0.1000000015
35732  -42.387  -53.387  4.000 0.1000000015
37931  -43.728  -52.079  3.190 0.1000000015
37913  -43.810  -51.048  3.254 0.1000000015
38984  -44.164  -50.529  2.990 0.1000000015
38998  -44.810  -50.563  2.237 0.1000000015
40076  -44.585  -49.681  2.727 0.1000000015
41214  -44.983  -48.755  2.473 0.1000000015
41195  -44.455  -48.895  3.253 0.1000000015
37912  -43.333  -51.568  3.728 0.1000000015
38983  -43.667  -50.542  3.577 0.1000000015
40060  -44.054  -49.771  3.400 0.1000000015
10823  -43.128  -76.239  4.941 0.1000000015
11744  -41.938  -75.916  4.969 0.1000000015
11761  -44.130  -75.215  4.503 0.1000000015
12749  -43.109  -74.790  4.057 0.1000000015
12752  -44.892  -74.264  4.196 0.1000000015
12767  -42.723  -74.033  3.417 0.1000000015
13740  -45.227  -73.570  3.317 0.1000000015
15936  -44.998  -71.847  5.671 0.1000000015
17077  -46.007  -70.394  5.970 0.1000000015
14755  -44.766  -72.684  5.525 0.1000000015
14757  -46.184  -71.788  4.902 0.1000000015
13716  -45.454  -73.537  3.996 0.1000000015
14802  -46.307  -72.123  3.622 0.1000000015
21600  -46.230  -66.975  1.038 0.1000000015
18352  -45.612  -69.443  -0.771 0.1000000015
17200  -46.057  -69.936  0.229 0.1000000015
17219  -45.642  -70.300  -0.616 0.1000000015
19253  -46.801  -68.739  7.430 0.1000000015
18234  -47.644  -69.431  6.241 0.1000000015
19255  -48.789  -67.851  7.395 0.2000000030
31334  -49.159  -57.810  2.807 0.1000000015
28242  -47.838  -60.234  3.727 0.1000000015
23836  -46.701  -64.435  2.669 0.1000000015
21576  -46.696  -66.328  2.151 0.1000000015
18319  -46.413  -69.326  0.852 0.1000000015
19369  -46.637  -68.392  2.254 0.1000000015
15996  -46.192  -71.273  2.164 0.1000000015
18306  -46.554  -69.540  1.957 0.1000000015
21508  -50.042  -66.473  6.663 0.1000000015
19256  -49.264  -67.563  7.460 0.2000000030
20347  -49.051  -67.537  7.823 0.2000000030
19310  -47.727  -68.919  5.028 0.1000000015
18293  -46.919  -69.775  3.695 0.1000000015
27059  -47.391  -60.986  3.863 0.1000000015
24877  -46.471  -63.291  4.395 0.1000000015
22705  -46.449  -65.254  3.648 0.1000000015
18292  -46.635  -69.251  2.923 0.1000000015
17141  -46.569  -70.160  2.961 0.1000000015
22673  -48.876  -65.546  6.874 0.1000000015
24861  -45.874  -63.237  5.055 0.1000000015
19330  -46.657  -68.248  3.902 0.1000000015
29418  -48.793  -59.531  -0.650 0.1000000015
25880  -50.072  -62.836  7.512 0.1000000015
24837  -49.602  -63.431  7.303 0.1000000015
23764  -46.769  -64.202  7.545 0.1000000015
22647  -51.808  -65.547  8.807 0.2000000030
22656  -47.226  -65.033  7.397 0.1000000015
27024  -46.260  -61.338  7.447 0.1000000015
22655  -46.364  -64.973  7.277 0.1000000015
21505  -46.923  -66.642  6.590 0.1000000015
29341  -46.181  -59.553  5.622 0.1000000015
25896  -45.410  -62.020  6.259 0.1000000015
27023  -45.634  -61.311  6.808 0.1000000015
31375  -44.297  -57.435  -0.210 0.1000000015
30327  -46.891  -58.461  6.721 0.1000000015
31361  -43.755  -57.459  0.907 0.1000000015
31381  -44.657  -57.232  -1.091 0.1000000015
34666  -45.498  -54.251  -0.523 0.1000000015
32343  -43.987  -56.432  6.517 0.1000000015
17952  -45.784  -70.254  20.061 0.5000000000
15707  -49.997  -71.634  17.571 0.5000000000
14624  -50.053  -71.874  18.243 0.5000000000
17951  -44.794  -69.859  19.999 0.5000000000
17971  -45.654  -69.500  19.543 0.5000000000
17953  -46.465  -70.540  20.163 0.5000000000
15687  -50.591  -71.260  18.663 0.5000000000
17949  -42.940  -69.013  20.621 0.5000000000
17950  -43.620  -69.439  20.289 0.5000000000
16840  -50.833  -70.755  18.845 0.5000000000
17969  -43.914  -68.925  19.531 0.5000000000
19059  -43.295  -68.469  19.604 0.5000000000
17970  -44.591  -69.176  19.510 0.5000000000
19061  -45.359  -68.710  18.985 0.4000000060
19107  -51.398  -68.492  17.669 0.5000000000
19119  -51.198  -68.180  16.837 0.5000000000
20204  -51.239  -67.489  17.185 0.5000000000
21352  -51.074  -66.935  17.232 0.5000000000
22508  -50.314  -65.749  16.353 0.5000000000
22488  -50.368  -66.077  16.900 0.5000000000
23636  -48.849  -65.170  15.873 0.4000000060
23660  -47.295  -64.994  15.359 0.4000000060
13546  -45.957  -74.133  18.471 0.1000000015
13572  -49.283  -72.877  17.953 0.5000000000
16790  -44.318  -70.077  20.417 0.5000000000
16791  -44.940  -70.500  20.481 0.5000000000
16814  -47.287  -70.474  19.939 0.4000000060
14608  -50.299  -71.702  18.533 0.5000000000
17932  -42.864  -69.135  21.115 0.5000000000
19031  -42.583  -68.572  21.724 0.5000000000
19019  -42.593  -68.127  22.424 0.5000000000
20134  -42.148  -67.646  21.713 0.5000000000
19045  -42.506  -68.529  20.869 0.5000000000
20149  -42.041  -67.827  20.533 0.3000000119
19058  -42.582  -68.309  20.132 0.5000000000
19060  -44.291  -68.354  18.968 0.4000000060
19087  -46.104  -68.056  18.613 0.6999999881
19088  -47.230  -68.236  18.567 0.5000000000
20133  -41.725  -67.079  20.909 0.3000000119
20158  -42.440  -67.572  19.583 0.3000000119
20159  -43.544  -67.501  18.827 0.4000000060
19086  -45.086  -67.914  18.626 0.5000000000
20178  -46.810  -67.263  18.308 0.6000000238
19089  -48.390  -68.395  18.520 0.6000000238
17975  -50.131  -69.802  19.315 0.6000000238
16841  -51.112  -70.126  18.663 0.5000000000
16895  -51.225  -69.546  17.504 0.3000000119
20148  -41.794  -67.171  20.123 0.3000000119
21314  -42.725  -66.930  18.979 0.3000000119
20175  -43.878  -66.862  18.479 0.4000000060
20179  -47.946  -67.487  18.188 0.6000000238
20180  -49.070  -67.645  18.204 0.6000000238
19092  -51.231  -68.473  18.263 0.5000000000
20183  -51.240  -67.852  17.772 0.5000000000
21321  -42.373  -66.236  18.851 0.4000000060
21322  -43.264  -66.405  18.533 0.4000000060
21324  -45.196  -66.278  18.091 0.5000000000
21325  -46.338  -66.258  17.869 0.5000000000
21327  -48.631  -66.795  17.861 0.5000000000
21328  -49.697  -67.020  17.856 0.5000000000
20203  -51.045  -67.287  17.542 0.5000000000
22467  -41.800  -65.559  18.791 0.4000000060
22468  -42.589  -65.494  18.391 0.4000000060
22470  -44.713  -65.240  18.018 0.5000000000
22472  -46.237  -65.673  17.670 0.5000000000
22485  -47.495  -65.308  17.248 0.4000000060
21350  -49.269  -66.235  17.453 0.5000000000
22487  -49.765  -65.832  16.971 0.5000000000
23581  -42.963  -64.658  18.020 0.4000000060
23583  -44.600  -64.604  17.965 0.5000000000
22484  -46.377  -65.223  17.459 0.5000000000
23593  -46.807  -64.771  16.958 0.4000000060
22506  -48.592  -65.192  16.652 0.4000000060
24696  -45.098  -63.770  16.965 0.5000000000
23607  -46.155  -64.328  16.580 0.4000000060
23608  -47.136  -64.655  16.428 0.4000000060
23634  -47.484  -64.859  15.780 0.4000000060
24697  -45.555  -64.006  16.851 0.3000000119
24718  -45.703  -64.076  16.182 0.4000000060
23633  -46.157  -64.334  15.937 0.3000000119
23658  -45.581  -64.688  15.211 0.3000000119
22540  -46.145  -65.222  14.601 0.3000000119
12526  -45.283  -75.162  18.594 0.1000000015
11566  -45.565  -76.208  18.813 0.1000000015
12527  -46.303  -75.091  18.592 0.1000000015
12528  -47.318  -75.053  18.706 0.4000000060
13548  -48.021  -73.944  18.252 0.4000000060
13549  -48.870  -73.488  18.654 0.4000000060
14582  -50.032  -72.352  19.363 0.5000000000
14607  -50.048  -72.112  18.591 0.5000000000
16769  -44.913  -71.169  21.039 0.5000000000
16770  -45.558  -71.496  21.147 0.5000000000
16792  -45.996  -71.003  20.676 0.5000000000
16793  -47.180  -70.807  20.311 0.4000000060
14562  -50.271  -71.859  19.799 0.5000000000
19032  -42.895  -69.124  21.829 0.5000000000
17933  -43.237  -69.723  21.454 0.5000000000
16768  -43.995  -70.461  21.000 0.5000000000
19020  -42.791  -68.739  22.340 0.5000000000
16796  -49.949  -70.940  20.141 0.6000000238
20117  -42.541  -67.468  22.655 0.4000000060
22430  -42.102  -65.850  21.992 0.2000000030
22399  -42.651  -65.618  22.544 0.2000000030
21291  -41.873  -66.544  21.599 0.3000000119
22452  -41.354  -65.891  20.357 0.3000000119
21312  -41.663  -66.485  19.785 0.4000000060
23547  -41.183  -65.098  20.606 0.3000000119
23524  -42.104  -64.881  21.853 0.3000000119
24639  -41.037  -64.392  20.771 0.4000000060
22462  -40.996  -65.041  19.657 0.4000000060
23546  -40.758  -64.597  20.025 0.3000000119
23567  -40.953  -64.707  19.148 0.4000000060
23589  -42.391  -63.993  17.694 0.4000000060
24677  -40.835  -63.541  18.096 0.3000000119
24694  -42.764  -63.446  17.240 0.3000000119
23591  -44.689  -64.144  17.645 0.4000000060
25739  -42.094  -62.978  16.941 0.3000000119
24695  -43.896  -63.426  16.939 0.3000000119
24703  -44.770  -63.590  16.390 0.4000000060
23632  -45.116  -64.157  15.589 0.3000000119
25759  -41.567  -62.570  16.641 0.2000000030
25760  -42.332  -62.786  16.409 0.2000000030
25770  -43.288  -63.166  15.847 0.3000000119
23631  -44.671  -64.074  15.467 0.3000000119
26912  -40.874  -62.132  15.752 0.1000000015
25794  -42.224  -63.197  15.079 0.2000000030
24742  -44.035  -63.852  15.400 0.4000000060
29188  -38.502  -59.071  15.676 0.1000000015
11567  -46.475  -75.811  18.861 0.1000000015
12503  -47.684  -74.937  19.529 0.2000000030
12504  -48.077  -74.342  19.792 0.5000000000
12529  -48.159  -74.333  19.043 0.4000000060
13517  -49.453  -73.121  19.717 0.4000000060
15622  -45.128  -71.890  21.663 0.5000000000
15623  -46.230  -71.859  21.326 0.4000000060
15624  -47.316  -71.955  21.337 0.4000000060
15625  -48.245  -71.943  21.333 0.4000000060
15627  -49.624  -71.928  20.739 0.5000000000
14561  -49.880  -72.350  20.324 0.5000000000
16747  -43.519  -70.437  22.118 0.5000000000
15621  -44.188  -71.258  21.794 0.4000000060
15648  -49.466  -71.445  20.606 0.4000000060
20093  -42.892  -67.496  23.237 0.4000000060
19006  -42.957  -68.410  23.176 0.4000000060
17920  -43.092  -69.441  22.527 0.5000000000
21237  -43.230  -66.636  23.350 0.4000000060
19005  -42.711  -67.878  22.886 0.5000000000
21236  -42.712  -67.037  23.007 0.4000000060
22378  -43.856  -66.190  23.539 0.3000000119
21265  -42.917  -66.091  22.962 0.3000000119
23499  -43.033  -64.775  22.507 0.2000000030
24592  -43.482  -64.117  22.448 0.1000000015
24617  -42.569  -63.745  22.118 0.3000000119
24615  -40.858  -63.412  21.087 0.3000000119
25669  -41.769  -62.730  21.844 0.2000000030
25668  -40.723  -62.751  21.188 0.2000000030
24657  -40.306  -63.677  19.319 0.2000000030
26840  -40.052  -61.948  20.671 0.2000000030
25718  -39.956  -62.585  18.549 0.2000000030
25737  -40.530  -62.666  17.706 0.2000000030
26839  -39.560  -61.369  20.067 0.2000000030
26869  -39.730  -61.667  18.252 0.1000000015
26883  -41.015  -62.371  16.858 0.2000000030
26904  -40.963  -62.248  16.466 0.2000000030
28044  -39.069  -60.560  18.514 0.1000000015
26881  -39.618  -61.255  17.753 0.1000000015
26903  -40.427  -61.757  16.326 0.1000000015
26911  -40.316  -61.680  15.601 0.1000000015
29161  -38.622  -59.721  17.649 0.1000000015
28062  -39.390  -60.851  17.042 0.1000000015
28084  -39.850  -61.273  16.147 0.1000000015
29174  -38.679  -59.731  16.449 0.1000000015
29189  -38.808  -59.829  15.407 0.1000000015
30201  -38.331  -58.254  15.891 0.1000000015
32165  -38.737  -56.592  15.898 0.1000000015
11545  -47.130  -75.531  19.424 0.3000000119
11495  -47.449  -75.012  21.901 0.3000000119
12481  -48.572  -73.946  21.278 0.3000000119
13494  -48.961  -73.590  20.591 0.3000000119
13516  -48.636  -73.815  19.700 0.4000000060
13467  -47.372  -73.749  22.449 0.3000000119
12467  -48.105  -74.176  22.013 0.3000000119
13480  -48.895  -73.321  21.399 0.5000000000
13495  -49.420  -72.990  20.805 0.5000000000
14538  -45.108  -72.403  22.380 0.4000000060
14539  -45.866  -72.468  22.052 0.5000000000
14541  -47.716  -72.497  21.762 0.4000000060
15626  -49.069  -71.934  21.130 0.5000000000
17889  -43.798  -69.647  24.219 0.4000000060
16733  -43.515  -70.231  23.251 0.4000000060
15599  -43.853  -71.168  22.792 0.5000000000
15600  -44.443  -71.923  22.497 0.5000000000
20070  -44.574  -67.789  24.589 0.4000000060
20069  -43.969  -68.172  24.405 0.4000000060
18979  -43.562  -68.633  24.077 0.4000000060
17909  -43.326  -69.275  23.469 0.5000000000
20095  -44.302  -67.238  24.298 0.4000000060
20094  -43.592  -67.587  24.011 0.4000000060
21222  -44.966  -67.028  24.443 0.4000000060
21239  -45.234  -66.412  24.039 0.3000000119
21238  -44.200  -66.661  23.972 0.3000000119
22379  -44.501  -65.951  23.613 0.3000000119
22401  -44.689  -65.297  23.195 0.3000000119
24593  -44.279  -63.982  22.541 0.1000000015
25651  -43.585  -63.332  22.371 0.1000000015
25670  -42.836  -62.567  22.274 0.1000000015
26805  -41.243  -61.804  21.664 0.2000000030
26807  -43.232  -61.554  22.257 0.1000000015
26806  -42.166  -61.696  22.104 0.1000000015
26804  -40.570  -61.673  21.235 0.2000000030
27959  -41.602  -60.895  21.839 0.2000000030
27958  -40.870  -61.078  21.502 0.2000000030
27987  -39.667  -60.654  20.342 0.1000000015
29098  -39.788  -59.951  20.459 0.1000000015
28019  -39.344  -60.519  19.750 0.1000000015
29121  -39.296  -59.179  19.739 0.1000000015
29145  -38.676  -59.270  18.651 0.1000000015
30153  -38.884  -58.084  18.887 0.1000000015
29144  -38.418  -58.631  18.015 0.1000000015
31104  -38.925  -56.865  16.989 0.1000000015
32140  -39.666  -56.413  17.220 0.1000000015
31115  -38.828  -56.675  16.354 0.1000000015
33302  -40.841  -55.550  16.482 0.1000000015
33333  -40.555  -54.919  16.004 0.1000000015
34451  -42.137  -54.518  16.138 0.1000000015
35549  -43.675  -53.759  15.915 0.1000000015
11494  -46.637  -75.690  22.339 0.3000000119
10556  -46.026  -76.391  21.544 0.2000000030
11478  -47.063  -75.122  22.871 0.3000000119
13466  -46.632  -73.477  22.727 0.4000000060
13446  -46.082  -73.542  23.342 0.3000000119
16712  -44.206  -70.510  24.760 0.3000000119
16711  -43.855  -70.497  23.983 0.4000000060
15583  -44.296  -71.874  23.594 0.4000000060
14502  -45.436  -73.263  23.924 0.3000000119
18981  -45.350  -68.335  25.159 0.3000000119
17890  -44.389  -69.630  24.975 0.3000000119
14485  -44.869  -72.582  24.389 0.4000000060
13430  -46.126  -73.846  24.394 0.3000000119
18982  -46.481  -68.087  25.289 0.3000000119
20071  -45.665  -67.537  24.819 0.3000000119
20072  -46.745  -67.397  24.686 0.3000000119
21223  -45.916  -66.934  24.368 0.3000000119
21240  -46.271  -66.510  23.887 0.3000000119
22380  -45.473  -65.857  23.551 0.3000000119
23501  -44.936  -64.601  22.828 0.2000000030
24594  -45.175  -63.886  22.556 0.1000000015
25654  -45.974  -63.202  22.364 0.1000000015
25652  -44.539  -63.182  22.405 0.1000000015
25672  -44.911  -62.366  22.229 0.1000000015
25671  -43.891  -62.398  22.305 0.1000000015
26808  -44.277  -61.503  22.113 0.1000000015
27960  -42.587  -60.725  22.078 0.1000000015
29079  -41.933  -59.900  21.744 0.2000000030
30104  -41.751  -59.201  21.450 0.2000000030
29099  -40.577  -59.514  21.029 0.1000000015
30118  -40.604  -58.781  20.761 0.1000000015
30137  -39.619  -57.957  19.619 0.1000000015
31072  -41.444  -57.152  19.955 0.1000000015
31071  -40.327  -57.341  19.555 0.1000000015
31070  -39.617  -57.366  19.066 0.1000000015
31090  -40.234  -56.818  18.847 0.1000000015
31089  -39.409  -57.049  18.071 0.1000000015
32120  -39.938  -56.525  17.713 0.1000000015
32167  -40.194  -55.918  16.783 0.1000000015
33303  -41.724  -55.819  16.620 0.1000000015
33334  -41.510  -55.139  16.296 0.1000000015
33335  -42.757  -55.764  16.281 0.1000000015
34452  -43.252  -54.762  15.995 0.1000000015
35550  -44.592  -53.823  15.660 0.1000000015
36625  -44.944  -52.889  15.568 0.1000000015
9651  -44.736  -77.453  21.225 0.2000000030
10569  -45.365  -76.975  20.788 0.2000000030
9633  -44.913  -77.297  22.311 0.2000000030
10534  -45.326  -76.502  23.777 0.2000000030
11477  -46.477  -75.491  23.636 0.3000000119
12446  -46.838  -74.684  23.499 0.3000000119
15565  -44.471  -71.614  24.802 0.3000000119
18962  -45.104  -69.224  25.419 0.3000000119
14467  -45.076  -72.440  25.388 0.3000000119
14486  -45.537  -73.219  24.953 0.3000000119
18963  -46.166  -68.890  25.709 0.3000000119
13416  -46.487  -74.320  25.218 0.2000000030
18983  -47.583  -68.144  25.087 0.2000000030
20096  -47.098  -66.969  24.191 0.3000000119
22381  -46.416  -65.865  23.424 0.3000000119
23502  -45.850  -64.547  22.781 0.1000000015
22403  -46.573  -65.206  23.062 0.2000000030
23503  -46.739  -64.562  22.694 0.1000000015
24618  -46.388  -63.324  22.358 0.1000000015
25674  -47.117  -62.336  21.968 0.1000000015
25675  -48.105  -62.264  21.852 0.1000000015
26812  -48.396  -61.426  21.617 0.1000000015
26810  -46.343  -61.541  21.718 0.1000000015
26811  -47.381  -61.464  21.623 0.1000000015
29085  -48.296  -59.840  21.211 0.1000000015
27989  -49.322  -60.127  21.284 0.1000000015
27991  -51.090  -59.962  21.109 0.1000000015
26809  -45.300  -61.545  21.903 0.1000000015
27963  -45.648  -60.676  21.569 0.1000000015
29084  -47.162  -59.514  21.131 0.1000000015
29103  -49.207  -59.384  20.998 0.1000000015
30127  -49.893  -58.460  20.504 0.1000000015
27961  -43.645  -60.665  22.019 0.1000000015
29082  -45.011  -59.844  21.505 0.1000000015
30106  -43.393  -59.017  21.546 0.2000000030
30105  -42.364  -59.080  21.545 0.1000000015
30120  -42.738  -58.253  21.190 0.1000000015
30139  -41.085  -57.883  20.449 0.1000000015
31091  -40.787  -56.865  19.302 0.1000000015
32122  -41.268  -56.482  18.658 0.1000000015
32121  -40.386  -56.554  18.056 0.1000000015
32142  -41.169  -56.333  17.597 0.1000000015
32169  -41.854  -56.271  16.964 0.1000000015
32168  -41.028  -56.060  16.948 0.1000000015
33336  -44.012  -55.870  15.658 0.1000000015
34453  -44.229  -54.807  15.683 0.1000000015
11436  -45.105  -75.105  26.415 0.2000000030
10514  -45.822  -75.861  24.705 0.2000000030
12430  -46.640  -74.926  24.587 0.3000000119
13431  -46.502  -74.425  24.228 0.3000000119
11437  -45.549  -75.143  26.785 0.2000000030
11446  -45.353  -75.397  25.925 0.2000000030
11458  -46.213  -75.515  24.913 0.2000000030
17874  -45.799  -69.803  26.263 0.3000000119
16701  -45.183  -70.923  26.344 0.3000000119
15548  -45.478  -72.176  26.402 0.3000000119
17875  -47.048  -69.425  26.286 0.3000000119
17864  -46.845  -70.168  27.025 0.3000000119
16693  -45.979  -71.459  27.217 0.3000000119
15542  -46.037  -72.320  27.119 0.3000000119
14468  -45.692  -73.123  25.923 0.3000000119
17877  -49.154  -69.412  25.913 0.2000000030
17876  -48.171  -69.411  26.088 0.3000000119
13415  -46.148  -73.718  25.572 0.2000000030
18965  -48.385  -68.863  25.431 0.2000000030
20073  -47.795  -67.597  24.520 0.2000000030
18984  -48.564  -68.288  24.868 0.2000000030
21241  -47.201  -66.469  23.731 0.3000000119
22382  -47.329  -65.850  23.349 0.2000000030
20097  -47.971  -67.069  24.033 0.3000000119
21242  -48.115  -66.474  23.639 0.2000000030
22383  -48.218  -65.830  23.297 0.2000000030
22404  -47.467  -65.235  22.957 0.2000000030
24597  -47.782  -63.860  22.426 0.1000000015
30109  -46.244  -58.995  21.109 0.1000000015
29101  -47.462  -58.832  20.839 0.1000000015
30126  -48.786  -58.412  20.629 0.1000000015
30107  -44.412  -59.002  21.417 0.1000000015
30108  -45.393  -59.001  21.279 0.1000000015
30123  -45.833  -58.275  20.886 0.1000000015
31057  -47.279  -57.373  20.248 0.1000000015
30122  -44.852  -58.151  21.062 0.1000000015
31055  -45.378  -57.484  20.538 0.1000000015
32086  -45.963  -56.940  20.105 0.1000000015
32108  -46.757  -56.589  19.689 0.1000000015
30121  -43.809  -58.138  21.190 0.1000000015
32084  -44.463  -56.685  19.962 0.1000000015
32106  -44.767  -56.406  19.485 0.1000000015
31053  -43.213  -57.453  20.766 0.1000000015
31073  -42.779  -56.936  20.200 0.1000000015
32124  -43.443  -56.156  18.594 0.1000000015
32104  -42.587  -56.442  19.406 0.1000000015
32103  -41.891  -56.497  19.158 0.1000000015
32123  -42.390  -56.317  18.494 0.1000000015
33304  -42.297  -56.111  16.598 0.1000000015
13407  -43.933  -73.781  26.745 0.3000000119
12400  -45.580  -74.468  27.849 0.3000000119
11424  -46.009  -74.939  27.641 0.3000000119
12413  -46.507  -74.741  26.956 0.2000000030
12418  -46.472  -74.848  25.765 0.2000000030
13395  -46.992  -74.054  27.950 0.3000000119
13410  -46.654  -73.923  26.599 0.3000000119
16666  -47.362  -71.424  28.093 0.3000000119
14448  -46.983  -73.231  27.852 0.3000000119
14462  -46.610  -73.315  27.178 0.3000000119
17866  -48.946  -69.898  26.662 0.2000000030
17849  -47.760  -70.522  27.507 0.3000000119
16680  -48.367  -71.000  28.135 0.3000000119
18966  -49.315  -68.865  25.302 0.2000000030
20074  -48.716  -67.689  24.382 0.2000000030
20098  -48.869  -67.116  23.911 0.2000000030
32125  -44.547  -56.097  18.711 0.1000000015
32144  -43.180  -56.348  17.584 0.1000000015
32143  -42.113  -56.368  17.636 0.1000000015
14459  -42.976  -72.466  26.242 0.1000000015
14444  -43.231  -72.095  26.935 0.2000000030
14460  -43.470  -72.857  26.757 0.3000000119
13393  -44.769  -73.731  27.761 0.3000000119
13379  -45.176  -73.481  28.352 0.3000000119
13380  -45.760  -73.722  28.726 0.3000000119
15515  -47.942  -71.926  28.626 0.3000000119
14425  -47.870  -72.906  29.419 0.3000000119
16681  -49.115  -70.764  28.232 0.3000000119
15531  -48.985  -71.089  28.563 0.3000000119
15516  -48.610  -71.402  28.661 0.3000000119
14426  -48.331  -72.280  29.371 0.3000000119
17841  -49.466  -70.229  28.299 0.2000000030
17867  -49.752  -69.609  26.561 0.2000000030
17878  -49.960  -69.237  25.814 0.1000000015
18985  -49.463  -68.265  24.777 0.2000000030
17868  -50.299  -69.119  26.440 0.1000000015
18967  -50.077  -68.681  25.288 0.2000000030
20075  -49.570  -67.635  24.335 0.2000000030
18986  -50.343  -68.000  24.777 0.2000000030
20076  -50.193  -67.495  24.295 0.3000000119
14435  -44.984  -72.928  28.534 0.3000000119
13367  -46.272  -73.366  29.323 0.3000000119
14424  -46.784  -72.970  29.675 0.3000000119
14405  -47.768  -72.819  29.871 0.3000000119
17812  -48.936  -70.650  29.788 0.3000000119
15479  -48.642  -71.713  29.686 0.3000000119
14406  -48.285  -72.441  29.824 0.3000000119
17828  -49.247  -70.401  29.130 0.2000000030
18921  -49.214  -69.817  29.154 0.2000000030
18936  -49.467  -69.435  28.329 0.1000000015
18945  -50.211  -68.767  27.226 0.1000000015
18957  -50.678  -68.317  26.031 0.1000000015
18968  -50.525  -68.382  25.447 0.1000000015
15513  -45.102  -72.057  28.927 0.3000000119
15499  -44.950  -71.137  28.987 0.2000000030
14403  -46.736  -72.432  29.842 0.3000000119
14385  -47.560  -72.435  30.194 0.3000000119
15478  -47.262  -71.785  30.280 0.3000000119
17811  -48.516  -70.384  30.145 0.2000000030
16635  -48.013  -70.896  30.469 0.3000000119
16619  -48.322  -71.758  30.272 0.3000000119
17826  -48.377  -69.645  29.885 0.2000000030
17810  -47.724  -69.843  30.333 0.2000000030
20011  -47.446  -67.957  29.159 0.1000000015
18934  -47.960  -68.196  29.075 0.1000000015
20010  -46.682  -67.671  29.544 0.1000000015
18943  -48.985  -68.110  27.902 0.1000000015
18944  -49.465  -68.467  27.783 0.1000000015
20028  -48.508  -67.981  28.094 0.1000000015
20039  -49.388  -67.855  27.475 0.1000000015
20040  -49.902  -68.043  27.229 0.1000000015
20054  -50.377  -67.689  26.503 0.1000000015
16655  -45.363  -70.383  29.459 0.2000000030
16633  -46.176  -70.427  29.980 0.2000000030
17809  -46.800  -69.658  30.333 0.2000000030
16634  -47.168  -70.835  30.372 0.2000000030
18903  -46.510  -68.552  30.178 0.1000000015
18904  -47.195  -69.126  30.273 0.2000000030
20027  -47.884  -67.899  28.530 0.1000000015
20037  -48.121  -67.648  27.831 0.1000000015
20038  -48.776  -67.647  27.549 0.1000000015
20052  -49.167  -67.488  27.232 0.1000000015
20053  -49.641  -67.452  26.957 0.1000000015
21185  -46.667  -66.855  27.880 0.1000000015
20036  -47.459  -67.465  28.070 0.1000000015
21186  -47.740  -67.222  27.453 0.1000000015
21199  -48.650  -66.979  26.862 0.1000000015
22320  -45.742  -66.253  28.305 0.1000000015
22329  -45.950  -66.188  27.384 0.1000000015
21197  -46.585  -66.409  27.152 0.1000000015
19063  -47.680  -69.168  18.962 0.4000000060
17972  -46.931  -70.061  19.641 0.4000000060
19062  -46.479  -68.989  18.998 0.6000000238
16816  -48.761  -70.424  19.892 0.5000000000
15646  -47.796  -71.407  20.885 0.4000000060
16863  -50.828  -70.776  18.149 0.5000000000
16794  -48.255  -70.922  20.379 0.4000000060
16818  -50.540  -70.490  19.389 0.5000000000
17973  -48.226  -69.875  19.463 0.6000000238
17976  -50.719  -69.596  18.929 0.5000000000
16864  -51.337  -69.957  17.943 0.3000000119
18059  -50.973  -69.223  16.971 0.5000000000
16817  -49.687  -70.386  19.804 0.5000000000
14635  -49.061  -72.226  16.819 0.5000000000
19085  -44.537  -67.833  18.662 0.4000000060
18026  -51.498  -69.257  17.771 0.4000000060
21367  -50.637  -66.218  16.839 0.5000000000
22507  -49.117  -65.319  16.464 0.4000000060
22527  -49.209  -65.264  15.627 0.4000000060
23609  -48.240  -65.007  16.373 0.4000000060
23659  -46.687  -64.874  15.319 0.3000000119
15645  -46.916  -71.432  20.889 0.5000000000
16815  -47.782  -70.463  19.918 0.4000000060
20177  -45.685  -67.155  18.348 0.4000000060
21290  -41.547  -66.380  20.933 0.3000000119
21313  -42.146  -66.754  19.336 0.4000000060
20176  -44.541  -67.211  18.458 0.5000000000
19090  -49.490  -68.489  18.590 0.6000000238
19064  -48.839  -69.205  18.948 0.6000000238
17974  -49.280  -69.828  19.430 0.6000000238
19066  -50.344  -69.366  18.943 0.5000000000
17997  -51.086  -69.124  18.614 0.5000000000
22469  -43.628  -65.434  18.204 0.4000000060
21323  -44.200  -66.244  18.268 0.4000000060
22471  -45.706  -65.557  17.788 0.5000000000
21326  -47.498  -66.584  17.882 0.5000000000
20181  -50.050  -67.748  18.257 0.5000000000
21329  -50.327  -67.245  17.884 0.5000000000
19091  -50.512  -68.703  18.610 0.5000000000
21320  -41.831  -66.141  19.225 0.4000000060
21348  -47.064  -65.836  17.559 0.5000000000
21349  -48.112  -66.020  17.456 0.4000000060
21351  -50.494  -66.641  17.385 0.5000000000
23580  -41.633  -64.552  18.242 0.3000000119
23582  -44.034  -64.613  18.006 0.5000000000
22483  -45.371  -64.803  17.704 0.5000000000
22486  -48.608  -65.418  17.020 0.4000000060
23594  -47.812  -64.952  16.837 0.4000000060
23592  -45.755  -64.333  17.149 0.4000000060
16797  -50.326  -71.047  19.930 0.5000000000
16795  -49.170  -70.925  20.313 0.5000000000
21264  -42.440  -66.604  22.542 0.3000000119
22429  -41.598  -65.635  21.256 0.3000000119
22451  -41.066  -65.264  20.020 0.4000000060
23523  -41.455  -64.758  21.170 0.3000000119
24616  -41.353  -63.798  21.367 0.3000000119
24638  -40.622  -63.675  20.618 0.3000000119
25693  -40.081  -62.868  20.250 0.3000000119
23579  -40.841  -64.157  18.656 0.3000000119
23588  -41.786  -63.945  17.793 0.3000000119
23590  -43.486  -63.952  17.669 0.3000000119
24678  -41.470  -63.849  17.885 0.3000000119
24693  -41.691  -63.428  17.500 0.3000000119
25740  -42.876  -63.112  16.764 0.3000000119
25738  -41.185  -62.697  17.172 0.2000000030
25761  -43.170  -63.031  16.321 0.3000000119
24702  -43.951  -63.306  16.139 0.4000000060
24716  -44.533  -63.759  15.695 0.4000000060
25768  -41.615  -62.453  15.978 0.2000000030
25769  -42.426  -62.900  15.706 0.3000000119
24714  -42.984  -63.376  15.387 0.2000000030
26930  -40.657  -62.037  15.244 0.2000000030
28092  -39.222  -60.490  14.942 0.1000000015
29173  -38.411  -58.832  16.364 0.1000000015
14540  -46.803  -72.495  21.818 0.5000000000
14542  -48.620  -72.659  21.548 0.4000000060
15647  -48.702  -71.412  20.833 0.5000000000
22400  -43.584  -65.628  23.105 0.3000000119
23500  -43.994  -64.727  22.764 0.2000000030
25704  -39.826  -62.706  19.467 0.2000000030
25692  -39.689  -62.210  19.986 0.2000000030
26870  -40.120  -62.188  17.915 0.2000000030
27988  -40.178  -60.797  20.938 0.2000000030
26860  -39.372  -61.366  19.100 0.1000000015
26882  -40.317  -61.898  17.220 0.2000000030
28063  -39.991  -61.468  16.689 0.1000000015
26929  -40.245  -61.709  14.780 0.1000000015
28083  -39.266  -60.578  15.883 0.1000000015
28093  -39.734  -61.163  15.304 0.1000000015
29160  -38.396  -58.874  17.104 0.1000000015
30178  -38.423  -58.152  16.670 0.1000000015
31114  -38.521  -57.320  16.219 0.1000000015
32166  -39.280  -56.016  16.247 0.1000000015
11528  -46.827  -75.837  20.012 0.3000000119
11529  -47.344  -75.333  20.178 0.3000000119
11511  -46.878  -75.700  21.014 0.3000000119
12447  -47.301  -74.488  22.627 0.3000000119
11512  -47.569  -75.101  20.931 0.3000000119
12480  -48.035  -74.533  21.184 0.3000000119
12468  -48.521  -73.703  21.704 0.3000000119
14523  -47.889  -73.040  22.047 0.3000000119
14522  -47.159  -73.043  22.191 0.3000000119
13448  -46.975  -74.270  22.941 0.3000000119
14519  -44.764  -72.465  22.961 0.4000000060
14501  -44.913  -72.699  23.553 0.4000000060
13465  -46.166  -73.285  22.820 0.4000000060
15582  -43.858  -70.990  23.553 0.4000000060
18980  -44.332  -68.753  24.754 0.4000000060
29078  -41.038  -60.256  21.477 0.1000000015
29122  -40.077  -59.090  20.538 0.1000000015
30138  -40.421  -58.158  20.303 0.1000000015
31088  -38.775  -57.445  17.517 0.1000000015
13447  -46.616  -74.050  23.353 0.3000000119
16700  -44.584  -70.955  25.480 0.3000000119
22402  -45.657  -65.209  23.160 0.1000000015
25653  -45.443  -63.156  22.388 0.1000000015
24595  -46.057  -63.811  22.467 0.1000000015
25673  -46.050  -62.557  22.177 0.1000000015
27962  -44.645  -60.680  21.783 0.1000000015
29080  -43.000  -59.845  21.880 0.1000000015
29100  -41.326  -59.447  21.379 0.1000000015
30119  -41.426  -58.447  20.976 0.1000000015
31052  -42.296  -57.588  20.684 0.1000000015
10555  -45.266  -77.074  21.961 0.2000000030
10548  -45.033  -77.080  22.936 0.2000000030
10549  -45.852  -76.384  22.929 0.2000000030
10535  -45.905  -76.035  24.111 0.2000000030
17873  -44.793  -70.133  25.580 0.3000000119
15547  -44.883  -71.632  25.705 0.3000000119
18964  -47.323  -68.812  25.608 0.3000000119
24596  -46.919  -63.901  22.443 0.1000000015
24619  -47.014  -63.166  22.283 0.1000000015
27966  -48.804  -60.583  21.414 0.1000000015
27964  -46.696  -60.600  21.434 0.1000000015
27965  -47.767  -60.573  21.400 0.1000000015
29086  -48.883  -59.973  21.262 0.1000000015
27990  -50.073  -60.016  21.185 0.1000000015
29104  -50.483  -59.235  20.764 0.1000000015
29083  -46.011  -59.778  21.341 0.1000000015
29102  -48.097  -59.058  20.892 0.1000000015
30128  -51.166  -58.230  20.195 0.1000000015
29081  -44.021  -59.850  21.700 0.1000000015
12417  -44.565  -74.792  26.275 0.2000000030
11447  -46.094  -75.391  26.164 0.2000000030
11457  -45.655  -75.722  25.217 0.2000000030
12412  -45.445  -74.840  27.248 0.3000000119
17863  -45.974  -70.558  26.926 0.3000000119
14461  -46.184  -73.064  26.711 0.3000000119
16694  -46.479  -70.819  27.366 0.3000000119
15527  -46.374  -71.991  27.557 0.3000000119
16678  -46.780  -71.447  27.779 0.3000000119
14447  -46.515  -72.746  27.419 0.3000000119
13409  -46.207  -73.511  26.214 0.3000000119
17865  -47.943  -69.963  26.820 0.3000000119
23504  -47.630  -64.589  22.635 0.1000000015
30124  -46.859  -58.417  20.761 0.1000000015
31059  -49.424  -57.701  20.260 0.1000000015
31056  -46.309  -57.593  20.469 0.1000000015
31054  -44.256  -57.209  20.523 0.1000000015
32105  -43.777  -56.470  19.724 0.1000000015
12399  -45.026  -74.311  27.538 0.3000000119
12410  -44.274  -74.371  26.563 0.3000000119
12387  -45.830  -74.260  28.362 0.3000000119
13381  -46.792  -74.096  28.801 0.3000000119
13396  -47.361  -73.382  28.459 0.3000000119
16679  -47.521  -71.045  27.951 0.3000000119
15528  -46.867  -72.329  27.945 0.3000000119
16667  -47.811  -71.434  28.281 0.3000000119
14449  -47.421  -73.049  28.442 0.3000000119
17850  -48.678  -70.404  27.447 0.3000000119
17851  -49.521  -70.090  27.447 0.3000000119
21243  -49.084  -66.445  23.514 0.2000000030
22384  -48.938  -65.782  23.215 0.2000000030
14466  -42.709  -72.632  25.347 0.1000000015
15526  -44.092  -72.054  27.842 0.2000000030
14446  -44.427  -72.689  28.012 0.3000000119
13382  -47.460  -73.530  28.871 0.3000000119
13369  -47.369  -73.331  29.447 0.3000000119
16669  -49.217  -70.771  28.802 0.3000000119
15502  -49.050  -71.113  29.079 0.3000000119
17842  -49.753  -69.751  27.784 0.2000000030
17852  -50.000  -69.488  27.191 0.2000000030
17879  -50.407  -68.823  25.798 0.1000000015
15512  -44.530  -71.837  28.414 0.3000000119
14436  -45.506  -72.679  29.140 0.3000000119
16636  -48.593  -71.284  30.153 0.3000000119
17827  -48.960  -70.036  29.656 0.2000000030
18920  -48.799  -69.332  29.293 0.2000000030
18937  -49.899  -69.385  27.622 0.1000000015
18935  -48.665  -68.469  28.654 0.1000000015
15500  -45.687  -71.625  29.479 0.3000000119
16617  -47.661  -71.450  30.416 0.3000000119
18919  -47.654  -68.650  29.714 0.1000000015
18918  -46.756  -68.128  29.901 0.1000000015
20026  -46.974  -67.479  28.722 0.1000000015
17825  -45.586  -69.449  29.797 0.2000000030
19995  -46.247  -67.680  30.076 0.1000000015
21187  -48.341  -67.398  27.405 0.1000000015
18082  -50.477  -69.073  16.487 0.3000000119
18109  -48.234  -69.916  14.886 0.3000000119
18081  -49.718  -69.652  15.990 0.3000000119
17003  -43.928  -70.305  11.474 0.2000000030
15830  -42.824  -72.128  11.546 0.2000000030
18108  -47.335  -69.770  14.267 0.4000000060
18133  -46.828  -69.389  13.795 0.3000000119
19146  -47.299  -69.203  13.980 0.3000000119
18131  -45.579  -69.405  13.253 0.3000000119
19118  -50.851  -68.537  16.554 0.4000000060
19129  -48.654  -69.082  14.904 0.4000000060
19171  -45.795  -68.920  13.025 0.3000000119
19131  -50.412  -68.216  15.896 0.4000000060
19130  -49.402  -68.721  15.305 0.4000000060
19172  -46.524  -68.527  12.909 0.4000000060
19132  -50.905  -68.070  16.354 0.4000000060
20213  -51.181  -67.262  16.436 0.4000000060
19157  -48.227  -68.287  13.632 0.4000000060
19191  -45.903  -68.682  12.368 0.3000000119
18163  -44.790  -69.631  11.344 0.3000000119
20219  -50.764  -67.711  15.697 0.4000000060
19148  -48.912  -68.386  14.465 0.4000000060
19173  -47.510  -68.284  12.811 0.3000000119
18164  -45.850  -68.965  11.381 0.4000000060
19158  -49.388  -68.066  13.627 0.4000000060
18165  -47.212  -69.071  11.207 0.3000000119
21368  -51.052  -66.563  16.629 0.4000000060
20233  -50.780  -67.608  15.241 0.4000000060
19149  -50.036  -67.872  14.678 0.4000000060
19174  -48.659  -68.200  12.732 0.4000000060
21376  -51.260  -66.730  15.508 0.4000000060
19193  -47.930  -68.471  11.894 0.3000000119
22509  -50.980  -66.082  15.750 0.4000000060
20234  -51.204  -67.200  14.775 0.4000000060
20241  -50.890  -67.548  14.347 0.4000000060
19175  -49.820  -68.329  12.651 0.4000000060
19159  -50.574  -67.917  13.467 0.4000000060
19194  -49.097  -68.701  11.833 0.3000000119
20242  -51.371  -67.397  13.477 0.4000000060
19176  -50.781  -68.492  12.479 0.4000000060
18175  -48.747  -70.284  10.731 0.2000000030
22528  -50.426  -65.670  15.247 0.3000000119
22529  -51.058  -66.158  14.827 0.4000000060
22545  -51.085  -66.223  13.962 0.4000000060
20248  -51.588  -67.736  12.689 0.4000000060
19160  -51.109  -68.055  12.922 0.4000000060
18167  -49.412  -69.642  11.288 0.2000000030
18168  -50.287  -69.690  11.200 0.2000000030
15861  -48.325  -71.318  10.139 0.3000000119
22544  -50.619  -65.848  14.261 0.3000000119
19177  -51.507  -68.318  12.168 0.3000000119
19196  -50.948  -69.034  11.687 0.2000000030
18176  -49.567  -70.206  10.655 0.2000000030
14690  -47.384  -72.142  9.421 0.2000000030
22526  -48.133  -65.166  15.396 0.3000000119
22543  -49.702  -65.538  14.513 0.3000000119
22558  -51.303  -66.424  13.147 0.4000000060
19197  -51.498  -68.696  11.307 0.1000000015
22541  -47.382  -65.249  14.811 0.3000000119
22555  -49.003  -65.657  13.649 0.3000000119
22557  -50.797  -66.056  13.337 0.2000000030
21407  -52.062  -67.139  12.007 0.2000000030
17020  -49.586  -70.421  10.144 0.1000000015
15877  -47.768  -71.463  9.411 0.2000000030
22573  -49.371  -65.780  12.621 0.2000000030
22574  -50.287  -65.934  12.515 0.2000000030
21406  -51.971  -66.726  11.856 0.1000000015
17021  -50.151  -70.032  10.151 0.1000000015
17030  -48.674  -70.659  9.621 0.1000000015
22554  -47.869  -65.607  13.728 0.3000000119
22539  -45.036  -65.092  14.507 0.2000000030
22572  -48.319  -65.745  12.678 0.2000000030
22575  -51.019  -66.162  12.381 0.1000000015
19213  -51.823  -67.837  10.795 0.1000000015
18185  -50.282  -69.094  10.013 0.1000000015
17031  -49.633  -70.090  9.778 0.1000000015
22553  -46.682  -65.594  13.718 0.2000000030
22571  -47.186  -65.787  12.664 0.2000000030
22599  -51.841  -66.388  11.365 0.1000000015
21420  -52.097  -66.642  10.378 0.1000000015
19222  -50.762  -68.378  10.129 0.1000000015
18183  -48.928  -69.598  9.544 0.1000000015
17041  -46.754  -70.442  8.804 0.1000000015
22570  -45.996  -65.753  12.598 0.1000000015
22595  -48.740  -65.654  11.662 0.1000000015
22615  -50.918  -65.647  10.564 0.1000000015
22635  -51.832  -65.771  9.700 0.1000000015
20295  -51.016  -67.417  9.722 0.1000000015
20294  -50.352  -67.639  9.561 0.1000000015
18181  -47.203  -69.753  9.050 0.1000000015
17039  -44.910  -71.197  8.270 0.1000000015
22613  -49.135  -65.444  10.715 0.1000000015
21440  -51.765  -66.400  9.501 0.1000000015
19234  -47.972  -68.019  8.651 0.1000000015
19232  -46.324  -68.904  8.202 0.1000000015
21466  -50.799  -66.686  8.786 0.1000000015
20100  -50.558  -67.141  24.015 0.2000000030
23657  -44.322  -64.401  14.985 0.2000000030
22538  -44.444  -64.929  14.400 0.1000000015
22552  -45.502  -65.511  13.664 0.1000000015
22569  -44.881  -65.568  12.624 0.1000000015
22594  -47.689  -65.648  11.637 0.1000000015
22612  -48.209  -65.308  10.740 0.1000000015
22614  -50.018  -65.441  10.395 0.1000000015
19218  -47.565  -69.185  9.178 0.1000000015
19220  -49.148  -68.606  9.520 0.1000000015
21439  -51.302  -66.800  9.352 0.1000000015
22634  -51.243  -65.363  9.681 0.1000000015
19147  -47.912  -68.967  14.322 0.3000000119
18153  -45.027  -69.359  12.516 0.3000000119
19155  -46.353  -69.024  13.433 0.3000000119
19156  -47.175  -68.694  13.614 0.3000000119
19192  -46.762  -68.433  12.046 0.3000000119
20220  -50.971  -67.537  15.885 0.4000000060
21386  -51.347  -66.680  14.082 0.4000000060
19195  -50.117  -68.978  11.817 0.2000000030
21396  -51.970  -67.110  12.299 0.2000000030
15878  -48.344  -71.337  9.856 0.2000000030
22542  -48.575  -65.380  14.646 0.3000000119
19178  -51.808  -68.074  11.682 0.2000000030
18169  -50.996  -69.526  11.009 0.1000000015
22556  -50.023  -65.783  13.514 0.2000000030
22576  -51.569  -66.462  12.175 0.2000000030
20256  -52.041  -67.546  11.541 0.1000000015
15887  -47.230  -71.279  8.865 0.1000000015
21416  -52.207  -66.862  11.272 0.1000000015
18179  -51.125  -68.937  10.629 0.1000000015
22597  -50.577  -65.863  11.491 0.1000000015
20271  -51.806  -67.598  10.527 0.1000000015
19221  -49.978  -68.476  9.742 0.1000000015
17029  -47.553  -70.626  9.089 0.1000000015
22596  -49.707  -65.714  11.576 0.1000000015
22616  -51.586  -65.931  10.591 0.1000000015
20296  -51.583  -67.370  10.013 0.1000000015
18193  -46.560  -69.402  8.655 0.1000000015
18191  -45.024  -70.360  8.150 0.1000000015
23706  -49.412  -65.173  10.096 0.1000000015
22593  -46.557  -65.607  11.542 0.1000000015
15705  -47.138  -71.867  17.319 0.3000000119
15720  -47.459  -71.354  16.517 0.2000000030
16890  -46.054  -70.310  17.032 0.3000000119
16891  -46.823  -70.606  16.485 0.2000000030
13571  -48.633  -73.203  17.718 0.4000000060
14620  -47.726  -72.598  17.308 0.2000000030
14621  -48.387  -72.514  17.076 0.4000000060
15706  -47.846  -72.253  16.960 0.3000000119
18057  -46.436  -70.164  16.241 0.2000000030
14636  -49.379  -72.168  17.191 0.4000000060
15721  -48.056  -71.853  16.355 0.2000000030
16922  -47.044  -70.478  15.400 0.2000000030
18078  -45.548  -69.648  15.646 0.1000000015
18079  -46.397  -70.052  15.847 0.2000000030
18106  -45.145  -69.797  14.842 0.1000000015
15746  -48.529  -71.367  15.672 0.3000000119
18077  -44.519  -69.308  15.491 0.1000000015
18105  -44.229  -69.739  14.708 0.1000000015
16943  -43.820  -70.247  14.054 0.1000000015
16944  -44.736  -70.139  14.157 0.1000000015
16964  -42.508  -70.640  13.017 0.1000000015
16965  -43.394  -70.745  13.122 0.1000000015
15786  -42.847  -70.985  12.658 0.1000000015
15722  -48.962  -71.914  16.225 0.3000000119
16923  -47.701  -70.982  15.408 0.2000000030
16946  -46.578  -70.099  14.399 0.2000000030
16921  -46.086  -70.013  15.024 0.2000000030
16945  -45.621  -70.080  14.286 0.2000000030
15805  -42.446  -71.499  12.040 0.1000000015
15804  -41.619  -71.595  11.957 0.1000000015
16893  -49.941  -70.592  16.419 0.2000000030
15747  -49.358  -71.223  15.959 0.3000000119
16947  -47.697  -70.589  14.919 0.2000000030
16967  -45.231  -69.904  13.538 0.2000000030
14665  -41.720  -72.403  11.880 0.1000000015
14666  -42.058  -72.517  11.999 0.1000000015
16924  -48.882  -70.555  15.444 0.3000000119
18107  -46.747  -69.858  13.927 0.3000000119
16894  -50.676  -70.375  17.255 0.2000000030
16985  -44.642  -69.948  13.027 0.2000000030
16984  -44.107  -70.160  12.550 0.1000000015
15806  -43.017  -71.427  11.811 0.1000000015
12621  -41.979  -74.052  12.024 0.1000000015
16925  -49.493  -70.570  15.920 0.2000000030
14675  -43.131  -72.890  11.140 0.1000000015
15831  -43.283  -71.859  11.030 0.1000000015
11641  -42.270  -75.106  12.218 0.1000000015
13635  -42.612  -73.805  11.808 0.1000000015
18058  -50.392  -69.808  16.645 0.2000000030
15856  -43.824  -71.847  10.611 0.1000000015
15857  -44.474  -71.766  10.402 0.1000000015
10707  -41.411  -76.731  11.785 0.1000000015
11654  -42.474  -75.971  12.382 0.1000000015
12645  -42.921  -74.189  11.832 0.1000000015
14686  -43.972  -72.681  10.545 0.1000000015
18172  -45.553  -69.836  10.695 0.3000000119
11643  -43.537  -75.576  12.003 0.1000000015
15723  -49.779  -71.591  16.911 0.3000000119
14634  -48.632  -72.154  16.579 0.3000000119
16948  -48.274  -70.572  15.090 0.3000000119
13623  -42.254  -73.491  11.922 0.1000000015
16968  -45.904  -70.053  13.926 0.2000000030
15745  -47.997  -71.359  15.674 0.2000000030
15768  -48.293  -70.925  15.238 0.3000000119
16966  -44.311  -70.251  13.430 0.1000000015
11653  -41.874  -75.787  12.005 0.1000000015
12646  -43.384  -74.696  11.600 0.1000000015
11642  -43.016  -75.708  12.511 0.1000000015
17015  -44.784  -70.623  10.553 0.2000000030
12674  -44.532  -74.807  10.676 0.1000000015
10711  -44.364  -76.413  11.072 0.1000000015
11679  -45.204  -75.130  10.366 0.2000000030
9775  -43.688  -77.605  10.304 0.1000000015
14687  -45.127  -72.702  10.280 0.2000000030
13652  -45.777  -73.553  10.225 0.2000000030
10734  -44.586  -76.605  10.099 0.2000000030
12675  -45.534  -74.515  10.246 0.1000000015
11693  -45.500  -75.324  9.921 0.2000000030
12676  -46.171  -74.095  9.951 0.1000000015
17016  -46.064  -70.769  10.338 0.2000000030
14688  -46.152  -72.678  10.187 0.1000000015
11692  -45.019  -76.031  9.582 0.1000000015
12689  -45.928  -74.670  9.597 0.1000000015
18173  -46.611  -69.848  10.612 0.2000000030
12690  -46.376  -73.997  9.418 0.1000000015
15859  -46.661  -71.797  10.214 0.1000000015
14689  -46.856  -72.537  9.685 0.1000000015
18174  -47.768  -70.093  10.676 0.2000000030
17017  -47.214  -70.914  10.341 0.2000000030
13660  -46.635  -73.260  9.326 0.1000000015
18166  -48.379  -69.394  11.277 0.2000000030
15860  -47.678  -71.669  9.940 0.1000000015
12707  -46.267  -73.673  8.973 0.1000000015
13651  -44.774  -73.721  10.401 0.1000000015
14606  -47.251  -72.926  17.779 0.2000000030
16862  -46.331  -70.922  17.338 0.1000000015
10570  -46.160  -76.383  20.225 0.2000000030
10611  -45.317  -76.768  18.992 0.1000000015
11444  -44.379  -75.010  25.719 0.1000000015
9640  -43.633  -77.491  21.547 0.1000000015
9650  -44.027  -77.945  20.670 0.1000000015
10512  -44.948  -76.285  24.247 0.1000000015
9642  -44.753  -77.401  21.916 0.1000000015
12429  -43.512  -74.696  24.763 0.2000000030
12445  -43.484  -75.117  24.158 0.1000000015
10568  -42.635  -76.873  21.186 0.1000000015
12416  -44.204  -74.640  25.969 0.2000000030
11455  -44.204  -75.250  25.249 0.1000000015
11475  -43.839  -75.808  23.919 0.1000000015
10546  -43.716  -76.585  22.852 0.1000000015
10547  -44.340  -76.931  22.923 0.1000000015
10554  -43.645  -77.079  22.196 0.1000000015
13570  -47.875  -73.243  17.657 0.2000000030
11543  -46.030  -76.377  19.142 0.1000000015
9632  -44.555  -77.281  22.347 0.1000000015
10533  -44.596  -76.526  23.645 0.1000000015
11456  -44.832  -75.793  24.933 0.1000000015
10587  -46.016  -76.458  19.523 0.1000000015
9649  -43.174  -78.007  20.722 0.1000000015
9639  -43.002  -77.479  21.257 0.1000000015
11476  -44.557  -76.149  24.198 0.1000000015
14605  -46.519  -73.213  18.171 0.1000000015
15686  -46.834  -72.610  17.867 0.1000000015
16654  -44.860  -70.211  29.008 0.1000000015
16664  -43.992  -70.607  27.998 0.1000000015
16676  -43.515  -70.560  27.529 0.1000000015
15524  -43.087  -71.145  27.002 0.1000000015
15545  -42.179  -71.157  25.086 0.1000000015
15511  -44.007  -71.242  27.958 0.1000000015
15525  -43.591  -71.670  27.481 0.1000000015
17847  -43.526  -69.402  27.594 0.1000000015
17862  -42.455  -69.376  26.563 0.1000000015
17861  -42.127  -69.874  26.088 0.1000000015
17888  -41.512  -69.507  24.486 0.1000000015
17839  -44.039  -69.908  28.064 0.1000000015
17846  -42.985  -69.843  27.062 0.1000000015
16691  -42.288  -70.307  26.106 0.1000000015
16698  -42.222  -70.570  25.724 0.1000000015
16732  -41.485  -70.572  23.571 0.1000000015
17840  -44.576  -69.407  28.740 0.1000000015
18978  -41.276  -68.527  24.580 0.1000000015
18941  -42.927  -68.638  27.158 0.1000000015
18956  -42.358  -68.637  26.580 0.1000000015
18955  -41.855  -68.739  26.014 0.1000000015
18961  -41.527  -68.845  25.168 0.1000000015
18942  -43.544  -68.642  27.673 0.1000000015
17872  -41.779  -69.682  25.408 0.1000000015
17908  -41.281  -69.479  23.698 0.1000000015
17824  -45.095  -69.445  29.327 0.1000000015
18917  -45.254  -68.769  29.662 0.1000000015
20050  -41.663  -67.831  26.075 0.1000000015
20034  -42.872  -67.576  27.307 0.1000000015
18933  -44.519  -68.395  28.861 0.1000000015
17808  -46.112  -69.290  30.140 0.1000000015
20099  -49.744  -67.117  23.884 0.1000000015
21266  -49.577  -66.050  23.252 0.1000000015
22406  -49.403  -65.350  22.936 0.1000000015
20024  -44.170  -67.526  28.924 0.1000000015
18902  -45.594  -68.466  30.049 0.1000000015
19007  -50.609  -67.514  24.434 0.1000000015
22405  -48.368  -65.251  22.916 0.1000000015
24599  -49.637  -63.738  22.222 0.1000000015
23505  -48.571  -64.591  22.605 0.1000000015
23506  -49.563  -64.540  22.523 0.1000000015
20051  -42.248  -67.762  26.615 0.1000000015
20061  -41.236  -67.769  25.309 0.1000000015
20067  -40.865  -67.614  24.504 0.1000000015
15541  -42.785  -71.477  26.432 0.1000000015
15546  -42.529  -71.602  25.694 0.1000000015
16675  -43.029  -70.517  27.019 0.1000000015
16699  -42.536  -71.025  26.086 0.1000000015
15562  -41.971  -71.283  24.336 0.1000000015
16710  -41.822  -70.469  24.788 0.1000000015
18932  -44.075  -68.716  28.189 0.1000000015
20035  -43.524  -67.789  27.884 0.1000000015
24598  -48.714  -63.809  22.358 0.1000000015
23656  -43.240  -64.102  14.544 0.1000000015
23662  -42.633  -64.083  14.082 0.1000000015
24740  -42.697  -63.671  14.689 0.1000000015
14618  -42.958  -72.436  18.122 0.1000000015
15701  -42.650  -71.634  17.798 0.1000000015
15702  -43.764  -71.776  18.119 0.1000000015
14617  -42.112  -72.503  17.816 0.1000000015
15700  -41.749  -71.675  17.487 0.1000000015
16858  -42.222  -70.742  17.427 0.1000000015
14619  -43.560  -72.539  18.291 0.1000000015
14633  -40.280  -73.024  16.932 0.1000000015
13569  -42.526  -73.154  18.136 0.1000000015
14602  -43.277  -73.176  18.355 0.1000000015
13586  -39.532  -73.655  16.517 0.1000000015
13568  -41.752  -73.655  17.854 0.1000000015
13597  -38.974  -73.586  16.173 0.1000000015
13567  -40.710  -73.947  17.333 0.1000000015
15595  -29.137  -71.921  22.899 0.1000000015
15615  -29.442  -70.921  21.948 0.1000000015
16782  -28.590  -70.041  20.383 0.1000000015
17944  -28.022  -69.745  20.127 0.1000000015
17963  -28.923  -69.721  19.487 0.1000000015
17991  -29.975  -69.653  18.349 0.1000000015
15684  -45.243  -72.207  18.298 0.1000000015
17989  -28.007  -69.493  18.582 0.1000000015
16852  -31.238  -70.385  17.978 0.1000000015
14647  -39.001  -72.883  16.129 0.1000000015
13596  -38.515  -73.677  15.806 0.1000000015
16861  -45.365  -70.614  17.576 0.1000000015
18019  -29.500  -69.405  17.670 0.1000000015
18048  -33.048  -69.779  16.245 0.1000000015
16916  -34.917  -70.907  15.812 0.1000000015
14654  -37.421  -72.512  15.216 0.1000000015
13604  -37.268  -73.025  15.246 0.1000000015
12578  -37.979  -74.331  15.533 0.1000000015
12562  -40.035  -74.597  16.847 0.1000000015
18025  -45.414  -69.928  17.019 0.1000000015
18044  -28.913  -69.500  16.876 0.1000000015
18069  -33.787  -69.639  15.509 0.1000000015
14644  -36.342  -72.650  15.223 0.1000000015
13594  -36.875  -73.391  15.206 0.1000000015
16760  -28.915  -70.589  21.265 0.1000000015
16809  -29.865  -70.628  19.797 0.1000000015
13544  -43.753  -74.076  18.575 0.1000000015
14603  -44.308  -72.858  18.461 0.1000000015
16808  -29.324  -70.047  19.661 0.1000000015
16851  -30.529  -70.013  18.373 0.1000000015
16833  -30.022  -70.256  19.071 0.1000000015
15703  -44.841  -71.434  18.077 0.1000000015
16884  -33.401  -70.630  16.597 0.1000000015
16885  -34.087  -71.279  16.434 0.1000000015
15740  -35.336  -71.863  15.657 0.1000000015
12560  -38.540  -74.900  15.886 0.1000000015
15739  -34.612  -71.986  16.202 0.1000000015
14642  -34.881  -72.833  15.893 0.1000000015
13593  -35.950  -73.664  15.310 0.1000000015
12577  -37.282  -74.437  15.366 0.1000000015
15616  -30.389  -70.820  21.789 0.1000000015
15638  -29.844  -70.776  21.253 0.1000000015
15617  -31.174  -71.060  21.265 0.1000000015
16762  -31.129  -70.744  22.002 0.1000000015
16784  -30.047  -70.909  20.148 0.1000000015
13543  -42.665  -74.126  18.314 0.1000000015
13545  -44.866  -74.089  18.628 0.1000000015
12546  -41.349  -74.813  17.652 0.1000000015
14604  -45.543  -73.148  18.424 0.1000000015
16834  -30.673  -70.568  18.642 0.1000000015
16853  -31.980  -70.761  17.588 0.1000000015
15715  -32.960  -71.075  17.079 0.1000000015
16882  -31.843  -70.057  17.290 0.1000000015
15716  -33.300  -71.783  17.008 0.1000000015
13592  -35.184  -73.702  15.703 0.1000000015
12576  -36.425  -74.602  15.406 0.1000000015
15717  -33.959  -72.149  16.611 0.1000000015
14631  -34.213  -72.873  16.421 0.1000000015
12524  -43.231  -75.138  18.471 0.1000000015
15618  -31.941  -71.194  21.099 0.1000000015
15641  -32.569  -71.369  20.603 0.1000000015
12545  -40.617  -75.276  17.263 0.1000000015
12523  -42.376  -75.218  18.218 0.1000000015
12525  -44.252  -75.136  18.595 0.1000000015
15639  -30.405  -71.032  20.685 0.1000000015
15640  -31.465  -71.693  20.245 0.1000000015
15685  -46.244  -72.409  18.078 0.1000000015
15659  -30.493  -71.177  19.596 0.1000000015
11608  -37.781  -75.270  15.555 0.1000000015
12561  -39.322  -74.894  16.369 0.1000000015
15675  -30.547  -70.848  19.009 0.1000000015
12574  -34.875  -74.386  16.056 0.1000000015
15694  -31.758  -71.457  18.044 0.1000000015
15696  -32.807  -72.172  17.379 0.1000000015
14630  -33.537  -72.767  16.871 0.1000000015
14556  -32.144  -72.137  20.073 0.1000000015
14555  -31.792  -72.147  19.928 0.1000000015
11596  -39.949  -76.060  16.700 0.1000000015
12575  -35.535  -74.672  15.724 0.1000000015
11594  -38.268  -75.915  15.801 0.1000000015
13564  -33.096  -73.375  17.304 0.1000000015
14594  -31.788  -72.488  18.491 0.1000000015
14613  -32.089  -72.081  17.931 0.1000000015
14614  -32.465  -72.651  17.701 0.1000000015
10651  -39.869  -77.295  16.761 0.1000000015
10607  -41.936  -77.138  18.066 0.1000000015
10649  -38.392  -76.972  16.048 0.1000000015
14576  -31.850  -72.516  19.487 0.1000000015
11605  -35.493  -75.386  16.126 0.1000000015
11607  -36.937  -75.597  15.514 0.1000000015
10648  -37.464  -77.056  16.106 0.1000000015
15660  -31.179  -71.986  19.301 0.1000000015
13583  -33.791  -73.644  16.701 0.1000000015
12559  -35.040  -74.974  16.218 0.1000000015
12557  -33.512  -74.171  17.126 0.1000000015
14595  -32.241  -73.096  18.091 0.1000000015
10631  -40.570  -77.075  17.212 0.1000000015
10632  -41.235  -77.183  17.625 0.1000000015
9707  -38.095  -77.836  16.408 0.1000000015
14577  -32.555  -72.604  19.702 0.1000000015
11592  -35.191  -75.493  16.687 0.1000000015
10646  -35.798  -76.025  16.612 0.1000000015
12558  -34.320  -74.627  16.655 0.1000000015
9692  -41.144  -78.128  17.660 0.1000000015
9690  -39.322  -78.570  16.917 0.1000000015
9705  -36.957  -77.253  17.017 0.1000000015
8814  -37.996  -78.149  16.666 0.1000000015
12540  -33.024  -74.013  17.701 0.1000000015
13532  -31.946  -73.031  19.021 0.1000000015
8809  -41.023  -78.751  18.052 0.1000000015
13510  -32.262  -73.031  19.239 0.1000000015
16763  -31.809  -70.753  21.781 0.1000000015
16765  -33.287  -70.115  21.286 0.1000000015
16786  -33.386  -70.562  20.612 0.1000000015
16785  -32.883  -70.879  20.868 0.1000000015
16764  -32.667  -70.629  21.324 0.1000000015
18020  -30.502  -69.570  17.559 0.1000000015
18021  -31.275  -69.721  17.163 0.1000000015
18046  -30.806  -69.517  16.512 0.1000000015
16883  -32.561  -70.409  17.023 0.1000000015
18049  -33.620  -70.008  16.144 0.1000000015
15741  -36.021  -71.847  15.261 0.1000000015
14653  -36.962  -72.450  15.125 0.1000000015
15742  -37.714  -72.010  15.187 0.1000000015
16783  -29.560  -70.577  20.562 0.1000000015
13584  -34.515  -73.713  16.212 0.1000000015
11582  -40.584  -76.145  17.210 0.1000000015
11595  -38.971  -75.994  16.156 0.1000000015
9709  -39.525  -77.737  16.674 0.1000000015
10661  -36.567  -76.135  15.822 0.1000000015
11591  -34.489  -75.188  17.143 0.1000000015
9691  -39.921  -78.194  17.040 0.1000000015
16743  -32.429  -70.305  22.375 0.1000000015
4910  -32.724  -84.303  7.161 0.1000000015
4204  -32.984  -84.916  7.538 0.1000000015
6530  -33.783  -81.784  3.449 0.1000000015
6529  -32.682  -81.892  3.799 0.1000000015
7323  -32.755  -81.176  4.330 0.1000000015
6521  -32.379  -81.783  4.686 0.1000000015
4952  -31.450  -83.637  5.926 0.1000000015
6531  -34.760  -81.903  3.340 0.1000000015
6533  -36.875  -81.657  3.597 0.1000000015
6534  -37.778  -81.576  3.527 0.1000000015
4911  -33.229  -84.078  7.243 0.1000000015
4205  -33.794  -84.657  7.679 0.1000000015
3584  -34.205  -85.432  8.426 0.1000000015
4933  -33.325  -83.201  6.859 0.1000000015
6509  -32.625  -81.738  5.537 0.1000000015
5701  -32.663  -82.487  6.177 0.1000000015
4932  -32.316  -83.730  6.680 0.1000000015
3582  -32.758  -85.996  8.068 0.1000000015
7324  -33.346  -80.938  3.852 0.1000000015
5716  -31.423  -83.199  5.178 0.1000000015
5730  -31.968  -82.489  4.341 0.1000000015
7325  -34.587  -80.594  3.623 0.1000000015
7326  -36.138  -80.636  3.526 0.1000000015
7327  -37.284  -80.750  3.526 0.1000000015
7328  -38.054  -80.900  3.405 0.1000000015
7236  -36.124  -80.349  10.527 0.1000000015
5621  -35.589  -82.640  10.951 0.1000000015
6429  -36.556  -81.660  11.319 0.1000000015
4206  -34.674  -84.980  8.219 0.1000000015
4189  -34.850  -85.451  8.883 0.1000000015
3546  -35.086  -85.675  9.969 0.1000000015
4157  -35.445  -85.130  11.075 0.1000000015
4156  -34.641  -84.854  10.998 0.1000000015
4844  -35.400  -84.046  11.270 0.1000000015
4913  -35.423  -83.785  7.830 0.1000000015
3530  -34.432  -85.776  10.523 0.1000000015
4912  -34.200  -83.756  7.382 0.1000000015
3565  -34.171  -85.871  8.865 0.1000000015
6499  -33.126  -81.665  6.083 0.1000000015
5702  -33.531  -82.382  6.611 0.1000000015
7237  -37.001  -80.417  11.187 0.1000000015
8028  -36.578  -79.427  10.649 0.1000000015
4174  -35.689  -85.230  10.310 0.1000000015
4158  -36.295  -84.627  10.882 0.1000000015
4821  -36.111  -84.026  11.623 0.1000000015
4190  -35.591  -85.111  9.167 0.1000000015
4207  -35.511  -84.576  8.374 0.1000000015
6510  -32.927  -81.366  5.647 0.1000000015
7307  -33.167  -80.891  5.557 0.1000000015
8115  -33.606  -80.076  4.615 0.1000000015
8116  -33.942  -79.532  4.418 0.1000000015
8122  -34.628  -79.373  3.820 0.1000000015
5686  -34.726  -82.561  7.203 0.1000000015
6428  -35.697  -81.369  10.517 0.1000000015
5622  -36.379  -82.674  11.519 0.1000000015
6500  -34.001  -81.763  6.669 0.1000000015
5645  -35.123  -81.811  10.229 0.1000000015
6447  -35.203  -81.112  9.981 0.1000000015
6486  -36.353  -81.622  7.750 0.1000000015
6487  -37.337  -81.491  8.247 0.1000000015
7285  -37.401  -80.572  8.246 0.1000000015
5600  -36.232  -83.409  11.580 0.1000000015
4175  -36.237  -84.719  9.977 0.1000000015
4191  -36.441  -84.337  9.324 0.1000000015
4914  -36.376  -83.404  8.114 0.1000000015
4896  -37.599  -83.381  9.570 0.1000000015
5687  -35.916  -82.638  7.660 0.1000000015
5688  -36.968  -82.597  8.145 0.1000000015
4872  -37.085  -84.016  10.152 0.1000000015
4822  -36.649  -83.892  11.732 0.1000000015
4845  -36.979  -84.118  11.287 0.1000000015
4873  -37.973  -83.148  10.177 0.1000000015
4894  -36.120  -84.171  8.558 0.1000000015
7284  -36.670  -80.625  7.931 0.1000000015
5669  -37.536  -82.838  8.602 0.1000000015
3531  -35.168  -85.482  10.511 0.1000000015
3545  -34.436  -86.031  9.725 0.1000000015
3566  -34.829  -85.648  9.349 0.1000000015
3583  -33.725  -85.458  8.177 0.1000000015
4140  -36.087  -84.454  11.483 0.1000000015
4141  -36.488  -84.299  11.419 0.1000000015
4224  -32.338  -84.555  7.137 0.1000000015
4895  -37.121  -83.527  8.869 0.1000000015
4934  -33.984  -82.857  6.988 0.1000000015
4953  -32.046  -83.060  6.048 0.1000000015
5646  -38.213  -82.789  9.795 0.1000000015
5703  -34.070  -82.388  6.872 0.1000000015
5717  -31.945  -82.607  5.324 0.1000000015
5729  -31.564  -83.010  4.731 0.1000000015
5745  -37.515  -82.486  3.449 0.1000000015
6446  -34.601  -81.312  9.675 0.1000000015
6498  -32.790  -81.939  5.928 0.1000000015
7306  -32.848  -81.265  5.425 0.1000000015
7316  -32.724  -81.152  5.019 0.1000000015
7317  -33.187  -80.562  4.651 0.1000000015
7318  -33.690  -80.284  4.169 0.1000000015
8125  -37.766  -80.157  3.246 0.1000000015
8815  -38.424  -78.403  16.757 0.1000000015
8816  -38.937  -78.655  16.907 0.1000000015
9631  -44.016  -77.253  22.295 0.1000000015
9641  -44.283  -77.538  21.675 0.1000000015
9706  -37.507  -77.618  16.705 0.1000000015
9708  -38.992  -78.058  16.571 0.1000000015
9776  -44.148  -77.146  10.651 0.1000000015
10513  -45.429  -76.069  24.515 0.1000000015
10532  -44.119  -76.518  23.355 0.1000000015
10610  -44.863  -76.922  18.877 0.1000000015
10647  -36.514  -76.530  16.446 0.1000000015
10650  -39.300  -77.076  16.423 0.1000000015
10662  -36.962  -76.426  15.817 0.1000000015
10663  -37.622  -76.266  15.722 0.1000000015
10822  -42.443  -76.368  5.047 0.1000000015
11423  -45.773  -74.984  27.376 0.3000000119
11438  -46.140  -75.161  27.199 0.2000000030
11445  -44.683  -75.107  25.943 0.1000000015
11544  -46.517  -76.042  19.412 0.1000000015
11568  -46.893  -75.670  19.038 0.1000000015
11583  -41.249  -76.134  17.635 0.1000000015
11593  -35.797  -75.861  16.336 0.1000000015
11606  -36.107  -75.632  15.809 0.1000000015
11678  -44.849  -75.727  10.414 0.2000000030
11760  -43.454  -75.477  4.476 0.1000000015
11762  -44.460  -74.748  4.336 0.1000000015
12388  -46.099  -74.357  28.377 0.3000000119
12401  -46.378  -74.670  27.875 0.3000000119
12411  -44.770  -74.598  26.900 0.3000000119
12490  -47.834  -74.717  20.339 0.3000000119
12491  -48.371  -74.152  20.488 0.3000000119
12522  -41.776  -75.344  17.930 0.1000000015
12541  -33.845  -74.704  17.562 0.1000000015
12622  -42.696  -74.515  12.083 0.1000000015
12623  -43.178  -75.108  12.143 0.1000000015
12735  -43.862  -74.264  5.744 0.1000000015
12751  -44.464  -74.671  3.990 0.1000000015
12753  -45.170  -73.881  3.804 0.1000000015
12769  -44.277  -74.295  3.473 0.1000000015
12771  -45.039  -74.030  3.719 0.1000000015
13352  -47.208  -73.154  29.701 0.3000000119
13353  -47.417  -73.027  29.754 0.3000000119
13368  -46.728  -73.368  29.495 0.3000000119
13392  -44.181  -73.452  27.321 0.3000000119
13394  -45.375  -74.015  28.138 0.3000000119
13408  -44.442  -74.085  27.181 0.3000000119
13429  -43.336  -74.170  24.999 0.2000000030
13468  -48.273  -73.420  21.896 0.3000000119
13481  -49.144  -72.842  21.285 0.5000000000
13509  -32.003  -72.898  19.243 0.1000000015
13542  -41.952  -74.612  18.045 0.1000000015
13550  -49.580  -72.709  18.565 0.5000000000
13573  -49.505  -72.609  18.074 0.5000000000
13585  -38.946  -74.143  16.176 0.1000000015
13587  -40.134  -73.793  16.902 0.1000000015
13595  -37.707  -73.303  15.370 0.1000000015
13603  -37.111  -72.845  15.190 0.1000000015
13622  -41.792  -73.066  11.876 0.1000000015
13636  -43.023  -73.744  11.525 0.1000000015
13650  -43.692  -73.929  10.847 0.1000000015
13653  -46.406  -73.398  9.826 0.1000000015
13715  -45.128  -73.755  4.578 0.1000000015
13737  -43.283  -73.753  2.715 0.1000000015
13785  -44.360  -73.390  1.252 0.1000000015
13803  -44.132  -73.365  0.119 0.1000000015
14386  -47.782  -72.469  30.204 0.3000000119
14387  -48.123  -72.424  30.142 0.3000000119
14404  -47.176  -72.646  29.960 0.3000000119
14423  -46.365  -72.773  29.541 0.3000000119
14437  -47.800  -72.762  28.878 0.3000000119
14438  -48.341  -72.024  28.981 0.3000000119
14445  -43.906  -72.815  27.401 0.3000000119
14520  -45.554  -72.966  22.897 0.4000000060
14521  -46.378  -72.979  22.399 0.4000000060
14543  -49.346  -72.439  21.036 0.5000000000
14583  -50.413  -71.689  19.130 0.5000000000
14615  -33.029  -72.582  17.266 0.1000000015
14622  -49.092  -72.588  17.356 0.4000000060
14623  -49.665  -72.170  17.829 0.5000000000
14643  -35.600  -72.773  15.452 0.1000000015
14645  -37.887  -72.405  15.302 0.1000000015
14674  -42.512  -72.895  11.657 0.2000000030
14754  -44.271  -72.746  5.846 0.1000000015
14756  -45.660  -72.425  5.009 0.1000000015
14779  -46.286  -72.011  4.418 0.1000000015
14821  -45.566  -72.874  2.643 0.1000000015
14869  -45.210  -72.247  0.004 0.1000000015
15460  -47.679  -72.099  30.325 0.3000000119
15461  -48.108  -72.091  30.321 0.3000000119
15462  -48.403  -71.986  30.118 0.3000000119
15477  -46.642  -71.804  29.969 0.3000000119
15480  -48.904  -71.245  29.364 0.3000000119
15501  -48.740  -71.558  29.167 0.3000000119
15514  -47.346  -71.851  28.247 0.3000000119
15517  -49.010  -71.109  28.788 0.3000000119
15529  -47.401  -72.564  28.386 0.3000000119
15530  -48.835  -71.079  28.402 0.3000000119
15564  -44.045  -71.118  24.154 0.4000000060
15649  -50.098  -71.534  20.278 0.5000000000
15650  -50.415  -71.274  19.653 0.5000000000
15665  -50.647  -71.098  19.178 0.5000000000
15676  -31.042  -71.323  18.700 0.1000000015
15683  -44.528  -72.042  18.296 0.1000000015
15695  -32.493  -71.558  17.503 0.1000000015
15708  -50.258  -71.522  18.068 0.5000000000
15724  -50.355  -71.220  17.565 0.5000000000
15767  -48.052  -71.121  15.327 0.3000000119
15787  -42.991  -71.117  12.419 0.1000000015
15858  -45.553  -71.727  10.262 0.2000000030
15957  -46.702  -71.476  4.030 0.1000000015
15979  -46.729  -70.926  3.543 0.1000000015
16017  -46.015  -71.300  1.673 0.1000000015
16618  -48.103  -71.615  30.411 0.3000000119
16637  -48.958  -71.051  29.582 0.3000000119
16656  -49.112  -70.920  29.205 0.3000000119
16665  -44.393  -70.638  28.474 0.1000000015
16668  -48.221  -71.437  28.452 0.3000000119
16677  -46.364  -71.616  27.520 0.3000000119
16692  -42.583  -70.468  26.471 0.1000000015
16761  -29.437  -70.699  21.266 0.1000000015
16807  -28.810  -69.809  19.799 0.1000000015
16819  -50.969  -69.944  18.989 0.5000000000
16832  -29.526  -69.924  19.213 0.1000000015
16892  -47.588  -71.097  15.948 0.2000000030
16915  -34.135  -70.335  16.045 0.1000000015
16983  -43.368  -70.753  12.158 0.1000000015
17002  -43.379  -71.055  11.425 0.1000000015
17014  -43.817  -71.155  10.778 0.1000000015
17019  -48.842  -70.861  10.195 0.3000000119
17028  -47.183  -70.293  8.977 0.1000000015
17032  -50.162  -69.675  9.977 0.1000000015
17040  -45.731  -70.757  8.506 0.1000000015
17042  -47.227  -70.828  8.880 0.1000000015
17079  -47.553  -69.921  5.644 0.1000000015
17102  -46.211  -70.830  5.588 0.1000000015
17120  -47.146  -70.459  4.162 0.1000000015
17142  -46.797  -70.597  3.574 0.1000000015
17220  -45.949  -69.538  -0.339 0.1000000015
17848  -47.054  -70.730  27.597 0.3000000119
17977  -51.119  -69.613  18.720 0.5000000000
17998  -51.393  -69.288  18.287 0.5000000000
18056  -45.991  -69.919  16.407 0.1000000015
18060  -51.368  -68.948  17.373 0.5000000000
18080  -48.965  -69.600  15.323 0.4000000060
18132  -46.139  -69.672  13.677 0.2000000030
18152  -44.362  -69.759  11.961 0.3000000119
18170  -51.237  -69.053  10.809 0.1000000015
18177  -50.237  -69.939  10.583 0.1000000015
18178  -50.662  -69.320  10.445 0.1000000015
18182  -48.027  -69.797  9.304 0.1000000015
18184  -49.724  -69.322  9.748 0.1000000015
18192  -45.699  -69.630  8.270 0.1000000015
18208  -46.026  -69.123  7.142 0.1000000015
18231  -45.186  -69.739  7.065 0.1000000015
18353  -46.038  -69.058  -0.365 0.1000000015
18977  -41.099  -68.138  24.400 0.1000000015
19004  -41.321  -68.986  24.138 0.1000000015
19046  -42.947  -68.794  20.276 0.5000000000
19065  -49.815  -69.249  18.975 0.5000000000
19154  -45.936  -69.252  13.355 0.3000000119
19198  -51.844  -68.012  11.138 0.1000000015
19211  -51.020  -68.775  10.475 0.1000000015
19212  -51.445  -68.293  10.605 0.1000000015
19219  -48.142  -68.743  9.272 0.1000000015
19223  -51.218  -67.850  10.177 0.1000000015
19233  -47.153  -68.637  8.644 0.1000000015
19284  -47.187  -69.038  6.739 0.2000000030
19286  -48.524  -68.384  6.690 0.2000000030
19392  -46.059  -68.240  0.166 0.1000000015
19393  -46.355  -68.379  0.533 0.1000000015
20025  -44.554  -67.953  29.220 0.1000000015
20060  -40.891  -67.440  24.982 0.1000000015
20068  -41.124  -68.003  24.706 0.1000000015
20157  -41.973  -67.027  19.689 0.4000000060
20160  -44.221  -67.751  18.697 0.4000000060
20182  -50.813  -67.642  18.045 0.5000000000
20243  -51.717  -67.367  12.684 0.4000000060
20249  -51.880  -67.640  12.190 0.2000000030
20272  -52.082  -67.405  10.837 0.1000000015
20293  -49.548  -67.728  9.312 0.2000000030
20297  -52.006  -67.115  10.221 0.1000000015
20322  -48.545  -67.699  8.252 0.1000000015
20325  -50.676  -67.085  9.272 0.1000000015
20346  -48.566  -67.749  7.772 0.2000000030
20348  -49.861  -67.081  7.678 0.2000000030
20349  -50.402  -66.631  7.404 0.2000000030
20371  -46.755  -67.161  6.095 0.1000000015
20375  -50.210  -66.795  7.055 0.2000000030
20459  -46.104  -67.125  0.878 0.1000000015
20468  -46.201  -67.558  0.689 0.1000000015
21224  -46.518  -66.930  24.270 0.3000000119
21306  -41.574  -66.627  20.418 0.3000000119
21347  -46.512  -65.725  17.627 0.5000000000
21395  -51.738  -66.916  12.747 0.2000000030
21415  -52.062  -66.627  11.444 0.1000000015
21438  -50.991  -66.963  9.297 0.1000000015
21465  -50.479  -66.777  8.633 0.2000000030
21467  -51.412  -66.210  8.649 0.1000000015
21468  -51.778  -65.951  8.790 0.2000000030
21526  -45.747  -66.019  5.772 0.1000000015
21528  -49.295  -67.194  6.172 0.1000000015
21529  -49.583  -67.018  6.343 0.1000000015
21594  -46.416  -66.754  1.466 0.1000000015
22463  -41.352  -65.541  19.475 0.4000000060
22482  -44.869  -64.639  17.900 0.5000000000
22525  -47.583  -65.062  15.378 0.4000000060
22598  -51.299  -66.084  11.446 0.1000000015
22600  -52.079  -66.540  11.211 0.1000000015
22617  -52.033  -66.324  10.767 0.1000000015
22633  -50.506  -65.130  9.769 0.1000000015
22646  -51.701  -65.664  8.329 0.2000000030
22658  -48.828  -64.931  7.117 0.1000000015
22659  -51.172  -65.784  7.402 0.2000000030
22671  -46.600  -65.748  7.036 0.1000000015
22690  -45.532  -65.118  5.687 0.1000000015
22748  -46.346  -66.038  1.745 0.1000000015
23568  -41.366  -65.127  18.876 0.4000000060
23595  -48.339  -65.097  16.734 0.4000000060
23606  -45.758  -64.134  16.768 0.4000000060
23610  -48.792  -65.142  16.108 0.4000000060
23635  -48.473  -65.095  15.879 0.4000000060
23655  -42.859  -63.938  14.438 0.1000000015
23664  -44.121  -64.847  14.263 0.1000000015
23738  -51.797  -65.227  8.931 0.2000000030
23756  -51.782  -64.762  8.325 0.2000000030
23763  -45.868  -64.313  7.197 0.1000000015
23766  -48.975  -64.280  7.223 0.1000000015
23767  -49.625  -64.057  7.129 0.1000000015
23768  -51.594  -64.683  7.392 0.1000000015
23780  -50.594  -64.800  6.766 0.1000000015
24692  -41.031  -63.082  17.557 0.2000000030
24704  -45.546  -63.969  16.510 0.3000000119
24705  -45.890  -64.180  16.304 0.4000000060
24715  -43.737  -63.517  15.626 0.3000000119
24717  -45.355  -63.875  16.041 0.4000000060
24741  -43.506  -63.817  15.139 0.4000000060
24813  -50.702  -63.333  8.380 0.1000000015
24815  -51.691  -64.038  7.903 0.1000000015
24835  -47.366  -63.246  7.667 0.1000000015
24840  -51.716  -64.388  7.712 0.1000000015
24848  -45.302  -63.108  6.075 0.1000000015
24851  -51.017  -64.282  6.791 0.1000000015
24903  -46.710  -63.988  2.711 0.1000000015
25703  -39.546  -62.050  19.306 0.2000000030
25717  -39.605  -61.918  18.771 0.1000000015
25856  -50.179  -62.571  8.239 0.1000000015
25858  -51.107  -63.322  7.602 0.1000000015
25881  -50.693  -63.094  7.490 0.1000000015
25923  -46.279  -62.726  4.723 0.1000000015
26996  -49.136  -61.719  8.675 0.1000000015
27028  -50.321  -62.666  7.685 0.1000000015
27052  -46.701  -61.172  4.559 0.1000000015
28188  -48.176  -60.584  8.370 0.1000000015
28203  -45.976  -60.765  7.131 0.1000000015
28268  -49.503  -59.480  1.825 0.1000000015
29213  -38.625  -59.227  15.020 0.1000000015
29342  -46.666  -59.061  5.275 0.1000000015
29343  -47.353  -58.652  4.757 0.1000000015
29366  -48.983  -59.171  3.349 0.1000000015
29377  -49.274  -59.486  2.717 0.1000000015
29389  -45.916  -59.199  0.798 0.1000000015
29426  -45.779  -59.462  -1.621 0.1000000015
30152  -38.655  -57.784  18.038 0.1000000015
30166  -38.460  -58.057  17.406 0.1000000015
30342  -46.901  -58.051  6.166 0.1000000015
30402  -48.159  -57.599  2.086 0.1000000015
30403  -49.407  -58.348  2.522 0.1000000015
30422  -49.506  -58.467  1.757 0.1000000015
30433  -43.905  -57.887  0.737 0.1000000015
30434  -44.248  -58.209  0.435 0.1000000015
30436  -47.890  -58.790  0.465 0.1000000015
31074  -43.494  -56.960  20.346 0.1000000015
31103  -38.618  -57.568  16.970 0.1000000015
31262  -47.368  -57.176  7.873 0.1000000015
31282  -47.304  -57.701  5.656 0.1000000015
31298  -45.708  -56.872  5.008 0.1000000015
31300  -47.809  -57.437  5.107 0.1000000015
31315  -46.408  -57.124  4.073 0.1000000015
31316  -48.070  -57.773  4.547 0.1000000015
31332  -47.492  -56.951  3.327 0.1000000015
31347  -46.533  -57.659  3.120 0.1000000015
31363  -49.002  -57.662  1.833 0.1000000015
31364  -49.329  -58.001  1.741 0.1000000015
32087  -46.575  -57.106  20.158 0.1000000015
32141  -40.394  -56.300  17.385 0.1000000015
32365  -48.161  -56.897  5.110 0.1000000015
32378  -42.066  -56.208  4.376 0.1000000015
32413  -48.365  -56.952  3.106 0.1000000015
32414  -48.480  -57.004  3.383 0.1000000015
33270  -44.930  -56.029  18.344 0.1000000015
33281  -44.714  -56.054  18.153 0.1000000015
33474  -45.472  -55.042  7.284 0.1000000015
33494  -47.279  -55.621  7.048 0.1000000015
33508  -45.978  -55.723  6.009 0.1000000015
33522  -46.871  -55.991  5.235 0.1000000015
33532  -42.365  -55.398  3.530 0.1000000015
33553  -43.665  -55.545  1.531 0.1000000015
34591  -45.921  -54.882  7.810 0.1000000015
34605  -46.025  -55.030  7.294 0.1000000015
34643  -42.698  -54.885  3.052 0.1000000015
36810  -43.401  -52.585  3.337 0.1000000015
36852  -46.669  -51.865  -0.752 0.1000000015
36858  -46.678  -52.446  -0.973 0.1000000015
