#!ascii label  , from subject MOT01 vox2ras=TkReg
478
19118  -50.851  -68.537  16.554 0.0000000000
23734  -48.615  -64.019  9.489 0.0000000000
22484  -46.377  -65.223  17.459 0.0000000000
22557  -50.797  -66.056  13.337 0.0000000000
23663  -43.437  -64.704  13.849 0.0000000000
15648  -49.466  -71.445  20.606 0.0000000000
19059  -43.295  -68.469  19.604 0.0000000000
17890  -44.389  -69.630  24.975 0.0000000000
23590  -43.486  -63.952  17.669 0.0000000000
23632  -45.116  -64.157  15.589 0.0000000000
25768  -41.615  -62.453  15.978 0.0000000000
17953  -46.465  -70.540  20.163 0.0000000000
15622  -45.128  -71.890  21.663 0.0000000000
21239  -45.234  -66.412  24.039 0.0000000000
21265  -42.917  -66.091  22.962 0.0000000000
19174  -48.659  -68.200  12.732 0.0000000000
22613  -49.135  -65.444  10.715 0.0000000000
20271  -51.806  -67.598  10.527 0.0000000000
22661  -51.811  -65.211  8.183 0.0000000000
21351  -50.494  -66.641  17.385 0.0000000000
20234  -51.204  -67.200  14.775 0.0000000000
22553  -46.682  -65.594  13.718 0.0000000000
22609  -45.480  -64.844  10.629 0.0000000000
19089  -48.390  -68.395  18.520 0.0000000000
20176  -44.541  -67.211  18.458 0.0000000000
22467  -41.800  -65.559  18.791 0.0000000000
14485  -44.869  -72.582  24.389 0.0000000000
17920  -43.092  -69.441  22.527 0.0000000000
21290  -41.547  -66.380  20.933 0.0000000000
25693  -40.081  -62.868  20.250 0.0000000000
19196  -50.948  -69.034  11.687 0.0000000000
29288  -43.646  -59.340  9.046 0.0000000000
26994  -47.740  -61.054  9.149 0.0000000000
25878  -48.045  -62.280  7.761 0.0000000000
24693  -41.691  -63.428  17.500 0.0000000000
25740  -42.876  -63.112  16.764 0.0000000000
19149  -50.036  -67.872  14.678 0.0000000000
23705  -48.795  -64.935  10.003 0.0000000000
22634  -51.243  -65.363  9.681 0.0000000000
24790  -50.146  -63.680  8.826 0.0000000000
24839  -51.305  -63.758  7.255 0.0000000000
24812  -50.015  -62.976  8.582 0.0000000000
21349  -48.112  -66.020  17.456 0.0000000000
23594  -47.812  -64.952  16.837 0.0000000000
23657  -44.322  -64.401  14.985 0.0000000000
22540  -46.145  -65.222  14.601 0.0000000000
22552  -45.502  -65.511  13.664 0.0000000000
22570  -45.996  -65.753  12.598 0.0000000000
22568  -43.979  -65.278  12.611 0.0000000000
19066  -50.344  -69.366  18.943 0.0000000000
17974  -49.280  -69.828  19.430 0.0000000000
17951  -44.794  -69.859  19.999 0.0000000000
19061  -45.359  -68.710  18.985 0.0000000000
19060  -44.291  -68.354  18.968 0.0000000000
21322  -43.264  -66.405  18.533 0.0000000000
21314  -42.725  -66.930  18.979 0.0000000000
16712  -44.206  -70.510  24.760 0.0000000000
15582  -43.858  -70.990  23.553 0.0000000000
17909  -43.326  -69.275  23.469 0.0000000000
23499  -43.033  -64.775  22.507 0.0000000000
22430  -42.102  -65.850  21.992 0.0000000000
23524  -42.104  -64.881  21.853 0.0000000000
24639  -41.037  -64.392  20.771 0.0000000000
22545  -51.085  -66.223  13.962 0.0000000000
20242  -51.371  -67.397  13.477 0.0000000000
21396  -51.970  -67.110  12.299 0.0000000000
18185  -50.282  -69.094  10.013 0.0000000000
31258  -44.223  -57.494  8.790 0.0000000000
28175  -45.311  -60.298  9.214 0.0000000000
28205  -47.738  -60.064  7.912 0.0000000000
23591  -44.689  -64.144  17.645 0.0000000000
23607  -46.155  -64.328  16.580 0.0000000000
24695  -43.896  -63.426  16.939 0.0000000000
25770  -43.288  -63.166  15.847 0.0000000000
24740  -42.697  -63.671  14.689 0.0000000000
16794  -48.255  -70.922  20.379 0.0000000000
16792  -45.996  -71.003  20.676 0.0000000000
16790  -44.318  -70.077  20.417 0.0000000000
20070  -44.574  -67.789  24.589 0.0000000000
20094  -43.592  -67.587  24.011 0.0000000000
21238  -44.200  -66.661  23.972 0.0000000000
23500  -43.994  -64.727  22.764 0.0000000000
25651  -43.585  -63.332  22.371 0.0000000000
22574  -50.287  -65.934  12.515 0.0000000000
21406  -51.971  -66.726  11.856 0.0000000000
22616  -51.586  -65.931  10.591 0.0000000000
21440  -51.765  -66.400  9.501 0.0000000000
21487  -50.421  -66.732  8.346 0.0000000000
21509  -50.609  -66.274  7.162 0.0000000000
22674  -49.911  -65.620  6.660 0.0000000000
23778  -49.143  -64.860  7.055 0.0000000000
20204  -51.239  -67.489  17.185 0.0000000000
20220  -50.971  -67.537  15.885 0.0000000000
22528  -50.426  -65.670  15.247 0.0000000000
22543  -49.702  -65.538  14.513 0.0000000000
23634  -47.484  -64.859  15.780 0.0000000000
22541  -47.382  -65.249  14.811 0.0000000000
22555  -49.003  -65.657  13.649 0.0000000000
22572  -48.319  -65.745  12.678 0.0000000000
22611  -47.163  -65.182  10.648 0.0000000000
23703  -46.729  -64.175  9.895 0.0000000000
19092  -51.231  -68.473  18.263 0.0000000000
20180  -49.070  -67.645  18.204 0.0000000000
21326  -47.498  -66.584  17.882 0.0000000000
19063  -47.680  -69.168  18.962 0.0000000000
20178  -46.810  -67.263  18.308 0.0000000000
22471  -45.706  -65.557  17.788 0.0000000000
22470  -44.713  -65.240  18.018 0.0000000000
23581  -42.963  -64.658  18.020 0.0000000000
24677  -40.835  -63.541  18.096 0.0000000000
14519  -44.764  -72.465  22.961 0.0000000000
16747  -43.519  -70.437  22.118 0.0000000000
17932  -42.864  -69.135  21.115 0.0000000000
19005  -42.711  -67.878  22.886 0.0000000000
20134  -42.148  -67.646  21.713 0.0000000000
20149  -42.041  -67.827  20.533 0.0000000000
21312  -41.663  -66.485  19.785 0.0000000000
23567  -40.953  -64.707  19.148 0.0000000000
20241  -50.890  -67.548  14.347 0.0000000000
19175  -49.820  -68.329  12.651 0.0000000000
19197  -51.498  -68.696  11.307 0.0000000000
17020  -49.586  -70.421  10.144 0.0000000000
23699  -43.089  -64.277  10.966 0.0000000000
24765  -44.387  -63.496  10.100 0.0000000000
24786  -46.579  -63.024  9.586 0.0000000000
26992  -45.710  -61.206  9.394 0.0000000000
25841  -48.108  -62.001  9.336 0.0000000000
27008  -49.470  -61.958  8.203 0.0000000000
25879  -49.192  -62.513  7.627 0.0000000000
25737  -40.530  -62.666  17.706 0.0000000000
25738  -41.185  -62.697  17.172 0.0000000000
19130  -49.402  -68.721  15.305 0.0000000000
19131  -50.412  -68.216  15.896 0.0000000000
23735  -49.749  -64.596  9.521 0.0000000000
24789  -49.363  -63.211  9.051 0.0000000000
22485  -47.495  -65.308  17.248 0.0000000000
22486  -48.608  -65.418  17.020 0.0000000000
23593  -46.807  -64.771  16.958 0.0000000000
23664  -44.121  -64.847  14.263 0.0000000000
22538  -44.444  -64.929  14.400 0.0000000000
22551  -44.352  -65.233  13.685 0.0000000000
23669  -43.187  -64.933  12.684 0.0000000000
14562  -50.271  -71.859  19.799 0.0000000000
16797  -50.326  -71.047  19.930 0.0000000000
16817  -49.687  -70.386  19.804 0.0000000000
16796  -49.949  -70.940  20.141 0.0000000000
17969  -43.914  -68.925  19.531 0.0000000000
17970  -44.591  -69.176  19.510 0.0000000000
20159  -43.544  -67.501  18.827 0.0000000000
18962  -45.104  -69.224  25.419 0.0000000000
17873  -44.793  -70.133  25.580 0.0000000000
16700  -44.584  -70.955  25.480 0.0000000000
17889  -43.798  -69.647  24.219 0.0000000000
24617  -42.569  -63.745  22.118 0.0000000000
24616  -41.353  -63.798  21.367 0.0000000000
25669  -41.769  -62.730  21.844 0.0000000000
22558  -51.303  -66.424  13.147 0.0000000000
29291  -46.531  -59.752  8.872 0.0000000000
28187  -47.602  -60.102  8.600 0.0000000000
29300  -47.447  -58.983  8.122 0.0000000000
24696  -45.098  -63.770  16.965 0.0000000000
25760  -42.332  -62.786  16.409 0.0000000000
25761  -43.170  -63.031  16.321 0.0000000000
25769  -42.426  -62.900  15.706 0.0000000000
24714  -42.984  -63.376  15.387 0.0000000000
25794  -42.224  -63.197  15.079 0.0000000000
16791  -44.940  -70.500  20.481 0.0000000000
16769  -44.913  -71.169  21.039 0.0000000000
18981  -45.350  -68.335  25.159 0.0000000000
21222  -44.966  -67.028  24.443 0.0000000000
20095  -44.302  -67.238  24.298 0.0000000000
24592  -43.482  -64.117  22.448 0.0000000000
19193  -47.930  -68.471  11.894 0.0000000000
22596  -49.707  -65.714  11.576 0.0000000000
22597  -50.577  -65.863  11.491 0.0000000000
22615  -50.918  -65.647  10.564 0.0000000000
23737  -51.609  -64.895  8.988 0.0000000000
22635  -51.832  -65.771  9.700 0.0000000000
22647  -51.808  -65.547  8.807 0.0000000000
21489  -51.414  -65.871  7.957 0.0000000000
21488  -50.786  -66.378  7.895 0.0000000000
25882  -50.987  -63.213  7.569 0.0000000000
23781  -51.236  -64.705  6.901 0.0000000000
24850  -50.568  -64.086  6.871 0.0000000000
23779  -49.750  -64.637  6.916 0.0000000000
24849  -49.932  -64.038  7.070 0.0000000000
20203  -51.045  -67.287  17.542 0.0000000000
21352  -51.074  -66.935  17.232 0.0000000000
22527  -49.209  -65.264  15.627 0.0000000000
24718  -45.703  -64.076  16.182 0.0000000000
23633  -46.157  -64.334  15.937 0.0000000000
22554  -47.869  -65.607  13.728 0.0000000000
22592  -45.293  -65.371  11.353 0.0000000000
22593  -46.557  -65.607  11.542 0.0000000000
22610  -46.125  -65.013  10.629 0.0000000000
19090  -49.490  -68.489  18.590 0.0000000000
21327  -48.631  -66.795  17.861 0.0000000000
20179  -47.946  -67.487  18.188 0.0000000000
16814  -47.287  -70.474  19.939 0.0000000000
16815  -47.782  -70.463  19.918 0.0000000000
17972  -46.931  -70.061  19.641 0.0000000000
19086  -45.086  -67.914  18.626 0.0000000000
19087  -46.104  -68.056  18.613 0.0000000000
20177  -45.685  -67.155  18.348 0.0000000000
21324  -45.196  -66.278  18.091 0.0000000000
21323  -44.200  -66.244  18.268 0.0000000000
22468  -42.589  -65.494  18.391 0.0000000000
23580  -41.633  -64.552  18.242 0.0000000000
15583  -44.296  -71.874  23.594 0.0000000000
16733  -43.515  -70.231  23.251 0.0000000000
15599  -43.853  -71.168  22.792 0.0000000000
17933  -43.237  -69.723  21.454 0.0000000000
19032  -42.895  -69.124  21.829 0.0000000000
21237  -43.230  -66.636  23.350 0.0000000000
20093  -42.892  -67.496  23.237 0.0000000000
21236  -42.712  -67.037  23.007 0.0000000000
21291  -41.873  -66.544  21.599 0.0000000000
20133  -41.725  -67.079  20.909 0.0000000000
20148  -41.794  -67.171  20.123 0.0000000000
22452  -41.354  -65.891  20.357 0.0000000000
24638  -40.622  -63.675  20.618 0.0000000000
23546  -40.758  -64.597  20.025 0.0000000000
24657  -40.306  -63.677  19.319 0.0000000000
21376  -51.260  -66.730  15.508 0.0000000000
20233  -50.780  -67.608  15.241 0.0000000000
19160  -51.109  -68.055  12.922 0.0000000000
19176  -50.781  -68.492  12.479 0.0000000000
19195  -50.117  -68.978  11.817 0.0000000000
18167  -49.412  -69.642  11.288 0.0000000000
18168  -50.287  -69.690  11.200 0.0000000000
21416  -52.207  -66.862  11.272 0.0000000000
20256  -52.041  -67.546  11.541 0.0000000000
19213  -51.823  -67.837  10.795 0.0000000000
17031  -49.633  -70.090  9.778 0.0000000000
17021  -50.151  -70.032  10.151 0.0000000000
23679  -42.565  -64.451  11.790 0.0000000000
24763  -42.252  -63.662  10.892 0.0000000000
25827  -44.537  -62.823  9.786 0.0000000000
24767  -45.954  -63.641  9.857 0.0000000000
24785  -45.620  -62.954  9.704 0.0000000000
28176  -46.359  -60.323  9.149 0.0000000000
26993  -46.735  -61.159  9.342 0.0000000000
25840  -47.148  -62.003  9.400 0.0000000000
25842  -48.945  -62.183  9.085 0.0000000000
26995  -48.599  -61.374  8.975 0.0000000000
27026  -48.674  -61.449  7.945 0.0000000000
24694  -42.764  -63.446  17.240 0.0000000000
25739  -42.094  -62.978  16.941 0.0000000000
25759  -41.567  -62.570  16.641 0.0000000000
26904  -40.963  -62.248  16.466 0.0000000000
22380  -45.473  -65.857  23.551 0.0000000000
19158  -49.388  -68.066  13.627 0.0000000000
23706  -49.412  -65.173  10.096 0.0000000000
22614  -50.018  -65.441  10.395 0.0000000000
22632  -50.092  -65.100  9.845 0.0000000000
23736  -50.859  -64.379  8.918 0.0000000000
23755  -51.494  -64.181  8.396 0.0000000000
23769  -51.803  -64.850  7.836 0.0000000000
23754  -51.172  -63.794  8.392 0.0000000000
24814  -51.321  -63.503  7.952 0.0000000000
25857  -50.719  -62.967  7.812 0.0000000000
21350  -49.269  -66.235  17.453 0.0000000000
22506  -48.592  -65.192  16.652 0.0000000000
23609  -48.240  -65.007  16.373 0.0000000000
23631  -44.671  -64.074  15.467 0.0000000000
23658  -45.581  -64.688  15.211 0.0000000000
22539  -45.036  -65.092  14.507 0.0000000000
22569  -44.881  -65.568  12.624 0.0000000000
22591  -44.400  -65.294  11.844 0.0000000000
17975  -50.131  -69.802  19.315 0.0000000000
19064  -48.839  -69.205  18.948 0.0000000000
17971  -45.654  -69.500  19.543 0.0000000000
19085  -44.537  -67.833  18.662 0.0000000000
20175  -43.878  -66.862  18.479 0.0000000000
21321  -42.373  -66.236  18.851 0.0000000000
15565  -44.471  -71.614  24.802 0.0000000000
16711  -43.855  -70.497  23.983 0.0000000000
22399  -42.651  -65.618  22.544 0.0000000000
21264  -42.440  -66.604  22.542 0.0000000000
22429  -41.598  -65.635  21.256 0.0000000000
23547  -41.183  -65.098  20.606 0.0000000000
23523  -41.455  -64.758  21.170 0.0000000000
24615  -40.858  -63.412  21.087 0.0000000000
25668  -40.723  -62.751  21.188 0.0000000000
22529  -51.058  -66.158  14.827 0.0000000000
21386  -51.347  -66.680  14.082 0.0000000000
20248  -51.588  -67.736  12.689 0.0000000000
19177  -51.507  -68.318  12.168 0.0000000000
19222  -50.762  -68.378  10.129 0.0000000000
30308  -44.781  -58.366  8.690 0.0000000000
29289  -44.845  -59.223  8.827 0.0000000000
29290  -45.935  -59.602  8.860 0.0000000000
28177  -47.155  -60.452  9.118 0.0000000000
27006  -48.257  -60.795  8.718 0.0000000000
28206  -48.346  -60.812  8.175 0.0000000000
22483  -45.371  -64.803  17.704 0.0000000000
23592  -45.755  -64.333  17.149 0.0000000000
24697  -45.555  -64.006  16.851 0.0000000000
24703  -44.770  -63.590  16.390 0.0000000000
24702  -43.951  -63.306  16.139 0.0000000000
24716  -44.533  -63.759  15.695 0.0000000000
24742  -44.035  -63.852  15.400 0.0000000000
23656  -43.240  -64.102  14.544 0.0000000000
23662  -42.633  -64.083  14.082 0.0000000000
16795  -49.170  -70.925  20.313 0.0000000000
16793  -47.180  -70.807  20.311 0.0000000000
15645  -46.916  -71.432  20.889 0.0000000000
17952  -45.784  -70.254  20.061 0.0000000000
17950  -43.620  -69.439  20.289 0.0000000000
18980  -44.332  -68.753  24.754 0.0000000000
20069  -43.969  -68.172  24.405 0.0000000000
22378  -43.856  -66.190  23.539 0.0000000000
22379  -44.501  -65.951  23.613 0.0000000000
22400  -43.584  -65.628  23.105 0.0000000000
22576  -51.569  -66.462  12.175 0.0000000000
22575  -51.019  -66.162  12.381 0.0000000000
22599  -51.841  -66.388  11.365 0.0000000000
21420  -52.097  -66.642  10.378 0.0000000000
20296  -51.583  -67.370  10.013 0.0000000000
20324  -50.131  -66.998  8.814 0.0000000000
22676  -51.367  -65.215  7.188 0.0000000000
22675  -50.761  -65.557  6.886 0.0000000000
21508  -50.042  -66.473  6.663 0.0000000000
21507  -49.162  -66.679  6.329 0.0000000000
19119  -51.198  -68.180  16.837 0.0000000000
19132  -50.905  -68.070  16.354 0.0000000000
20213  -51.181  -67.262  16.436 0.0000000000
22509  -50.980  -66.082  15.750 0.0000000000
22544  -50.619  -65.848  14.261 0.0000000000
23608  -47.136  -64.655  16.428 0.0000000000
23659  -46.687  -64.874  15.319 0.0000000000
23660  -47.295  -64.994  15.359 0.0000000000
22542  -48.575  -65.380  14.646 0.0000000000
22556  -50.023  -65.783  13.514 0.0000000000
22573  -49.371  -65.780  12.621 0.0000000000
22595  -48.740  -65.654  11.662 0.0000000000
22571  -47.186  -65.787  12.664 0.0000000000
22594  -47.689  -65.648  11.637 0.0000000000
22612  -48.209  -65.308  10.740 0.0000000000
23704  -47.834  -64.612  9.972 0.0000000000
23733  -47.674  -63.686  9.550 0.0000000000
19107  -51.398  -68.492  17.669 0.0000000000
20183  -51.240  -67.852  17.772 0.0000000000
21329  -50.327  -67.245  17.884 0.0000000000
19091  -50.512  -68.703  18.610 0.0000000000
20181  -50.050  -67.748  18.257 0.0000000000
21328  -49.697  -67.020  17.856 0.0000000000
21348  -47.064  -65.836  17.559 0.0000000000
16816  -48.761  -70.424  19.892 0.0000000000
17973  -48.226  -69.875  19.463 0.0000000000
19062  -46.479  -68.989  18.998 0.0000000000
19088  -47.230  -68.236  18.567 0.0000000000
21325  -46.338  -66.258  17.869 0.0000000000
22472  -46.237  -65.673  17.670 0.0000000000
23583  -44.600  -64.604  17.965 0.0000000000
23582  -44.034  -64.613  18.006 0.0000000000
22469  -43.628  -65.434  18.204 0.0000000000
23589  -42.391  -63.993  17.694 0.0000000000
23588  -41.786  -63.945  17.793 0.0000000000
24678  -41.470  -63.849  17.885 0.0000000000
15600  -44.443  -71.923  22.497 0.0000000000
15621  -44.188  -71.258  21.794 0.0000000000
16768  -43.995  -70.461  21.000 0.0000000000
17949  -42.940  -69.013  20.621 0.0000000000
18979  -43.562  -68.633  24.077 0.0000000000
19006  -42.957  -68.410  23.176 0.0000000000
19020  -42.791  -68.739  22.340 0.0000000000
20117  -42.541  -67.468  22.655 0.0000000000
19019  -42.593  -68.127  22.424 0.0000000000
19031  -42.583  -68.572  21.724 0.0000000000
19045  -42.506  -68.529  20.869 0.0000000000
19058  -42.582  -68.309  20.132 0.0000000000
20158  -42.440  -67.572  19.583 0.0000000000
21313  -42.146  -66.754  19.336 0.0000000000
21320  -41.831  -66.141  19.225 0.0000000000
22451  -41.066  -65.264  20.020 0.0000000000
22462  -40.996  -65.041  19.657 0.0000000000
23579  -40.841  -64.157  18.656 0.0000000000
25718  -39.956  -62.585  18.549 0.0000000000
20219  -50.764  -67.711  15.697 0.0000000000
19159  -50.574  -67.917  13.467 0.0000000000
19194  -49.097  -68.701  11.833 0.0000000000
21407  -52.062  -67.139  12.007 0.0000000000
19178  -51.808  -68.074  11.682 0.0000000000
18179  -51.125  -68.937  10.629 0.0000000000
18169  -50.996  -69.526  11.009 0.0000000000
25793  -41.172  -62.590  14.791 0.0000000000
24746  -42.153  -63.662  14.207 0.0000000000
24750  -41.967  -63.881  13.669 0.0000000000
23668  -42.290  -64.357  12.975 0.0000000000
23680  -43.603  -64.890  11.627 0.0000000000
23681  -44.393  -64.949  11.150 0.0000000000
24764  -43.369  -63.507  10.383 0.0000000000
23700  -43.930  -64.326  10.711 0.0000000000
23701  -44.896  -64.470  10.533 0.0000000000
23702  -45.721  -64.308  10.250 0.0000000000
23732  -47.100  -63.436  9.580 0.0000000000
26991  -44.726  -61.180  9.480 0.0000000000
25838  -44.980  -62.200  9.630 0.0000000000
25839  -46.128  -62.083  9.524 0.0000000000
24787  -47.501  -62.833  9.458 0.0000000000
24788  -48.385  -62.955  9.342 0.0000000000
25843  -49.555  -62.365  8.620 0.0000000000
27009  -50.160  -62.394  7.912 0.0000000000
27027  -49.733  -62.226  7.783 0.0000000000
25880  -50.072  -62.836  7.512 0.0000000000
24837  -49.602  -63.431  7.303 0.0000000000
15564  -44.045  -71.118  24.154 0.0000000000
15649  -50.098  -71.534  20.278 0.0000000000
17032  -50.162  -69.675  9.977 0.0000000000
18060  -51.368  -68.948  17.373 0.0000000000
18170  -51.237  -69.053  10.809 0.0000000000
18177  -50.237  -69.939  10.583 0.0000000000
18178  -50.662  -69.320  10.445 0.0000000000
18184  -49.724  -69.322  9.748 0.0000000000
19046  -42.947  -68.794  20.276 0.0000000000
19065  -49.815  -69.249  18.975 0.0000000000
19198  -51.844  -68.012  11.138 0.0000000000
19211  -51.020  -68.775  10.475 0.0000000000
19212  -51.445  -68.293  10.605 0.0000000000
20157  -41.973  -67.027  19.689 0.0000000000
20160  -44.221  -67.751  18.697 0.0000000000
20182  -50.813  -67.642  18.045 0.0000000000
20243  -51.717  -67.367  12.684 0.0000000000
20249  -51.880  -67.640  12.190 0.0000000000
20272  -52.082  -67.405  10.837 0.0000000000
20293  -49.548  -67.728  9.312 0.0000000000
20297  -52.006  -67.115  10.221 0.0000000000
20349  -50.402  -66.631  7.404 0.0000000000
21306  -41.574  -66.627  20.418 0.0000000000
21347  -46.512  -65.725  17.627 0.0000000000
21395  -51.738  -66.916  12.747 0.0000000000
21415  -52.062  -66.627  11.444 0.0000000000
21465  -50.479  -66.777  8.633 0.0000000000
21468  -51.778  -65.951  8.790 0.0000000000
21529  -49.583  -67.018  6.343 0.0000000000
22463  -41.352  -65.541  19.475 0.0000000000
22482  -44.869  -64.639  17.900 0.0000000000
22525  -47.583  -65.062  15.378 0.0000000000
22550  -43.698  -65.116  13.230 0.0000000000
22598  -51.299  -66.084  11.446 0.0000000000
22600  -52.079  -66.540  11.211 0.0000000000
22617  -52.033  -66.324  10.767 0.0000000000
22633  -50.506  -65.130  9.769 0.0000000000
22646  -51.701  -65.664  8.329 0.0000000000
22658  -48.828  -64.931  7.117 0.0000000000
22673  -48.876  -65.546  6.874 0.0000000000
23568  -41.366  -65.127  18.876 0.0000000000
23595  -48.339  -65.097  16.734 0.0000000000
23606  -45.758  -64.134  16.768 0.0000000000
23655  -42.859  -63.938  14.438 0.0000000000
23738  -51.797  -65.227  8.931 0.0000000000
23756  -51.782  -64.762  8.325 0.0000000000
23766  -48.975  -64.280  7.223 0.0000000000
23767  -49.625  -64.057  7.129 0.0000000000
23768  -51.594  -64.683  7.392 0.0000000000
23780  -50.594  -64.800  6.766 0.0000000000
24692  -41.031  -63.082  17.557 0.0000000000
24704  -45.546  -63.969  16.510 0.0000000000
24705  -45.890  -64.180  16.304 0.0000000000
24715  -43.737  -63.517  15.626 0.0000000000
24717  -45.355  -63.875  16.041 0.0000000000
24739  -41.953  -63.299  14.565 0.0000000000
24741  -43.506  -63.817  15.139 0.0000000000
24745  -41.585  -63.334  13.949 0.0000000000
24754  -42.038  -64.032  11.602 0.0000000000
24766  -45.236  -63.671  10.005 0.0000000000
24784  -44.937  -63.050  9.790 0.0000000000
24813  -50.702  -63.333  8.380 0.0000000000
24815  -51.691  -64.038  7.903 0.0000000000
24840  -51.716  -64.388  7.712 0.0000000000
24851  -51.017  -64.282  6.791 0.0000000000
25856  -50.179  -62.571  8.239 0.0000000000
25858  -51.107  -63.322  7.602 0.0000000000
26996  -49.136  -61.719  8.675 0.0000000000
27028  -50.321  -62.666  7.685 0.0000000000
29297  -45.153  -58.584  8.663 0.0000000000
30314  -44.602  -57.772  8.709 0.0000000000
