#!ascii label  , from subject MOT01 vox2ras=TkReg
1019
67531  -24.418  -25.842  3.117 0.4285714328
69904  -25.159  -23.606  2.284 0.2857142985
68668  -24.873  -24.094  1.883 0.4285714328
69890  -25.451  -23.410  3.023 0.4285714328
71102  -25.815  -22.324  2.548 0.4285714328
71116  -25.474  -22.535  1.401 0.2857142985
71117  -25.638  -22.379  1.974 0.4285714328
73371  -26.631  -20.825  2.299 0.4285714328
73396  -26.357  -20.804  -0.040 0.4285714328
73382  -26.504  -20.895  1.032 0.4285714328
73412  -26.895  -20.129  -0.629 0.4285714328
74488  -27.809  -19.327  -0.809 0.4285714328
75539  -27.592  -18.697  -2.169 0.5714285970
74506  -27.553  -19.453  -1.201 0.5714285970
75506  -28.372  -18.768  -0.813 0.4285714328
75507  -29.059  -18.102  -0.793 0.2857142985
75540  -28.294  -18.394  -2.114 0.7142857313
75524  -28.765  -18.362  -1.631 0.7142857313
76558  -30.154  -17.221  -2.552 0.7142857313
77663  -30.734  -16.531  -1.615 0.4285714328
76557  -29.114  -17.794  -2.542 0.7142857313
76537  -29.649  -17.798  -1.729 0.5714285970
77685  -31.357  -16.085  -2.541 0.5714285970
76571  -30.201  -16.953  -2.994 0.5714285970
77702  -30.738  -16.448  -3.015 0.5714285970
78805  -30.976  -15.551  -3.040 0.5714285970
78791  -31.714  -15.382  -2.455 0.5714285970
78792  -32.172  -15.070  -2.144 0.4285714328
81020  -31.331  -13.870  -2.864 0.5714285970
82064  -33.011  -13.420  -2.805 0.5714285970
81019  -29.990  -13.697  -3.283 0.7142857313
81021  -32.053  -13.439  -3.187 0.7142857313
82080  -32.632  -12.786  -3.243 0.7142857313
82081  -33.472  -12.128  -3.090 0.5714285970
79905  -28.344  -14.530  -3.088 0.5714285970
82078  -30.443  -12.759  -3.571 0.8571428657
83094  -32.786  -11.456  -3.421 0.7142857313
82077  -29.232  -12.489  -3.059 0.7142857313
84233  -32.116  -10.523  -3.729 0.7142857313
84234  -33.062  -10.460  -3.380 0.5714285970
83092  -30.788  -11.860  -3.877 0.7142857313
83109  -31.416  -10.793  -4.136 0.7142857313
85362  -31.766  -9.440  -3.697 0.5714285970
83108  -30.895  -11.120  -4.309 0.7142857313
85351  -33.035  -9.037  -2.756 0.5714285970
83107  -30.196  -11.141  -4.142 0.5714285970
84262  -30.537  -10.580  -4.411 0.7142857313
87507  -31.929  -7.149  -3.673 0.7142857313
86430  -32.480  -8.638  -3.237 0.7142857313
86439  -30.437  -8.669  -4.513 0.7142857313
86440  -31.162  -8.953  -4.133 0.7142857313
87519  -31.348  -7.858  -4.361 0.7142857313
89646  -31.615  -5.478  -3.389 0.7142857313
88596  -31.837  -6.229  -3.230 0.5714285970
87518  -30.532  -7.510  -4.622 0.7142857313
85373  -29.619  -9.516  -4.435 0.5714285970
90724  -31.898  -4.609  -2.812 0.5714285970
90740  -31.421  -4.547  -3.448 0.7142857313
90753  -31.022  -4.835  -4.078 0.7142857313
88610  -30.562  -6.408  -4.420 0.8571428657
89658  -30.557  -5.483  -4.387 0.7142857313
92960  -29.962  -2.656  -4.129 0.8571428657
92948  -30.931  -3.007  -3.141 0.5714285970
90752  -30.563  -4.498  -4.340 0.8571428657
90751  -29.820  -4.547  -4.771 0.8571428657
88609  -30.081  -6.190  -4.732 0.8571428657
94087  -29.248  -1.624  -4.368 0.8571428657
95180  -29.300  -0.620  -3.670 0.8571428657
96242  -28.608  0.486  -3.909 0.8571428657
91858  -30.249  -3.565  -4.245 0.8571428657
95188  -28.883  -0.914  -4.306 0.8571428657
95187  -28.326  -0.534  -4.576 1.0000000000
95179  -28.821  -0.281  -4.000 1.0000000000
92959  -29.383  -2.604  -4.540 0.8571428657
96251  -28.141  0.496  -4.441 1.0000000000
97271  -27.595  1.452  -4.345 1.0000000000
98368  -26.375  2.390  -5.276 0.7142857313
97272  -27.980  1.032  -4.448 1.0000000000
96250  -27.678  0.533  -4.807 1.0000000000
98353  -27.107  2.173  -4.456 1.0000000000
101709  -25.914  5.470  -4.741 1.0000000000
100671  -25.456  4.812  -6.049 0.8571428657
102663  -25.146  6.525  -5.730 0.8571428657
106502  -24.485  10.477  -6.349 0.8571428657
104603  -24.698  8.299  -6.204 0.8571428657
138257  -24.222  11.098  -7.384 0.8571428657
107365  -24.580  11.629  -6.748 0.8571428657
138265  -24.032  12.115  -7.919 0.7142857313
105586  -23.124  10.210  -8.189 0.5714285970
109099  -22.588  11.430  -7.790 0.7142857313
108225  -23.727  12.488  -7.969 0.5714285970
138256  -22.377  10.923  -6.475 0.5714285970
138258  -22.458  10.510  -7.808 0.5714285970
107348  -22.585  11.562  -5.731 0.4285714328
108204  -22.614  12.595  -5.717 0.4285714328
109065  -22.717  13.183  -6.086 0.4285714328
107338  -23.109  11.538  -3.597 0.2857142985
107327  -23.364  11.307  -2.809 0.2857142985
107337  -22.867  11.520  -4.725 0.2857142985
69916  -25.150  -23.400  1.632 0.2857142985
79908  -31.248  -14.890  -2.816 0.5714285970
91845  -31.198  -3.625  -3.201 0.5714285970
88611  -31.248  -6.604  -3.928 0.7142857313
89659  -31.089  -5.550  -3.963 0.7142857313
92947  -30.554  -2.628  -3.497 0.8571428657
94077  -30.155  -1.651  -3.540 0.8571428657
95181  -29.765  -0.955  -3.338 0.8571428657
96243  -29.022  0.155  -3.591 0.8571428657
99511  -26.620  3.258  -4.635 0.8571428657
106451  -24.928  10.593  -1.230 0.1428571492
69928  -25.079  -23.280  0.814 0.2857142985
71132  -25.415  -22.313  0.460 0.2857142985
72274  -25.645  -22.071  1.080 0.2857142985
74454  -27.535  -19.516  0.657 0.4285714328
72289  -25.823  -21.536  -0.506 0.2857142985
74487  -27.390  -19.698  -0.891 0.4285714328
72275  -25.921  -21.634  0.519 0.4285714328
74505  -27.046  -19.669  -1.445 0.5714285970
75523  -27.899  -19.043  -1.558 0.5714285970
76556  -27.969  -17.935  -2.528 0.2857142985
76570  -29.778  -17.208  -2.919 0.7142857313
77684  -30.756  -16.594  -2.331 0.4285714328
77701  -29.772  -16.511  -3.094 0.5714285970
79886  -33.480  -14.442  -1.980 0.4285714328
78803  -29.099  -15.507  -3.148 0.7142857313
79906  -29.515  -14.637  -3.272 0.7142857313
79893  -31.773  -14.667  -2.534 0.7142857313
81007  -32.531  -13.977  -2.572 0.5714285970
81008  -33.205  -13.669  -2.606 0.4285714328
82079  -31.530  -12.777  -3.558 0.7142857313
83093  -31.739  -11.622  -3.783 0.7142857313
81018  -28.761  -13.616  -3.110 0.5714285970
86424  -33.127  -7.996  -2.752 0.5714285970
83080  -29.326  -11.478  -2.224 0.5714285970
85364  -33.288  -9.744  -3.130 0.5714285970
85375  -31.143  -9.757  -4.178 0.7142857313
84248  -31.436  -10.206  -4.052 0.7142857313
87508  -32.532  -7.452  -3.121 0.5714285970
84246  -30.240  -10.453  -4.445 0.8571428657
91857  -29.524  -3.604  -4.755 1.0000000000
97261  -28.159  1.434  -3.871 1.0000000000
94100  -27.948  -1.597  -5.225 1.0000000000
97283  -26.572  1.446  -5.265 0.8571428657
99523  -26.151  3.351  -5.476 0.7142857313
100661  -25.806  4.879  -5.380 0.7142857313
100662  -26.249  4.373  -4.835 1.0000000000
99537  -25.732  3.350  -6.252 0.7142857313
101708  -25.476  5.618  -5.531 0.8571428657
104614  -24.460  8.570  -7.072 0.8571428657
103642  -24.919  7.448  -5.970 1.0000000000
103633  -25.358  7.361  -5.207 1.0000000000
138261  -23.960  10.487  -7.844 0.7142857313
109098  -22.465  12.022  -7.180 0.7142857313
108171  -23.170  12.208  -4.390 0.2857142985
108184  -22.901  12.670  -5.119 0.4285714328
109081  -22.911  12.783  -7.520 0.4285714328
107339  -23.481  11.839  -3.019 0.2857142985
77682  -28.385  -17.138  -2.857 0.4285714328
77700  -28.720  -16.303  -2.923 0.4285714328
108183  -22.644  12.141  -5.321 0.4285714328
108224  -22.366  11.818  -6.561 0.7142857313
108170  -22.830  12.153  -4.841 0.2857142985
68651  -24.535  -24.825  2.161 0.4285714328
68652  -24.958  -24.242  2.645 0.4285714328
68683  -24.907  -23.923  1.270 0.2857142985
68667  -24.543  -24.487  1.458 0.2857142985
71084  -25.671  -22.753  2.889 0.4285714328
71101  -25.434  -22.894  2.259 0.4285714328
69947  -25.007  -22.869  0.204 0.2857142985
72258  -25.933  -21.826  1.672 0.4285714328
73411  -26.533  -20.784  -0.889 0.2857142985
73397  -26.907  -20.120  0.365 0.4285714328
74468  -27.413  -19.639  -0.233 0.4285714328
73426  -26.755  -20.259  -1.109 0.4285714328
75522  -27.392  -19.184  -1.867 0.4285714328
77683  -29.217  -17.066  -2.967 0.5714285970
78804  -30.175  -15.620  -3.197 0.5714285970
79907  -30.574  -14.742  -3.067 0.5714285970
79885  -32.875  -14.590  -2.178 0.4285714328
82065  -33.530  -13.033  -2.571 0.5714285970
83091  -29.984  -11.520  -3.199 0.5714285970
85363  -32.639  -9.633  -3.381 0.5714285970
86429  -31.910  -8.255  -3.767 0.7142857313
84232  -29.718  -10.304  -3.399 0.7142857313
85374  -30.550  -9.656  -4.359 0.8571428657
91844  -30.794  -3.571  -3.735 0.8571428657
94088  -29.757  -1.939  -4.146 0.8571428657
89657  -29.973  -5.454  -4.774 0.8571428657
94086  -28.606  -1.600  -4.840 1.0000000000
97270  -27.007  1.241  -4.767 1.0000000000
138260  -24.331  10.466  -7.324 0.8571428657
138264  -23.610  11.590  -8.024 0.7142857313
138263  -22.276  11.478  -7.166 0.5714285970
138259  -22.194  10.926  -7.402 0.5714285970
106488  -22.720  10.609  -5.272 0.4285714328
109064  -22.515  12.652  -6.111 0.4285714328
106468  -23.755  10.507  -2.503 0.2857142985
106469  -24.380  10.858  -2.000 0.2857142985
71133  -25.644  -21.859  0.081 0.2857142985
100672  -25.979  4.183  -5.809 1.0000000000
109080  -22.489  12.486  -6.612 0.5714285970
111000  -23.824  15.662  -5.453 0.2857142985
110988  -24.308  15.815  -4.150 0.1428571492
110000  -23.329  14.322  -5.577 0.2857142985
109987  -24.286  14.811  -3.679 0.1428571492
110976  -24.421  15.961  -2.970 0.1428571492
108172  -23.797  12.522  -3.569 0.1428571492
109050  -23.174  13.396  -5.105 0.2857142985
109051  -23.821  13.773  -4.370 0.1428571492
111023  -22.924  16.076  -7.688 0.2857142985
110999  -23.150  15.090  -6.423 0.2857142985
111038  -25.746  15.397  -8.043 0.2857142985
111051  -23.777  15.312  -8.880 0.2857142985
109975  -24.650  14.670  -2.612 0.1428571492
110023  -24.073  14.084  -7.892 0.2857142985
111011  -22.772  15.188  -7.410 0.2857142985
109068  -26.623  13.288  -6.030 0.1428571492
110039  -24.344  14.547  -8.098 0.2857142985
110037  -23.124  14.824  -8.915 0.2857142985
110022  -22.859  14.191  -8.317 0.2857142985
110011  -22.911  14.145  -6.913 0.2857142985
107384  -28.896  12.087  -6.307 0.1428571492
108208  -27.454  12.708  -5.735 0.1428571492
109084  -25.980  13.953  -6.463 0.4285714328
109082  -23.770  13.224  -7.774 0.2857142985
106491  -26.444  10.533  -4.373 0.2857142985
109052  -25.515  12.459  -5.740 0.4285714328
108226  -24.315  12.444  -7.303 0.2857142985
106481  -28.130  10.277  -3.927 0.1428571492
107350  -26.874  11.697  -4.629 0.2857142985
108227  -24.832  12.603  -6.520 0.4285714328
106490  -25.128  10.365  -5.205 0.5714285970
108205  -24.732  12.205  -6.655 0.7142857313
104587  -27.873  8.399  -3.365 0.1428571492
106480  -27.376  10.021  -3.828 0.1428571492
108206  -25.121  12.117  -5.940 0.7142857313
103625  -28.445  7.684  -3.075 0.2857142985
103624  -27.457  7.249  -3.276 0.7142857313
106503  -24.772  10.696  -5.723 0.7142857313
102653  -25.613  6.429  -4.927 0.8571428657
104596  -26.237  8.212  -4.117 0.8571428657
105552  -24.992  9.148  -5.336 0.5714285970
102636  -28.463  6.120  -2.188 0.2857142985
103613  -28.025  6.883  -2.689 0.2857142985
105553  -25.905  9.300  -4.429 0.7142857313
104604  -25.081  8.210  -5.541 0.8571428657
102645  -26.763  6.359  -3.453 0.7142857313
102621  -29.174  5.759  -1.815 0.1428571492
92983  -26.930  -2.628  -6.435 0.5714285970
95199  -27.444  -0.350  -5.388 0.8571428657
95198  -27.040  -0.094  -5.707 0.8571428657
95214  -26.922  -0.891  -6.063 0.4285714328
96263  -26.865  0.602  -5.442 0.5714285970
100639  -26.868  3.784  -3.326 0.8571428657
100622  -28.910  3.948  -1.736 0.2857142985
101699  -26.829  4.770  -3.592 0.8571428657
102654  -26.168  6.355  -4.168 0.8571428657
104595  -25.558  8.258  -4.800 0.8571428657
100623  -29.779  4.354  -1.324 0.4285714328
101688  -27.800  5.118  -2.450 0.7142857313
102634  -26.985  5.997  -3.021 0.7142857313
91879  -26.518  -3.635  -7.090 0.2857142985
94099  -27.327  -1.516  -5.772 0.5714285970
95186  -27.848  -0.125  -4.836 0.8571428657
99499  -27.112  3.048  -3.826 0.8571428657
100651  -26.579  4.121  -3.854 0.8571428657
101698  -26.535  5.297  -3.878 0.8571428657
99489  -28.293  3.137  -2.220 0.4285714328
99488  -27.636  2.962  -2.804 0.8571428657
100652  -26.877  4.418  -3.324 0.8571428657
99475  -29.627  3.219  -1.252 0.4285714328
86449  -27.623  -8.851  -5.530 0.7142857313
87540  -27.228  -7.611  -6.090 0.4285714328
86437  -28.762  -8.769  -5.298 0.7142857313
88621  -28.954  -6.304  -5.698 0.8571428657
88637  -28.172  -6.699  -6.053 0.5714285970
90781  -27.541  -4.601  -6.896 0.5714285970
89683  -26.919  -5.354  -7.011 0.4285714328
90767  -29.204  -4.645  -5.307 0.8571428657
90782  -28.179  -4.661  -6.474 0.5714285970
91880  -27.387  -3.574  -6.640 0.5714285970
91856  -28.996  -3.276  -5.006 0.8571428657
92969  -28.243  -2.512  -5.450 0.7142857313
91867  -28.025  -3.183  -6.130 0.5714285970
96230  -29.346  0.370  -2.956 0.7142857313
96229  -28.912  0.725  -3.322 0.7142857313
98345  -28.103  1.926  -3.480 0.7142857313
98329  -27.877  2.399  -3.078 0.8571428657
97237  -30.353  1.073  -0.942 0.2857142985
97235  -29.313  1.055  -2.306 0.4285714328
98312  -29.176  1.985  -2.052 0.5714285970
84218  -29.077  -10.411  -2.206 0.4285714328
85359  -28.173  -9.656  -4.680 0.4285714328
85396  -27.065  -9.283  -5.928 0.4285714328
87517  -29.883  -7.110  -4.913 0.7142857313
87529  -29.163  -7.615  -5.393 0.7142857313
88622  -29.494  -6.489  -5.272 0.7142857313
91869  -29.010  -3.946  -5.362 0.8571428657
95167  -30.130  -0.717  -2.732 0.7142857313
96215  -30.165  0.220  -1.915 0.2857142985
96231  -29.797  0.014  -2.583 0.5714285970
95166  -29.684  -0.370  -3.062 0.5714285970
83079  -28.358  -11.310  -2.123 0.4285714328
82092  -27.245  -11.897  -4.201 0.5714285970
85360  -28.698  -9.415  -4.116 0.5714285970
85371  -27.925  -9.503  -5.108 0.5714285970
92932  -31.257  -2.775  -2.463 0.4285714328
95150  -30.630  -0.700  -1.975 0.4285714328
84235  -33.679  -10.260  -3.000 0.4285714328
90725  -32.273  -4.648  -2.219 0.4285714328
91813  -32.430  -3.797  -1.595 0.4285714328
91828  -31.655  -3.698  -2.534 0.4285714328
75490  -28.597  -18.532  0.076 0.1428571492
87496  -32.944  -7.204  -2.458 0.4285714328
88581  -32.597  -6.440  -2.326 0.4285714328
89615  -32.819  -5.576  -1.698 0.4285714328
75491  -29.177  -17.871  0.226 0.1428571492
76522  -29.748  -17.182  -0.703 0.1428571492
78779  -32.432  -15.099  -1.806 0.2857142985
83070  -35.535  -11.955  -1.942 0.2857142985
85344  -35.547  -9.481  -0.815 0.2857142985
84209  -34.751  -10.061  -1.776 0.2857142985
82051  -34.631  -13.246  -2.152 0.4285714328
86409  -34.762  -8.327  -1.191 0.2857142985
85342  -34.345  -9.196  -1.862 0.2857142985
83082  -34.912  -11.131  -2.067 0.2857142985
87477  -34.373  -7.456  -1.092 0.2857142985
87476  -33.846  -7.473  -1.524 0.4285714328
76508  -29.661  -17.273  0.594 0.1428571492
77649  -30.619  -16.416  -0.613 0.2857142985
78764  -31.323  -15.878  -0.685 0.2857142985
79865  -34.203  -14.488  -0.476 0.2857142985
81001  -36.030  -13.382  -1.704 0.2857142985
82041  -35.225  -13.522  -1.963 0.2857142985
79878  -34.082  -14.220  -1.530 0.2857142985
82052  -35.619  -13.071  -2.091 0.2857142985
78734  -32.742  -15.478  1.176 0.2857142985
77633  -30.640  -16.341  0.691 0.2857142985
78750  -33.236  -14.939  -0.044 0.2857142985
78749  -31.989  -15.498  -0.026 0.2857142985
79864  -33.440  -14.561  -0.984 0.2857142985
72243  -26.219  -21.721  2.796 0.2857142985
74445  -27.771  -19.427  1.512 0.1428571492
73383  -27.087  -20.042  1.407 0.2857142985
74446  -28.562  -18.917  2.071 0.1428571492
68639  -24.603  -25.118  2.980 0.2857142985
68622  -25.714  -25.057  4.197 0.1428571492
66477  -24.068  -26.638  2.576 0.2857142985
65337  -24.062  -27.392  2.644 0.1428571492
77648  -30.059  -16.733  0.198 0.1428571492
78733  -31.856  -15.712  1.085 0.2857142985
82053  -36.320  -12.784  -1.431 0.2857142985
80990  -35.128  -13.901  -1.685 0.2857142985
84210  -35.372  -10.571  -1.456 0.2857142985
83095  -33.606  -11.141  -2.955 0.4285714328
85352  -33.672  -9.549  -2.513 0.4285714328
86408  -34.198  -8.168  -1.564 0.2857142985
88561  -34.035  -6.857  -1.038 0.2857142985
87541  -27.900  -7.758  -5.721 0.7142857313
88559  -33.052  -6.190  -1.716 0.4285714328
91868  -28.496  -3.585  -5.724 0.5714285970
92931  -30.833  -2.433  -2.792 0.4285714328
95151  -31.169  -0.780  -1.364 0.2857142985
96216  -30.759  0.090  -1.198 0.2857142985
97236  -29.716  1.129  -1.656 0.5714285970
98330  -28.424  2.129  -2.849 0.7142857313
105573  -24.416  9.695  -7.390 0.5714285970
105560  -24.598  9.252  -6.180 0.7142857313
103612  -27.565  6.691  -2.927 0.5714285970
106479  -26.696  9.594  -3.934 0.4285714328
108207  -26.625  13.005  -5.587 0.1428571492
111022  -22.662  15.496  -8.310 0.2857142985
68640  -25.344  -24.473  3.499 0.1428571492
67565  -24.209  -25.129  1.743 0.2857142985
71085  -26.273  -22.569  3.562 0.1428571492
75477  -28.809  -18.388  1.026 0.1428571492
76497  -29.887  -17.327  1.559 0.1428571492
77609  -30.972  -16.889  2.293 0.1428571492
77664  -31.337  -16.161  -1.953 0.2857142985
78766  -32.666  -15.021  -1.027 0.2857142985
80992  -36.472  -13.396  -0.724 0.2857142985
83071  -36.343  -11.527  -0.945 0.2857142985
84217  -28.007  -10.521  -2.677 0.5714285970
80999  -33.593  -13.998  -2.273 0.2857142985
80989  -34.496  -13.826  -1.933 0.2857142985
84259  -26.913  -9.968  -5.920 0.2857142985
87458  -34.740  -7.469  -0.571 0.2857142985
89605  -33.765  -5.621  -0.789 0.2857142985
86463  -28.282  -8.428  -5.453 0.7142857313
88635  -26.531  -6.352  -6.871 0.4285714328
89616  -33.321  -5.614  -1.297 0.4285714328
90780  -26.831  -4.585  -7.187 0.5714285970
90712  -33.080  -5.028  -1.265 0.2857142985
88597  -32.237  -6.650  -3.042 0.4285714328
89685  -28.132  -5.641  -6.293 0.7142857313
92982  -26.214  -2.573  -7.100 0.2857142985
91802  -32.845  -3.875  -0.934 0.1428571492
92911  -31.818  -2.807  -1.703 0.4285714328
95129  -31.676  -0.980  -0.685 0.1428571492
98354  -27.493  1.955  -4.187 0.8571428657
96214  -29.633  0.540  -2.256 0.5714285970
98313  -30.138  2.081  -0.873 0.2857142985
99474  -28.822  2.765  -1.996 0.5714285970
100641  -28.051  4.052  -2.273 0.7142857313
103634  -25.906  7.315  -4.476 0.8571428657
101673  -30.356  5.216  -1.496 0.2857142985
102622  -29.971  5.865  -1.833 0.1428571492
108185  -23.396  12.905  -4.514 0.2857142985
101672  -29.443  5.053  -1.606 0.4285714328
102637  -29.536  6.466  -2.196 0.1428571492
105545  -26.600  8.895  -3.866 0.5714285970
103614  -28.961  7.058  -2.617 0.1428571492
105547  -28.200  9.436  -3.576 0.1428571492
109037  -24.421  13.655  -3.312 0.1428571492
104588  -28.849  8.623  -3.361 0.1428571492
109083  -24.784  13.421  -6.774 0.2857142985
109053  -25.776  12.655  -5.603 0.2857142985
107351  -27.930  11.791  -4.974 0.1428571492
107368  -28.675  11.859  -5.729 0.1428571492
108209  -28.202  12.402  -5.828 0.1428571492
111025  -25.629  14.982  -7.542 0.2857142985
110025  -26.415  14.745  -7.249 0.2857142985
110026  -27.210  14.325  -7.245 0.1428571492
109100  -27.609  13.933  -7.264 0.1428571492
71062  -26.923  -22.871  4.244 0.1428571492
84211  -36.034  -10.332  -0.722 0.2857142985
98314  -30.437  1.654  -0.682 0.2857142985
108241  -28.647  12.680  -7.386 0.1428571492
111039  -26.584  15.580  -8.365 0.2857142985
67548  -24.157  -25.841  2.401 0.2857142985
69891  -25.891  -23.612  3.684 0.1428571492
71061  -26.531  -22.941  4.046 0.1428571492
72227  -26.491  -21.788  3.312 0.1428571492
73359  -26.614  -21.281  3.146 0.1428571492
74469  -28.011  -19.144  -0.042 0.1428571492
76538  -30.280  -17.097  -1.773 0.2857142985
77650  -31.173  -16.128  -1.293 0.2857142985
78778  -31.833  -15.592  -2.095 0.2857142985
85372  -28.633  -9.269  -5.027 0.5714285970
85361  -29.271  -9.515  -3.694 0.4285714328
91829  -32.042  -4.043  -2.213 0.4285714328
86438  -29.499  -8.393  -5.046 0.7142857313
97249  -28.645  1.244  -3.371 0.7142857313
95200  -27.773  -0.814  -5.144 0.8571428657
92958  -28.817  -2.535  -4.965 0.8571428657
97260  -27.828  1.697  -3.980 0.8571428657
94061  -30.594  -1.654  -2.673 0.4285714328
74455  -28.180  -18.942  0.895 0.1428571492
79877  -33.167  -14.633  -1.651 0.2857142985
86425  -33.607  -8.419  -2.100 0.4285714328
92968  -27.622  -2.526  -5.904 0.5714285970
89672  -29.397  -5.505  -5.298 0.8571428657
110001  -23.878  14.905  -4.626 0.2857142985
111012  -23.424  15.985  -6.776 0.2857142985
111024  -25.258  15.007  -7.794 0.2857142985
112082  -23.416  15.724  -9.024 0.2857142985
110038  -23.735  14.682  -8.580 0.2857142985
110024  -25.065  14.568  -7.396 0.2857142985
111035  -22.809  15.137  -8.826 0.2857142985
109067  -25.907  13.166  -5.833 0.2857142985
109085  -27.129  13.682  -6.622 0.1428571492
108229  -28.423  12.636  -6.538 0.1428571492
108188  -27.189  12.232  -5.058 0.1428571492
109086  -27.855  13.373  -6.864 0.1428571492
106492  -27.583  10.932  -4.220 0.1428571492
107366  -24.907  11.179  -5.783 0.5714285970
107349  -25.771  11.560  -5.143 0.4285714328
106493  -28.655  10.769  -4.548 0.1428571492
105546  -27.258  9.122  -3.544 0.1428571492
108187  -26.411  12.477  -5.264 0.2857142985
104586  -26.991  8.199  -3.618 0.4285714328
103623  -26.600  7.281  -3.856 0.7142857313
102635  -27.507  6.112  -2.649 0.5714285970
101671  -28.591  5.026  -1.905 0.4285714328
95213  -26.426  -0.269  -6.215 0.4285714328
94119  -26.766  -1.798  -6.435 0.4285714328
99500  -27.400  2.888  -3.371 0.8571428657
100640  -27.250  4.122  -2.816 0.8571428657
101687  -27.140  5.208  -3.187 0.8571428657
84260  -27.275  -9.957  -5.554 0.5714285970
86461  -27.242  -8.670  -5.830 0.4285714328
87528  -28.726  -7.179  -5.716 0.7142857313
89671  -28.763  -5.585  -5.772 0.7142857313
88636  -27.308  -6.558  -6.404 0.4285714328
89684  -27.438  -5.538  -6.686 0.5714285970
91881  -28.071  -3.870  -6.562 0.5714285970
90766  -28.634  -4.679  -5.830 0.7142857313
98331  -28.866  1.828  -2.570 0.7142857313
84230  -27.966  -10.136  -3.969 0.5714285970
83106  -27.470  -10.949  -4.820 0.5714285970
94062  -30.923  -2.054  -2.245 0.4285714328
84220  -34.291  -10.494  -2.355 0.2857142985
89630  -32.418  -5.459  -2.212 0.4285714328
90711  -32.706  -4.681  -1.570 0.4285714328
91812  -32.041  -3.481  -1.910 0.4285714328
87497  -33.360  -7.396  -2.036 0.4285714328
78765  -31.811  -15.607  -1.333 0.2857142985
85343  -35.045  -9.377  -1.386 0.2857142985
83081  -34.417  -11.990  -2.474 0.2857142985
83069  -35.090  -12.600  -2.205 0.2857142985
88560  -33.569  -6.516  -1.402 0.4285714328
75468  -29.060  -18.282  1.634 0.1428571492
75478  -29.332  -17.838  1.215 0.1428571492
78748  -31.103  -15.880  0.004 0.2857142985
79879  -35.103  -14.285  -1.005 0.2857142985
77620  -30.098  -17.017  1.477 0.1428571492
67511  -25.615  -25.788  4.152 0.1428571492
66465  -24.943  -26.662  3.699 0.1428571492
94045  -31.360  -1.848  -1.574 0.2857142985
109029  -24.698  13.533  -2.502 0.1428571492
68641  -25.985  -24.220  4.055 0.1428571492
71086  -27.226  -22.175  4.152 0.1428571492
108163  -24.400  12.804  -2.767 0.1428571492
103641  -24.541  7.600  -6.759 0.5714285970
101731  -24.532  5.072  -6.913 0.4285714328
101716  -24.499  6.201  -6.838 0.4285714328
102677  -24.350  6.796  -7.174 0.5714285970
101717  -24.800  5.617  -6.387 0.4285714328
102662  -24.694  6.698  -6.464 0.5714285970
98381  -25.432  2.508  -6.765 0.4285714328
100687  -25.554  4.079  -6.421 0.4285714328
99536  -25.148  3.420  -6.924 0.4285714328
100686  -24.954  4.489  -6.763 0.5714285970
96276  -26.306  0.756  -6.027 0.5714285970
86373  -35.648  -8.582  0.798 0.1428571492
86392  -35.043  -8.097  -0.578 0.1428571492
87459  -35.075  -7.497  -0.021 0.1428571492
75538  -26.900  -19.120  -2.056 0.2857142985
85296  -35.806  -9.667  1.944 0.1428571492
85314  -36.064  -9.580  0.944 0.1428571492
86336  -35.451  -8.873  2.736 0.1428571492
86331  -35.413  -9.041  3.700 0.1428571492
74515  -26.505  -19.254  -1.840 0.2857142985
82028  -36.880  -12.803  0.369 0.1428571492
84178  -36.558  -11.298  0.640 0.1428571492
83060  -36.510  -11.356  -0.364 0.1428571492
84177  -36.301  -10.514  1.239 0.1428571492
84132  -35.530  -10.717  4.177 0.1428571492
84163  -35.938  -10.560  2.215 0.1428571492
85211  -37.366  -9.921  6.596 0.1428571492
86307  -35.717  -9.494  5.408 0.1428571492
87365  -36.783  -8.832  6.280 0.1428571492
74504  -26.271  -19.647  -1.633 0.2857142985
74503  -25.533  -19.805  -1.553 0.2857142985
79846  -35.339  -14.450  0.649 0.1428571492
79847  -36.115  -14.351  0.820 0.1428571492
80980  -36.251  -13.916  -0.436 0.1428571492
79866  -35.141  -14.367  -0.211 0.1428571492
80981  -36.549  -13.659  -0.068 0.1428571492
81998  -36.821  -12.781  2.200 0.1428571492
82010  -37.017  -12.839  1.333 0.1428571492
82993  -36.170  -11.983  3.428 0.1428571492
83025  -36.703  -12.232  1.708 0.1428571492
82977  -35.690  -11.431  4.539 0.1428571492
82924  -36.763  -11.421  6.860 0.1428571492
84058  -37.650  -11.066  7.084 0.1428571492
85235  -36.128  -9.841  6.024 0.1428571492
73424  -25.913  -20.485  -1.550 0.2857142985
72298  -24.908  -21.255  -1.330 0.2857142985
72288  -25.101  -21.768  -0.859 0.2857142985
79824  -34.620  -14.728  1.416 0.1428571492
79825  -35.574  -14.518  1.563 0.1428571492
79826  -36.305  -14.313  1.671 0.1428571492
80934  -36.805  -13.357  2.699 0.1428571492
80962  -37.091  -13.582  0.982 0.1428571492
81970  -36.157  -12.555  4.167 0.1428571492
82943  -36.171  -11.557  6.393 0.1428571492
81946  -36.039  -12.728  5.298 0.1428571492
84078  -38.894  -10.531  6.750 0.1428571492
84077  -37.956  -10.447  6.857 0.1428571492
77623  -32.139  -16.043  1.713 0.1428571492
78719  -33.677  -15.553  2.313 0.1428571492
77611  -32.914  -16.284  2.563 0.1428571492
78721  -35.878  -14.618  2.335 0.1428571492
78698  -34.643  -15.564  3.235 0.1428571492
79791  -36.741  -14.460  4.058 0.1428571492
79808  -36.462  -14.567  2.620 0.1428571492
80893  -36.392  -13.580  4.670 0.1428571492
81923  -37.417  -12.472  7.427 0.1428571492
81935  -36.105  -12.600  6.332 0.1428571492
82926  -38.031  -11.703  7.307 0.1428571492
77622  -31.307  -16.277  1.598 0.1428571492
77595  -35.296  -16.145  3.820 0.1428571492
78699  -35.854  -15.282  3.188 0.1428571492
78677  -36.929  -15.320  4.671 0.1428571492
78678  -37.106  -16.050  4.522 0.1428571492
79768  -36.562  -14.514  5.163 0.1428571492
79756  -36.453  -14.592  6.254 0.1428571492
81922  -36.655  -12.186  6.978 0.1428571492
77571  -34.750  -16.979  4.132 0.1428571492
77594  -34.236  -16.348  3.696 0.1428571492
78697  -33.875  -15.957  3.230 0.1428571492
77573  -36.726  -16.766  4.532 0.1428571492
77572  -35.770  -16.922  4.251 0.1428571492
78701  -37.030  -16.109  4.188 0.1428571492
79743  -36.647  -14.932  7.174 0.1428571492
77521  -36.782  -16.011  6.275 0.1428571492
77596  -36.321  -16.127  3.882 0.1428571492
78720  -35.026  -14.895  2.424 0.1428571492
78700  -36.934  -15.436  3.641 0.1428571492
79809  -36.862  -14.167  2.865 0.1428571492
79880  -35.631  -14.238  -0.636 0.1428571492
82927  -39.079  -11.612  7.152 0.1428571492
85213  -38.882  -9.790  6.355 0.1428571492
84057  -37.066  -11.124  6.933 0.1428571492
82992  -35.776  -11.386  3.719 0.1428571492
84098  -36.005  -10.731  6.092 0.1428571492
80865  -36.601  -13.539  7.181 0.1428571492
80866  -37.768  -13.408  7.784 0.1428571492
84099  -39.382  -10.125  6.325 0.1428571492
98382  -25.895  2.487  -6.044 0.4285714328
85236  -38.602  -9.271  6.205 0.1428571492
85210  -36.657  -10.222  6.498 0.1428571492
85212  -38.177  -9.702  6.509 0.1428571492
87398  -35.439  -8.385  4.533 0.1428571492
87366  -37.319  -8.459  6.248 0.1428571492
87439  -35.270  -7.599  0.748 0.1428571492
88544  -34.384  -6.591  -0.410 0.1428571492
103654  -24.225  7.745  -7.590 0.4285714328
104627  -24.203  8.758  -8.023 0.4285714328
110041  -27.531  14.855  -8.071 0.1428571492
72299  -25.576  -21.239  -1.356 0.2857142985
85331  -35.926  -9.507  -0.024 0.1428571492
79845  -34.491  -14.588  0.418 0.1428571492
78718  -32.717  -16.033  2.068 0.1428571492
78735  -33.758  -14.958  0.929 0.1428571492
82043  -36.611  -12.778  -0.617 0.1428571492
90701  -33.498  -4.832  -0.771 0.1428571492
90700  -33.086  -4.469  -0.984 0.1428571492
84195  -36.421  -10.770  0.055 0.1428571492
86393  -35.425  -8.480  -0.144 0.1428571492
86352  -35.529  -8.745  1.756 0.1428571492
85277  -35.483  -9.807  2.898 0.1428571492
84148  -35.635  -10.752  3.173 0.1428571492
85265  -35.364  -9.931  3.878 0.1428571492
87422  -35.269  -7.773  1.682 0.1428571492
87415  -35.392  -7.924  2.646 0.1428571492
86325  -35.485  -9.244  4.609 0.1428571492
83044  -36.704  -12.082  0.916 0.1428571492
84196  -36.570  -11.280  0.174 0.1428571492
84164  -36.419  -11.406  1.666 0.1428571492
85253  -35.469  -10.049  4.781 0.1428571492
82957  -35.735  -11.283  5.502 0.1428571492
84149  -36.058  -11.240  2.503 0.1428571492
86308  -36.194  -9.056  5.954 0.1428571492
79848  -36.691  -14.120  0.883 0.1428571492
80946  -36.922  -13.504  1.941 0.1428571492
81985  -36.553  -12.697  3.085 0.1428571492
79827  -36.841  -14.095  1.798 0.1428571492
81969  -35.855  -11.976  4.413 0.1428571492
81934  -35.821  -11.955  5.781 0.1428571492
80918  -36.626  -13.492  3.565 0.1428571492
80879  -36.240  -13.615  5.845 0.1428571492
77610  -32.060  -16.667  2.607 0.1428571492
77593  -33.116  -16.704  3.338 0.1428571492
78629  -36.851  -15.890  5.896 0.1428571492
77597  -36.835  -16.121  4.029 0.1428571492
65335  -22.776  -27.089  2.798 0.1428571492
66476  -23.657  -26.454  2.263 0.1428571492
66463  -22.422  -26.718  2.880 0.1428571492
66475  -22.746  -26.335  2.330 0.1428571492
67547  -23.802  -25.990  2.143 0.1428571492
66487  -23.303  -26.117  2.038 0.1428571492
68681  -24.052  -24.073  0.497 0.1428571492
68680  -23.646  -23.815  0.519 0.1428571492
69926  -23.969  -23.210  0.045 0.1428571492
69927  -24.583  -23.445  0.312 0.1428571492
71147  -25.158  -22.226  -0.196 0.1428571492
69925  -23.223  -23.383  0.595 0.1428571492
71131  -23.400  -22.503  0.169 0.1428571492
69945  -24.319  -22.654  -0.177 0.1428571492
71146  -24.610  -22.209  -0.373 0.1428571492
73408  -22.908  -20.552  -0.354 0.1428571492
73409  -23.866  -20.694  -0.756 0.1428571492
74502  -24.599  -19.713  -1.387 0.1428571492
74486  -24.171  -20.192  -1.073 0.1428571492
75520  -25.278  -19.071  -1.724 0.2857142985
75521  -25.809  -19.339  -1.716 0.1428571492
75537  -26.100  -18.833  -1.973 0.1428571492
76555  -26.883  -18.133  -2.388 0.1428571492
75536  -25.190  -18.288  -2.138 0.2857142985
77681  -27.337  -17.166  -2.760 0.2857142985
81016  -26.647  -13.577  -3.029 0.4285714328
82076  -28.154  -12.790  -2.429 0.4285714328
82061  -27.536  -12.023  -2.617 0.4285714328
97293  -25.675  1.658  -6.654 0.2857142985
97294  -26.116  1.623  -5.957 0.2857142985
100695  -23.712  4.713  -7.878 0.2857142985
101730  -24.249  5.690  -7.354 0.2857142985
102688  -23.997  6.779  -7.937 0.4285714328
73423  -25.183  -20.558  -1.488 0.1428571492
75519  -24.331  -18.568  -1.821 0.1428571492
68665  -23.309  -24.431  1.140 0.1428571492
72285  -22.842  -21.287  0.127 0.1428571492
74485  -23.612  -19.706  -1.001 0.1428571492
74501  -23.968  -19.214  -1.502 0.1428571492
76553  -24.990  -17.355  -2.455 0.2857142985
76554  -25.854  -17.858  -2.409 0.2857142985
77679  -25.648  -17.254  -2.649 0.2857142985
77680  -26.309  -17.210  -2.721 0.2857142985
77699  -27.691  -16.282  -3.024 0.2857142985
78802  -27.816  -15.303  -3.240 0.4285714328
79918  -26.965  -14.718  -3.474 0.4285714328
81030  -26.116  -13.595  -4.237 0.2857142985
94118  -26.320  -1.403  -6.717 0.2857142985
95212  -25.770  0.105  -6.673 0.2857142985
96275  -25.886  0.972  -6.526 0.2857142985
96285  -25.435  0.677  -7.256 0.2857142985
97303  -25.210  1.632  -7.351 0.2857142985
99547  -24.003  3.560  -7.959 0.2857142985
77698  -26.620  -16.274  -3.142 0.2857142985
94117  -25.766  -0.944  -7.006 0.2857142985
98391  -24.317  2.465  -8.036 0.2857142985
96284  -24.959  0.862  -7.874 0.2857142985
97302  -24.643  1.569  -7.992 0.2857142985
98392  -24.888  2.457  -7.412 0.2857142985
79904  -27.222  -14.414  -3.018 0.4285714328
81017  -27.617  -13.669  -2.553 0.4285714328
69946  -24.616  -22.803  -0.066 0.1428571492
68666  -24.099  -24.737  1.127 0.1428571492
67564  -23.622  -25.573  1.838 0.1428571492
100685  -24.345  4.557  -7.347 0.2857142985
99548  -24.590  3.146  -7.499 0.2857142985
73410  -24.495  -20.684  -1.223 0.1428571492
72287  -24.361  -21.521  -0.761 0.1428571492
67563  -22.917  -25.432  1.799 0.1428571492
72273  -22.942  -21.900  0.273 0.1428571492
72286  -23.491  -21.542  -0.223 0.1428571492
75535  -24.608  -17.920  -2.173 0.2857142985
79903  -26.626  -14.037  -3.635 0.4285714328
78801  -27.105  -15.562  -3.371 0.4285714328
97312  -23.910  1.494  -8.538 0.2857142985
82091  -26.480  -12.561  -4.168 0.2857142985
83118  -27.213  -10.352  -5.452 0.2857142985
113070  -26.217  18.310  -10.431 0.1428571492
113076  -26.857  18.148  -11.493 0.1428571492
113068  -25.009  17.493  -10.072 0.1428571492
112084  -25.154  16.923  -9.676 0.1428571492
111053  -25.966  16.363  -8.943 0.1428571492
113063  -27.248  18.007  -9.492 0.1428571492
112058  -23.927  16.922  -7.689 0.1428571492
112046  -25.566  17.190  -5.908 0.1428571492
83117  -26.823  -10.720  -5.562 0.2857142985
111068  -26.346  16.497  -9.820 0.1428571492
112107  -26.442  17.763  -11.332 0.1428571492
112095  -25.333  17.473  -10.253 0.1428571492
112085  -25.864  16.775  -9.793 0.1428571492
111037  -24.587  15.018  -8.318 0.1428571492
112070  -23.708  16.630  -8.592 0.1428571492
111052  -24.821  16.013  -8.662 0.1428571492
113049  -24.778  17.881  -8.715 0.1428571492
112059  -24.998  17.473  -6.991 0.1428571492
112045  -24.451  16.708  -6.033 0.1428571492
112083  -24.073  16.392  -8.904 0.1428571492
82074  -26.508  -13.001  -3.413 0.2857142985
113061  -25.428  18.225  -9.502 0.1428571492
113062  -26.579  18.232  -9.243 0.1428571492
113075  -26.060  17.999  -11.016 0.1428571492
113059  -24.120  16.975  -8.948 0.1428571492
112072  -26.993  17.634  -8.245 0.1428571492
113048  -24.219  17.288  -8.642 0.1428571492
112096  -26.170  17.279  -10.557 0.1428571492
95232  -24.897  -1.105  -8.175 0.1428571492
95222  -25.365  -0.470  -7.500 0.1428571492
96295  -25.043  -0.046  -8.127 0.1428571492
98400  -23.607  2.483  -8.578 0.1428571492
97319  -21.769  1.839  -9.037 0.1428571492
98398  -22.120  2.768  -8.983 0.1428571492
94136  -25.952  -1.892  -7.615 0.1428571492
99553  -21.144  3.283  -8.127 0.1428571492
100701  -22.197  4.123  -8.372 0.1428571492
100693  -21.938  4.905  -8.078 0.2857142985
87539  -26.567  -7.463  -6.564 0.2857142985
91893  -25.836  -3.670  -7.697 0.1428571492
94135  -25.417  -1.460  -7.860 0.1428571492
95231  -24.395  -0.776  -8.636 0.1428571492
99546  -23.422  4.010  -8.441 0.1428571492
101741  -23.532  5.763  -8.079 0.1428571492
101740  -22.728  5.783  -7.846 0.2857142985
102686  -22.418  6.851  -7.735 0.2857142985
104602  -22.160  8.856  -6.310 0.2857142985
104594  -22.041  8.712  -5.221 0.2857142985
105559  -22.211  9.819  -5.833 0.2857142985
105536  -24.273  10.092  -1.844 0.1428571492
103662  -23.697  7.846  -8.227 0.2857142985
103661  -22.843  7.918  -8.394 0.2857142985
105587  -23.861  9.650  -8.092 0.2857142985
104625  -22.891  8.953  -7.926 0.2857142985
103653  -21.821  7.986  -6.738 0.2857142985
105585  -22.682  9.765  -7.732 0.2857142985
106477  -22.681  10.436  -3.974 0.1428571492
104584  -22.062  8.558  -4.167 0.2857142985
107328  -24.024  11.797  -2.361 0.1428571492
107313  -24.684  11.387  -1.801 0.1428571492
103640  -21.596  7.786  -5.702 0.1428571492
103639  -21.093  7.176  -4.977 0.1428571492
101739  -21.895  5.654  -7.162 0.2857142985
105550  -22.385  9.576  -4.702 0.2857142985
105544  -23.111  9.571  -3.052 0.1428571492
99545  -20.723  3.322  -7.318 0.2857142985
104585  -22.557  8.414  -3.315 0.1428571492
105522  -24.169  9.330  -1.152 0.1428571492
104577  -23.229  8.363  -2.524 0.1428571492
98366  -21.505  2.374  -5.211 0.1428571492
97216  -30.900  0.727  -0.485 0.1428571492
90793  -26.137  -4.633  -7.701 0.1428571492
93018  -25.100  -2.855  -8.841 0.1428571492
100624  -30.683  4.215  -0.810 0.1428571492
94153  -24.958  -2.031  -8.455 0.1428571492
95230  -23.608  -0.581  -8.835 0.1428571492
95229  -22.814  -0.499  -8.601 0.1428571492
96293  -23.387  0.464  -8.912 0.1428571492
97310  -22.273  1.335  -8.930 0.1428571492
99556  -23.371  3.260  -8.638 0.1428571492
100694  -22.913  4.739  -8.346 0.1428571492
100692  -21.183  4.366  -7.229 0.2857142985
102676  -21.685  6.835  -6.760 0.1428571492
103660  -22.131  7.966  -7.694 0.2857142985
102661  -21.487  7.334  -6.263 0.1428571492
105535  -23.893  9.273  -2.135 0.1428571492
99476  -30.376  3.116  -0.663 0.1428571492
105572  -22.442  10.002  -7.026 0.2857142985
106478  -23.012  10.698  -3.048 0.1428571492
89699  -26.305  -5.666  -7.391 0.1428571492
96197  -31.330  -0.036  -0.559 0.1428571492
104626  -23.427  8.926  -8.316 0.2857142985
96294  -24.341  0.443  -8.518 0.1428571492
94152  -24.388  -1.779  -8.654 0.1428571492
97311  -23.058  1.509  -9.068 0.1428571492
98399  -22.863  2.576  -9.101 0.1428571492
99554  -21.823  3.396  -8.568 0.1428571492
99555  -22.687  3.570  -8.695 0.1428571492
100699  -21.090  3.783  -7.751 0.1428571492
92998  -25.336  -3.186  -8.531 0.1428571492
102687  -23.210  6.836  -8.168 0.2857142985
103632  -21.550  7.794  -4.624 0.1428571492
104613  -22.477  8.911  -7.265 0.2857142985
107329  -24.641  11.923  -1.825 0.1428571492
105543  -22.556  9.313  -3.826 0.2857142985
101729  -21.314  5.899  -6.494 0.1428571492
76551  -22.885  -17.230  -2.163 0.1428571492
76568  -24.426  -16.821  -2.512 0.1428571492
77696  -24.440  -16.145  -2.915 0.1428571492
77676  -22.306  -16.650  -2.280 0.1428571492
79892  -22.061  -15.064  -2.762 0.1428571492
78798  -23.096  -14.939  -3.024 0.1428571492
79901  -23.478  -14.415  -3.559 0.1428571492
78800  -24.497  -15.270  -3.444 0.1428571492
77710  -25.843  -15.668  -3.414 0.1428571492
79914  -23.881  -14.008  -4.067 0.1428571492
79916  -25.608  -14.381  -4.156 0.1428571492
78815  -26.709  -15.013  -3.592 0.1428571492
81029  -25.128  -13.539  -4.390 0.1428571492
81014  -22.803  -13.606  -3.599 0.1428571492
81028  -24.210  -13.484  -4.317 0.1428571492
83104  -25.971  -11.737  -4.889 0.1428571492
84258  -26.268  -10.168  -6.091 0.1428571492
84267  -26.355  -9.683  -6.269 0.1428571492
101738  -21.058  5.175  -6.589 0.1428571492
77709  -25.104  -15.734  -3.301 0.1428571492
77711  -26.488  -15.470  -3.477 0.1428571492
76534  -22.289  -17.562  -1.644 0.1428571492
77662  -21.826  -16.865  -1.827 0.1428571492
78790  -23.281  -15.957  -2.963 0.1428571492
86460  -26.614  -8.493  -6.324 0.1428571492
81015  -26.452  -13.390  -3.759 0.1428571492
77678  -23.931  -16.595  -2.596 0.1428571492
76552  -23.941  -17.386  -2.073 0.1428571492
77697  -25.467  -16.546  -2.922 0.1428571492
77695  -23.689  -16.143  -2.868 0.1428571492
77677  -23.228  -16.542  -2.625 0.1428571492
78787  -21.212  -15.020  -2.185 0.1428571492
78799  -23.649  -15.405  -3.107 0.1428571492
79902  -24.052  -14.837  -3.463 0.1428571492
79915  -24.496  -14.425  -4.003 0.1428571492
78813  -25.273  -15.093  -3.756 0.1428571492
82073  -23.091  -12.942  -3.906 0.1428571492
78814  -26.068  -14.973  -3.724 0.1428571492
81013  -22.079  -13.493  -3.169 0.1428571492
65324  -24.427  -27.493  3.127 0.1428571492
66464  -24.421  -26.677  3.146 0.2857142985
66486  -23.152  -25.921  1.927 0.1428571492
67532  -25.004  -25.770  3.697 0.1428571492
68682  -24.597  -24.067  0.827 0.1428571492
71145  -24.035  -22.297  -0.246 0.1428571492
71148  -25.487  -21.982  -0.068 0.2857142985
72257  -25.665  -22.136  1.383 0.2857142985
72300  -26.210  -21.039  -1.310 0.2857142985
73425  -26.452  -20.326  -1.318 0.4285714328
74516  -26.691  -19.439  -1.765 0.2857142985
76488  -29.991  -17.517  2.068 0.1428571492
76498  -30.148  -17.276  1.990 0.1428571492
76523  -30.315  -16.796  -1.246 0.2857142985
76550  -22.497  -17.141  -2.037 0.1428571492
76569  -24.828  -16.709  -2.676 0.1428571492
77621  -30.409  -16.890  1.748 0.1428571492
77632  -30.077  -16.889  1.063 0.1428571492
77634  -31.329  -15.851  0.699 0.2857142985
77703  -31.310  -15.838  -2.819 0.5714285970
78628  -36.654  -15.492  6.436 0.1428571492
78651  -36.737  -15.327  5.589 0.1428571492
78751  -33.909  -14.712  0.203 0.2857142985
78789  -22.676  -15.613  -2.879 0.1428571492
78806  -31.426  -15.340  -2.720 0.5714285970
78816  -27.167  -15.127  -3.471 0.4285714328
79867  -35.986  -14.171  -0.099 0.1428571492
79868  -36.389  -14.106  0.362 0.1428571492
79894  -32.207  -14.753  -2.283 0.7142857313
79917  -26.371  -14.429  -3.842 0.1428571492
80991  -36.094  -13.814  -1.062 0.2857142985
80998  -33.051  -14.264  -2.386 0.4285714328
81000  -35.658  -13.570  -1.760 0.2857142985
81006  -31.895  -14.183  -2.551 0.5714285970
81027  -23.505  -13.533  -4.002 0.1428571492
81924  -38.401  -12.522  7.527 0.1428571492
81945  -35.769  -12.013  4.946 0.1428571492
82040  -34.904  -13.660  -1.959 0.2857142985
82042  -36.447  -13.228  -1.013 0.2857142985
82054  -36.497  -12.314  -0.963 0.1428571492
82062  -27.859  -12.027  -2.426 0.4285714328
82063  -28.569  -12.010  -2.386 0.4285714328
82075  -27.075  -12.395  -2.873 0.4285714328
82925  -37.246  -11.639  7.167 0.1428571492
82942  -35.848  -11.499  5.960 0.1428571492
82958  -35.887  -11.247  6.024 0.1428571492
82978  -35.907  -11.876  4.040 0.1428571492
83010  -35.977  -11.483  3.047 0.1428571492
83011  -36.450  -11.957  2.521 0.1428571492
83061  -36.646  -11.777  -0.087 0.1428571492
83072  -36.577  -12.106  -0.694 0.1428571492
83078  -27.643  -11.571  -2.576 0.4285714328
83090  -27.536  -11.246  -3.512 0.5714285970
83119  -30.550  -10.936  -4.382 0.5714285970
83120  -30.661  -10.796  -4.415 0.7142857313
84056  -36.845  -11.161  6.819 0.1428571492
84059  -38.343  -11.035  7.114 0.1428571492
84075  -36.655  -10.951  6.681 0.1428571492
84076  -37.230  -10.603  6.800 0.1428571492
84079  -39.634  -10.702  6.501 0.1428571492
84097  -35.736  -10.734  5.542 0.1428571492
84115  -35.593  -10.736  5.014 0.1428571492
84219  -29.778  -10.822  -2.475 0.7142857313
84221  -34.840  -10.574  -1.935 0.2857142985
84231  -28.767  -9.760  -3.153 0.5714285970
84245  -27.633  -10.007  -5.067 0.5714285970
84247  -30.849  -10.436  -4.366 0.7142857313
84261  -30.407  -10.790  -4.417 0.7142857313
84268  -26.535  -9.832  -6.172 0.1428571492
85234  -35.725  -10.244  5.503 0.1428571492
85386  -27.007  -9.546  -5.962 0.4285714328
85387  -27.435  -9.404  -5.561 0.4285714328
85388  -27.985  -9.243  -5.234 0.5714285970
85395  -26.700  -9.381  -6.161 0.1428571492
86287  -36.728  -9.475  6.377 0.1428571492
86288  -37.408  -9.187  6.424 0.1428571492
86289  -38.035  -8.880  6.301 0.1428571492
86410  -35.204  -8.732  -0.865 0.2857142985
86450  -28.132  -8.846  -5.339 0.7142857313
86451  -28.718  -8.369  -5.401 0.5714285970
86462  -27.893  -8.429  -5.516 0.7142857313
87380  -35.729  -8.692  5.334 0.1428571492
87381  -36.429  -8.229  5.867 0.1428571492
87542  -28.438  -7.983  -5.541 0.7142857313
88543  -33.979  -6.256  -0.764 0.2857142985
88580  -32.163  -6.047  -2.684 0.4285714328
88582  -33.083  -6.760  -1.975 0.4285714328
88652  -26.146  -6.316  -7.184 0.2857142985
89629  -32.083  -5.395  -2.802 0.4285714328
90739  -31.051  -4.192  -3.807 0.7142857313
91892  -25.343  -3.682  -8.257 0.1428571492
92999  -25.708  -2.884  -8.064 0.1428571492
93019  -25.408  -2.817  -8.468 0.1428571492
94044  -30.891  -1.419  -1.935 0.4285714328
94076  -29.651  -1.355  -3.807 0.8571428657
94154  -25.477  -2.308  -8.296 0.1428571492
96249  -27.295  0.816  -4.901 1.0000000000
96264  -27.305  0.322  -5.270 1.0000000000
96291  -22.027  0.949  -8.553 0.1428571492
97250  -28.934  1.329  -2.764 0.5714285970
97309  -21.685  1.516  -8.664 0.1428571492
97320  -22.014  1.794  -9.167 0.1428571492
97321  -22.503  1.881  -9.205 0.1428571492
98288  -30.572  2.165  -0.546 0.1428571492
98311  -28.811  2.297  -2.294 0.5714285970
98343  -27.321  2.485  -4.007 0.8571428657
98344  -27.667  2.202  -3.682 0.8571428657
98407  -21.589  1.974  -8.934 0.1428571492
98408  -21.807  2.186  -9.103 0.1428571492
98409  -22.255  2.252  -9.211 0.1428571492
99487  -27.229  3.357  -3.210 0.8571428657
99535  -24.651  3.845  -7.319 0.2857142985
100604  -31.002  3.325  -0.542 0.1428571492
100700  -21.553  3.994  -8.066 0.1428571492
101686  -26.789  5.713  -3.329 0.8571428657
102646  -27.259  6.487  -3.072 0.7142857313
105551  -24.731  9.373  -5.702 0.7142857313
105561  -24.795  8.721  -5.775 0.8571428657
106489  -24.689  9.731  -5.688 0.7142857313
107367  -28.087  12.214  -5.523 0.1428571492
108186  -25.719  12.277  -5.479 0.4285714328
108203  -22.461  12.235  -6.001 0.4285714328
108228  -27.739  13.109  -6.407 0.1428571492
108230  -28.986  12.158  -6.611 0.1428571492
109066  -25.348  12.745  -6.049 0.5714285970
110040  -26.630  15.246  -7.820 0.2857142985
110055  -23.297  15.071  -9.079 0.2857142985
110056  -23.442  14.906  -8.973 0.2857142985
111036  -24.013  14.931  -8.712 0.2857142985
111050  -23.136  15.310  -9.113 0.2857142985
112057  -23.064  16.305  -8.305 0.1428571492
112069  -22.982  15.986  -9.026 0.2857142985
112086  -27.192  17.943  -9.043 0.1428571492
112108  -27.020  17.327  -11.770 0.1428571492
113039  -24.398  17.523  -8.254 0.1428571492
113040  -24.793  17.778  -7.895 0.1428571492
113051  -26.390  17.968  -8.475 0.1428571492
113060  -24.698  17.449  -9.436 0.1428571492
113069  -25.327  17.921  -10.424 0.1428571492
138262  -24.209  11.796  -7.598 0.7142857313
