#!ascii label  , from subject MOT01 vox2ras=TkReg
403
78791  -31.714  -15.382  -2.455 0.0000000000
85359  -28.173  -9.656  -4.680 0.0000000000
101717  -24.800  5.617  -6.387 0.0000000000
97270  -27.007  1.241  -4.767 0.0000000000
91858  -30.249  -3.565  -4.245 0.0000000000
85351  -33.035  -9.037  -2.756 0.0000000000
102688  -23.997  6.779  -7.937 0.0000000000
95187  -28.326  -0.534  -4.576 0.0000000000
90782  -28.179  -4.661  -6.474 0.0000000000
82077  -29.232  -12.489  -3.059 0.0000000000
85375  -31.143  -9.757  -4.178 0.0000000000
82081  -33.472  -12.128  -3.090 0.0000000000
74505  -27.046  -19.669  -1.445 0.0000000000
78803  -29.099  -15.507  -3.148 0.0000000000
107348  -22.585  11.562  -5.731 0.0000000000
109099  -22.588  11.430  -7.790 0.0000000000
138260  -24.331  10.466  -7.324 0.0000000000
104604  -25.081  8.210  -5.541 0.0000000000
102654  -26.168  6.355  -4.168 0.0000000000
99523  -26.151  3.351  -5.476 0.0000000000
100652  -26.877  4.418  -3.324 0.0000000000
98330  -28.424  2.129  -2.849 0.0000000000
96231  -29.797  0.014  -2.583 0.0000000000
92932  -31.257  -2.775  -2.463 0.0000000000
87529  -29.163  -7.615  -5.393 0.0000000000
89646  -31.615  -5.478  -3.389 0.0000000000
91880  -27.387  -3.574  -6.640 0.0000000000
89683  -26.919  -5.354  -7.011 0.0000000000
81020  -31.331  -13.870  -2.864 0.0000000000
82079  -31.530  -12.777  -3.558 0.0000000000
81007  -32.531  -13.977  -2.572 0.0000000000
69890  -25.451  -23.410  3.023 0.0000000000
71117  -25.638  -22.379  1.974 0.0000000000
73382  -26.504  -20.895  1.032 0.0000000000
79904  -27.222  -14.414  -3.018 0.0000000000
78801  -27.105  -15.562  -3.371 0.0000000000
138261  -23.960  10.487  -7.844 0.0000000000
101716  -24.499  6.201  -6.838 0.0000000000
103641  -24.541  7.600  -6.759 0.0000000000
102663  -25.146  6.525  -5.730 0.0000000000
103634  -25.906  7.315  -4.476 0.0000000000
101708  -25.476  5.618  -5.531 0.0000000000
98368  -26.375  2.390  -5.276 0.0000000000
99511  -26.620  3.258  -4.635 0.0000000000
99499  -27.112  3.048  -3.826 0.0000000000
99488  -27.636  2.962  -2.804 0.0000000000
97260  -27.828  1.697  -3.980 0.0000000000
92959  -29.383  -2.604  -4.540 0.0000000000
95180  -29.300  -0.620  -3.670 0.0000000000
94077  -30.155  -1.651  -3.540 0.0000000000
95150  -30.630  -0.700  -1.975 0.0000000000
92948  -30.931  -3.007  -3.141 0.0000000000
85396  -27.065  -9.283  -5.928 0.0000000000
87541  -27.900  -7.758  -5.721 0.0000000000
86437  -28.762  -8.769  -5.298 0.0000000000
85362  -31.766  -9.440  -3.697 0.0000000000
87519  -31.348  -7.858  -4.361 0.0000000000
87508  -32.532  -7.452  -3.121 0.0000000000
89630  -32.418  -5.459  -2.212 0.0000000000
87497  -33.360  -7.396  -2.036 0.0000000000
74488  -27.809  -19.327  -0.809 0.0000000000
75539  -27.592  -18.697  -2.169 0.0000000000
75524  -28.765  -18.362  -1.631 0.0000000000
76557  -29.114  -17.794  -2.542 0.0000000000
95214  -26.922  -0.891  -6.063 0.0000000000
95186  -27.848  -0.125  -4.836 0.0000000000
94099  -27.327  -1.516  -5.772 0.0000000000
92969  -28.243  -2.512  -5.450 0.0000000000
91869  -29.010  -3.946  -5.362 0.0000000000
84218  -29.077  -10.411  -2.206 0.0000000000
85373  -29.619  -9.516  -4.435 0.0000000000
83107  -30.196  -11.141  -4.142 0.0000000000
83109  -31.416  -10.793  -4.136 0.0000000000
84234  -33.062  -10.460  -3.380 0.0000000000
73397  -26.907  -20.120  0.365 0.0000000000
82092  -27.245  -11.897  -4.201 0.0000000000
82076  -28.154  -12.790  -2.429 0.0000000000
81018  -28.761  -13.616  -3.110 0.0000000000
78804  -30.175  -15.620  -3.197 0.0000000000
109065  -22.717  13.183  -6.086 0.0000000000
138256  -22.377  10.923  -6.475 0.0000000000
138263  -22.276  11.478  -7.166 0.0000000000
108225  -23.727  12.488  -7.969 0.0000000000
108205  -24.732  12.205  -6.655 0.0000000000
107366  -24.907  11.179  -5.783 0.0000000000
104614  -24.460  8.570  -7.072 0.0000000000
105560  -24.598  9.252  -6.180 0.0000000000
106490  -25.128  10.365  -5.205 0.0000000000
105553  -25.905  9.300  -4.429 0.0000000000
105545  -26.600  8.895  -3.866 0.0000000000
103624  -27.457  7.249  -3.276 0.0000000000
100687  -25.554  4.079  -6.421 0.0000000000
101709  -25.914  5.470  -4.741 0.0000000000
101698  -26.535  5.297  -3.878 0.0000000000
103612  -27.565  6.691  -2.927 0.0000000000
101688  -27.800  5.118  -2.450 0.0000000000
99475  -29.627  3.219  -1.252 0.0000000000
96242  -28.608  0.486  -3.909 0.0000000000
97235  -29.313  1.055  -2.306 0.0000000000
88636  -27.308  -6.558  -6.404 0.0000000000
89671  -28.763  -5.585  -5.772 0.0000000000
89657  -29.973  -5.454  -4.774 0.0000000000
86439  -30.437  -8.669  -4.513 0.0000000000
88610  -30.562  -6.408  -4.420 0.0000000000
90753  -31.022  -4.835  -4.078 0.0000000000
90724  -31.898  -4.609  -2.812 0.0000000000
91813  -32.430  -3.797  -1.595 0.0000000000
77682  -28.385  -17.138  -2.857 0.0000000000
76571  -30.201  -16.953  -2.994 0.0000000000
77664  -31.337  -16.161  -1.953 0.0000000000
79908  -31.248  -14.890  -2.816 0.0000000000
79893  -31.773  -14.667  -2.534 0.0000000000
79885  -32.875  -14.590  -2.178 0.0000000000
78792  -32.172  -15.070  -2.144 0.0000000000
71084  -25.671  -22.753  2.889 0.0000000000
71101  -25.434  -22.894  2.259 0.0000000000
71102  -25.815  -22.324  2.548 0.0000000000
101731  -24.532  5.072  -6.913 0.0000000000
102662  -24.694  6.698  -6.464 0.0000000000
96263  -26.865  0.602  -5.442 0.0000000000
96276  -26.306  0.756  -6.027 0.0000000000
97283  -26.572  1.446  -5.265 0.0000000000
98353  -27.107  2.173  -4.456 0.0000000000
98354  -27.493  1.955  -4.187 0.0000000000
97271  -27.595  1.452  -4.345 0.0000000000
94088  -29.757  -1.939  -4.146 0.0000000000
92960  -29.962  -2.656  -4.129 0.0000000000
92947  -30.554  -2.628  -3.497 0.0000000000
84260  -27.275  -9.957  -5.554 0.0000000000
86449  -27.623  -8.851  -5.530 0.0000000000
85371  -27.925  -9.503  -5.108 0.0000000000
86430  -32.480  -8.638  -3.237 0.0000000000
86424  -33.127  -7.996  -2.752 0.0000000000
87496  -32.944  -7.204  -2.458 0.0000000000
86425  -33.607  -8.419  -2.100 0.0000000000
87476  -33.846  -7.473  -1.524 0.0000000000
75506  -28.372  -18.768  -0.813 0.0000000000
94119  -26.766  -1.798  -6.435 0.0000000000
92983  -26.930  -2.628  -6.435 0.0000000000
91881  -28.071  -3.870  -6.562 0.0000000000
91867  -28.025  -3.183  -6.130 0.0000000000
91868  -28.496  -3.585  -5.724 0.0000000000
90766  -28.634  -4.679  -5.830 0.0000000000
83080  -29.326  -11.478  -2.224 0.0000000000
84232  -29.718  -10.304  -3.399 0.0000000000
83091  -29.984  -11.520  -3.199 0.0000000000
82080  -32.632  -12.786  -3.243 0.0000000000
83093  -31.739  -11.622  -3.783 0.0000000000
83094  -32.786  -11.456  -3.421 0.0000000000
84233  -32.116  -10.523  -3.729 0.0000000000
83095  -33.606  -11.141  -2.955 0.0000000000
68668  -24.873  -24.094  1.883 0.0000000000
68651  -24.535  -24.825  2.161 0.0000000000
74454  -27.535  -19.516  0.657 0.0000000000
82061  -27.536  -12.023  -2.617 0.0000000000
79905  -28.344  -14.530  -3.088 0.0000000000
79906  -29.515  -14.637  -3.272 0.0000000000
108183  -22.644  12.141  -5.321 0.0000000000
108184  -22.901  12.670  -5.119 0.0000000000
108204  -22.614  12.595  -5.717 0.0000000000
109064  -22.515  12.652  -6.111 0.0000000000
138258  -22.458  10.510  -7.808 0.0000000000
138259  -22.194  10.926  -7.402 0.0000000000
109098  -22.465  12.022  -7.180 0.0000000000
138264  -23.610  11.590  -8.024 0.0000000000
138257  -24.222  11.098  -7.384 0.0000000000
107365  -24.580  11.629  -6.748 0.0000000000
108206  -25.121  12.117  -5.940 0.0000000000
106502  -24.485  10.477  -6.349 0.0000000000
103654  -24.225  7.745  -7.590 0.0000000000
104603  -24.698  8.299  -6.204 0.0000000000
105552  -24.992  9.148  -5.336 0.0000000000
106491  -26.444  10.533  -4.373 0.0000000000
104596  -26.237  8.212  -4.117 0.0000000000
103623  -26.600  7.281  -3.856 0.0000000000
104586  -26.991  8.199  -3.618 0.0000000000
98382  -25.895  2.487  -6.044 0.0000000000
98381  -25.432  2.508  -6.765 0.0000000000
99537  -25.732  3.350  -6.252 0.0000000000
100661  -25.806  4.879  -5.380 0.0000000000
100672  -25.979  4.183  -5.809 0.0000000000
100651  -26.579  4.121  -3.854 0.0000000000
101699  -26.829  4.770  -3.592 0.0000000000
102634  -26.985  5.997  -3.021 0.0000000000
101687  -27.140  5.208  -3.187 0.0000000000
102635  -27.507  6.112  -2.649 0.0000000000
100641  -28.051  4.052  -2.273 0.0000000000
99489  -28.293  3.137  -2.220 0.0000000000
100622  -28.910  3.948  -1.736 0.0000000000
99474  -28.822  2.765  -1.996 0.0000000000
96251  -28.141  0.496  -4.441 0.0000000000
95179  -28.821  -0.281  -4.000 0.0000000000
95166  -29.684  -0.370  -3.062 0.0000000000
96230  -29.346  0.370  -2.956 0.0000000000
96214  -29.633  0.540  -2.256 0.0000000000
97236  -29.716  1.129  -1.656 0.0000000000
94062  -30.923  -2.054  -2.245 0.0000000000
92911  -31.818  -2.807  -1.703 0.0000000000
88635  -26.531  -6.352  -6.871 0.0000000000
87528  -28.726  -7.179  -5.716 0.0000000000
88637  -28.172  -6.699  -6.053 0.0000000000
88621  -28.954  -6.304  -5.698 0.0000000000
89672  -29.397  -5.505  -5.298 0.0000000000
88622  -29.494  -6.489  -5.272 0.0000000000
85374  -30.550  -9.656  -4.359 0.0000000000
88611  -31.248  -6.604  -3.928 0.0000000000
87518  -30.532  -7.510  -4.622 0.0000000000
89658  -30.557  -5.483  -4.387 0.0000000000
89659  -31.089  -5.550  -3.963 0.0000000000
90740  -31.421  -4.547  -3.448 0.0000000000
89615  -32.819  -5.576  -1.698 0.0000000000
90725  -32.273  -4.648  -2.219 0.0000000000
90711  -32.706  -4.681  -1.570 0.0000000000
76537  -29.649  -17.798  -1.729 0.0000000000
76570  -29.778  -17.208  -2.919 0.0000000000
76558  -30.154  -17.221  -2.552 0.0000000000
77684  -30.756  -16.594  -2.331 0.0000000000
77663  -30.734  -16.531  -1.615 0.0000000000
90780  -26.831  -4.585  -7.187 0.0000000000
90781  -27.541  -4.601  -6.896 0.0000000000
82078  -30.443  -12.759  -3.571 0.0000000000
81021  -32.053  -13.439  -3.187 0.0000000000
82064  -33.011  -13.420  -2.805 0.0000000000
82065  -33.530  -13.033  -2.571 0.0000000000
81008  -33.205  -13.669  -2.606 0.0000000000
79886  -33.480  -14.442  -1.980 0.0000000000
68652  -24.958  -24.242  2.645 0.0000000000
72275  -25.921  -21.634  0.519 0.0000000000
72258  -25.933  -21.826  1.672 0.0000000000
73371  -26.631  -20.825  2.299 0.0000000000
81016  -26.647  -13.577  -3.029 0.0000000000
79903  -26.626  -14.037  -3.635 0.0000000000
79918  -26.965  -14.718  -3.474 0.0000000000
78802  -27.816  -15.303  -3.240 0.0000000000
105586  -23.124  10.210  -8.189 0.0000000000
105573  -24.416  9.695  -7.390 0.0000000000
102677  -24.350  6.796  -7.174 0.0000000000
103642  -24.919  7.448  -5.970 0.0000000000
104595  -25.558  8.258  -4.800 0.0000000000
103633  -25.358  7.361  -5.207 0.0000000000
102653  -25.613  6.429  -4.927 0.0000000000
100639  -26.868  3.784  -3.326 0.0000000000
100640  -27.250  4.122  -2.816 0.0000000000
99500  -27.400  2.888  -3.371 0.0000000000
98329  -27.877  2.399  -3.078 0.0000000000
98345  -28.103  1.926  -3.480 0.0000000000
94086  -28.606  -1.600  -4.840 0.0000000000
95188  -28.883  -0.914  -4.306 0.0000000000
94087  -29.248  -1.624  -4.368 0.0000000000
95181  -29.765  -0.955  -3.338 0.0000000000
95167  -30.130  -0.717  -2.732 0.0000000000
94061  -30.594  -1.654  -2.673 0.0000000000
92931  -30.833  -2.433  -2.792 0.0000000000
87540  -27.228  -7.611  -6.090 0.0000000000
86461  -27.242  -8.670  -5.830 0.0000000000
86463  -28.282  -8.428  -5.453 0.0000000000
86440  -31.162  -8.953  -4.133 0.0000000000
86429  -31.910  -8.255  -3.767 0.0000000000
87507  -31.929  -7.149  -3.673 0.0000000000
88596  -31.837  -6.229  -3.230 0.0000000000
88597  -32.237  -6.650  -3.042 0.0000000000
88581  -32.597  -6.440  -2.326 0.0000000000
88559  -33.052  -6.190  -1.716 0.0000000000
89616  -33.321  -5.614  -1.297 0.0000000000
88560  -33.569  -6.516  -1.402 0.0000000000
74487  -27.390  -19.698  -0.891 0.0000000000
75522  -27.392  -19.184  -1.867 0.0000000000
74506  -27.553  -19.453  -1.201 0.0000000000
75523  -27.899  -19.043  -1.558 0.0000000000
75540  -28.294  -18.394  -2.114 0.0000000000
95213  -26.426  -0.269  -6.215 0.0000000000
95198  -27.040  -0.094  -5.707 0.0000000000
96250  -27.678  0.533  -4.807 0.0000000000
95199  -27.444  -0.350  -5.388 0.0000000000
95200  -27.773  -0.814  -5.144 0.0000000000
94100  -27.948  -1.597  -5.225 0.0000000000
92968  -27.622  -2.526  -5.904 0.0000000000
92958  -28.817  -2.535  -4.965 0.0000000000
91856  -28.996  -3.276  -5.006 0.0000000000
91857  -29.524  -3.604  -4.755 0.0000000000
84230  -27.966  -10.136  -3.969 0.0000000000
85360  -28.698  -9.415  -4.116 0.0000000000
85361  -29.271  -9.515  -3.694 0.0000000000
84246  -30.240  -10.453  -4.445 0.0000000000
84262  -30.537  -10.580  -4.411 0.0000000000
83092  -30.788  -11.860  -3.877 0.0000000000
83108  -30.895  -11.120  -4.309 0.0000000000
84248  -31.436  -10.206  -4.052 0.0000000000
85363  -32.639  -9.633  -3.381 0.0000000000
85364  -33.288  -9.744  -3.130 0.0000000000
85352  -33.672  -9.549  -2.513 0.0000000000
84235  -33.679  -10.260  -3.000 0.0000000000
82051  -34.631  -13.246  -2.152 0.0000000000
67531  -24.418  -25.842  3.117 0.0000000000
73426  -26.755  -20.259  -1.109 0.0000000000
73396  -26.357  -20.804  -0.040 0.0000000000
73412  -26.895  -20.129  -0.629 0.0000000000
74468  -27.413  -19.639  -0.233 0.0000000000
83106  -27.470  -10.949  -4.820 0.0000000000
84217  -28.007  -10.521  -2.677 0.0000000000
83079  -28.358  -11.310  -2.123 0.0000000000
81017  -27.617  -13.669  -2.553 0.0000000000
81019  -29.990  -13.697  -3.283 0.0000000000
79907  -30.574  -14.742  -3.067 0.0000000000
78805  -30.976  -15.551  -3.040 0.0000000000
108171  -23.170  12.208  -4.390 0.0000000000
106488  -22.720  10.609  -5.272 0.0000000000
108224  -22.366  11.818  -6.561 0.0000000000
109080  -22.489  12.486  -6.612 0.0000000000
109081  -22.911  12.783  -7.520 0.0000000000
138265  -24.032  12.115  -7.919 0.0000000000
108226  -24.315  12.444  -7.303 0.0000000000
108227  -24.832  12.603  -6.520 0.0000000000
109052  -25.515  12.459  -5.740 0.0000000000
107349  -25.771  11.560  -5.143 0.0000000000
104627  -24.203  8.758  -8.023 0.0000000000
106503  -24.772  10.696  -5.723 0.0000000000
106479  -26.696  9.594  -3.934 0.0000000000
99536  -25.148  3.420  -6.924 0.0000000000
100686  -24.954  4.489  -6.763 0.0000000000
100671  -25.456  4.812  -6.049 0.0000000000
100662  -26.249  4.373  -4.835 0.0000000000
102645  -26.763  6.359  -3.453 0.0000000000
101671  -28.591  5.026  -1.905 0.0000000000
101672  -29.443  5.053  -1.606 0.0000000000
100623  -29.779  4.354  -1.324 0.0000000000
97272  -27.980  1.032  -4.448 0.0000000000
97261  -28.159  1.434  -3.871 0.0000000000
97249  -28.645  1.244  -3.371 0.0000000000
96243  -29.022  0.155  -3.591 0.0000000000
96229  -28.912  0.725  -3.322 0.0000000000
98331  -28.866  1.828  -2.570 0.0000000000
98312  -29.176  1.985  -2.052 0.0000000000
89684  -27.438  -5.538  -6.686 0.0000000000
89685  -28.132  -5.641  -6.293 0.0000000000
90767  -29.204  -4.645  -5.307 0.0000000000
90751  -29.820  -4.547  -4.771 0.0000000000
85372  -28.633  -9.269  -5.027 0.0000000000
86438  -29.499  -8.393  -5.046 0.0000000000
87517  -29.883  -7.110  -4.913 0.0000000000
88609  -30.081  -6.190  -4.732 0.0000000000
90752  -30.563  -4.498  -4.340 0.0000000000
91844  -30.794  -3.571  -3.735 0.0000000000
91845  -31.198  -3.625  -3.201 0.0000000000
91828  -31.655  -3.698  -2.534 0.0000000000
91829  -32.042  -4.043  -2.213 0.0000000000
91812  -32.041  -3.481  -1.910 0.0000000000
77699  -27.691  -16.282  -3.024 0.0000000000
77700  -28.720  -16.303  -2.923 0.0000000000
77683  -29.217  -17.066  -2.967 0.0000000000
77701  -29.772  -16.511  -3.094 0.0000000000
77702  -30.738  -16.448  -3.015 0.0000000000
77685  -31.357  -16.085  -2.541 0.0000000000
73425  -26.452  -20.326  -1.318 0.0000000000
77703  -31.310  -15.838  -2.819 0.0000000000
78806  -31.426  -15.340  -2.720 0.0000000000
78815  -26.709  -15.013  -3.592 0.0000000000
78816  -27.167  -15.127  -3.471 0.0000000000
79894  -32.207  -14.753  -2.283 0.0000000000
80998  -33.051  -14.264  -2.386 0.0000000000
81006  -31.895  -14.183  -2.551 0.0000000000
82062  -27.859  -12.027  -2.426 0.0000000000
82063  -28.569  -12.010  -2.386 0.0000000000
82075  -27.075  -12.395  -2.873 0.0000000000
83078  -27.643  -11.571  -2.576 0.0000000000
83090  -27.536  -11.246  -3.512 0.0000000000
83119  -30.550  -10.936  -4.382 0.0000000000
83120  -30.661  -10.796  -4.415 0.0000000000
84219  -29.778  -10.822  -2.475 0.0000000000
84231  -28.767  -9.760  -3.153 0.0000000000
84245  -27.633  -10.007  -5.067 0.0000000000
84247  -30.849  -10.436  -4.366 0.0000000000
84261  -30.407  -10.790  -4.417 0.0000000000
85386  -27.007  -9.546  -5.962 0.0000000000
85387  -27.435  -9.404  -5.561 0.0000000000
85388  -27.985  -9.243  -5.234 0.0000000000
86450  -28.132  -8.846  -5.339 0.0000000000
86451  -28.718  -8.369  -5.401 0.0000000000
86462  -27.893  -8.429  -5.516 0.0000000000
87542  -28.438  -7.983  -5.541 0.0000000000
88580  -32.163  -6.047  -2.684 0.0000000000
88582  -33.083  -6.760  -1.975 0.0000000000
89629  -32.083  -5.395  -2.802 0.0000000000
90739  -31.051  -4.192  -3.807 0.0000000000
94044  -30.891  -1.419  -1.935 0.0000000000
94076  -29.651  -1.355  -3.807 0.0000000000
96249  -27.295  0.816  -4.901 0.0000000000
96264  -27.305  0.322  -5.270 0.0000000000
97250  -28.934  1.329  -2.764 0.0000000000
98311  -28.811  2.297  -2.294 0.0000000000
98343  -27.321  2.485  -4.007 0.0000000000
98344  -27.667  2.202  -3.682 0.0000000000
99487  -27.229  3.357  -3.210 0.0000000000
101686  -26.789  5.713  -3.329 0.0000000000
101730  -24.249  5.690  -7.354 0.0000000000
102646  -27.259  6.487  -3.072 0.0000000000
105551  -24.731  9.373  -5.702 0.0000000000
105561  -24.795  8.721  -5.775 0.0000000000
106489  -24.689  9.731  -5.688 0.0000000000
108186  -25.719  12.277  -5.479 0.0000000000
108203  -22.461  12.235  -6.001 0.0000000000
109066  -25.348  12.745  -6.049 0.0000000000
138262  -24.209  11.796  -7.598 0.0000000000
