#!ascii label  , from subject MOT01 vox2ras=TkReg
1455
43601  10.795  -47.937  76.178 0.0000000000
73893  45.749  -21.049  56.483 0.0000000000
52980  30.741  -38.424  64.630 0.0000000000
52847  41.172  -39.009  70.147 0.0000000000
50734  22.634  -40.436  64.974 0.0000000000
45838  18.783  -44.637  76.440 0.0000000000
80038  54.568  -15.634  49.531 0.0000000000
78759  52.811  -16.056  57.846 0.0000000000
66148  42.679  -27.538  61.703 0.0000000000
83428  59.372  -12.474  41.420 0.0000000000
54026  27.685  -37.748  70.178 0.0000000000
44682  14.340  -45.887  76.254 0.0000000000
77622  54.442  -17.718  53.905 0.0000000000
76390  50.488  -18.506  52.284 0.0000000000
73822  44.761  -20.655  60.938 0.0000000000
77466  48.617  -17.929  62.482 0.0000000000
73854  41.288  -20.623  59.614 0.0000000000
56653  38.320  -35.658  63.246 0.0000000000
51784  35.649  -40.101  66.711 0.0000000000
50682  24.379  -40.091  70.029 0.0000000000
47108  23.597  -43.508  75.136 0.0000000000
47217  20.727  -43.665  69.944 0.0000000000
45948  15.463  -45.221  71.057 0.0000000000
55310  25.758  -37.534  65.533 0.0000000000
80020  59.282  -15.803  50.259 0.0000000000
78806  58.980  -16.828  54.824 0.0000000000
76310  49.272  -18.195  57.386 0.0000000000
70420  44.344  -23.393  63.922 0.0000000000
59108  42.626  -33.647  65.734 0.0000000000
82264  56.456  -14.149  44.736 0.0000000000
80095  61.762  -15.699  45.307 0.0000000000
80146  64.799  -15.109  41.517 0.0000000000
53987  26.180  -38.129  72.251 0.0000000000
43599  12.225  -47.065  76.361 0.0000000000
44655  13.903  -46.432  80.243 0.0000000000
43574  11.837  -47.699  79.885 0.0000000000
77667  50.456  -17.771  50.701 0.0000000000
76238  44.369  -19.479  64.422 0.0000000000
76222  46.095  -19.003  64.350 0.0000000000
39011  6.134  -50.976  79.388 0.0000000000
72742  40.988  -21.493  57.357 0.0000000000
54165  31.624  -37.850  62.502 0.0000000000
52997  34.638  -38.821  63.576 0.0000000000
52952  33.326  -39.518  65.796 0.0000000000
50714  23.772  -40.690  67.466 0.0000000000
49544  23.003  -42.390  70.552 0.0000000000
48447  21.095  -42.592  67.444 0.0000000000
52957  23.910  -38.622  64.945 0.0000000000
52888  25.228  -38.950  67.851 0.0000000000
45852  21.379  -44.508  75.954 0.0000000000
80022  57.026  -15.636  50.231 0.0000000000
78836  58.842  -16.521  52.826 0.0000000000
78856  57.141  -16.361  51.892 0.0000000000
77550  53.874  -17.559  56.235 0.0000000000
77548  55.588  -17.554  55.983 0.0000000000
73945  45.790  -21.306  53.309 0.0000000000
75192  48.438  -19.933  54.202 0.0000000000
75145  47.477  -19.609  56.803 0.0000000000
69374  41.333  -24.665  59.110 0.0000000000
71609  41.515  -22.780  60.974 0.0000000000
68304  43.851  -25.309  61.941 0.0000000000
54080  39.898  -38.042  66.046 0.0000000000
57880  40.716  -34.659  64.690 0.0000000000
55279  42.150  -36.547  67.697 0.0000000000
81215  53.474  -14.602  46.580 0.0000000000
82277  54.526  -13.453  44.794 0.0000000000
81192  56.062  -14.579  47.117 0.0000000000
81177  57.671  -14.671  47.644 0.0000000000
81303  63.700  -13.733  39.590 0.0000000000
80149  61.706  -14.712  41.467 0.0000000000
80112  62.863  -15.586  43.341 0.0000000000
81244  60.193  -14.614  42.810 0.0000000000
54065  29.322  -38.307  67.444 0.0000000000
52907  31.651  -38.787  67.698 0.0000000000
52851  30.692  -38.524  70.947 0.0000000000
45840  16.921  -45.291  75.758 0.0000000000
47057  18.548  -44.545  79.956 0.0000000000
45781  15.822  -45.074  80.185 0.0000000000
80040  52.989  -16.067  49.259 0.0000000000
78858  54.720  -16.507  51.381 0.0000000000
78860  52.092  -17.252  51.055 0.0000000000
77624  52.617  -18.191  53.546 0.0000000000
76344  51.838  -18.402  55.280 0.0000000000
73849  45.772  -20.843  58.815 0.0000000000
75121  47.366  -19.651  58.655 0.0000000000
75076  47.124  -19.532  61.774 0.0000000000
65053  40.834  -29.089  60.139 0.0000000000
55208  43.569  -37.057  71.097 0.0000000000
41416  8.513  -48.489  75.451 0.0000000000
41356  10.164  -49.463  79.952 0.0000000000
39009  8.088  -50.673  79.680 0.0000000000
72779  43.414  -22.218  55.243 0.0000000000
72740  43.171  -21.714  57.397 0.0000000000
73838  43.083  -20.603  60.315 0.0000000000
75068  42.995  -20.276  63.238 0.0000000000
56668  35.944  -35.991  62.289 0.0000000000
52948  37.417  -38.820  64.942 0.0000000000
50711  39.218  -40.571  68.151 0.0000000000
51719  34.622  -39.870  69.720 0.0000000000
51701  37.319  -40.572  70.143 0.0000000000
51673  24.684  -39.676  72.404 0.0000000000
49467  24.495  -41.784  74.437 0.0000000000
49499  23.686  -42.238  72.970 0.0000000000
47165  22.431  -43.884  72.534 0.0000000000
45920  19.896  -44.716  72.546 0.0000000000
48449  18.380  -43.377  67.665 0.0000000000
45969  17.966  -44.528  70.378 0.0000000000
45901  17.188  -45.282  73.002 0.0000000000
44705  15.135  -45.559  73.194 0.0000000000
44708  12.527  -46.264  73.249 0.0000000000
43630  10.889  -46.804  73.533 0.0000000000
55347  29.583  -37.292  62.956 0.0000000000
55377  26.542  -36.745  62.626 0.0000000000
54100  27.824  -37.299  65.068 0.0000000000
54053  26.847  -38.016  67.863 0.0000000000
52853  25.858  -38.297  69.995 0.0000000000
76339  59.456  -17.706  55.069 0.0000000000
78821  56.135  -17.272  53.786 0.0000000000
75221  48.463  -19.565  51.988 0.0000000000
76363  49.815  -19.291  54.520 0.0000000000
78761  50.766  -17.145  57.734 0.0000000000
77502  49.033  -17.885  59.468 0.0000000000
78714  50.163  -16.871  59.398 0.0000000000
73856  39.314  -21.155  59.714 0.0000000000
72687  41.967  -21.646  62.603 0.0000000000
71510  44.069  -21.819  65.633 0.0000000000
60388  41.062  -32.074  62.916 0.0000000000
62638  42.847  -30.498  64.243 0.0000000000
57795  44.084  -35.042  69.371 0.0000000000
61477  44.263  -31.529  66.421 0.0000000000
64985  44.265  -28.793  64.958 0.0000000000
67188  45.396  -26.554  66.085 0.0000000000
69255  45.777  -24.466  67.419 0.0000000000
82284  57.909  -14.054  43.117 0.0000000000
81209  58.901  -14.773  45.526 0.0000000000
80067  60.755  -15.580  47.357 0.0000000000
52786  26.830  -38.906  73.181 0.0000000000
43600  11.426  -47.696  76.527 0.0000000000
43591  12.274  -47.362  77.432 0.0000000000
43584  11.788  -47.933  78.221 0.0000000000
76225  44.244  -19.518  64.796 0.0000000000
76208  44.708  -19.339  65.481 0.0000000000
40186  4.755  -49.327  78.593 0.0000000000
53001  30.963  -38.289  63.944 0.0000000000
52999  32.419  -38.830  63.746 0.0000000000
52979  31.740  -38.934  64.661 0.0000000000
50724  23.106  -40.542  65.970 0.0000000000
49600  23.016  -41.600  67.483 0.0000000000
49617  21.705  -41.647  65.960 0.0000000000
53002  23.114  -38.570  63.635 0.0000000000
51789  23.263  -39.958  65.337 0.0000000000
51788  23.893  -39.657  66.008 0.0000000000
45853  20.495  -44.633  75.798 0.0000000000
45822  19.863  -44.529  77.691 0.0000000000
80037  55.391  -15.500  49.484 0.0000000000
80010  56.562  -15.924  51.087 0.0000000000
80011  55.635  -15.999  51.019 0.0000000000
78778  53.404  -16.956  56.963 0.0000000000
78777  54.395  -17.111  56.878 0.0000000000
73929  46.041  -21.259  54.350 0.0000000000
73928  46.902  -20.576  54.805 0.0000000000
73892  46.485  -20.561  56.375 0.0000000000
67234  41.797  -27.067  59.925 0.0000000000
68342  42.307  -25.516  59.776 0.0000000000
68316  43.188  -25.253  61.031 0.0000000000
67211  43.551  -26.422  62.174 0.0000000000
52881  41.121  -38.785  68.198 0.0000000000
54078  41.233  -37.226  66.809 0.0000000000
54037  42.309  -37.620  68.948 0.0000000000
81181  54.290  -15.302  48.197 0.0000000000
81193  55.115  -14.820  47.284 0.0000000000
81180  54.921  -15.135  48.334 0.0000000000
81169  56.596  -14.964  48.661 0.0000000000
82319  60.846  -13.523  40.658 0.0000000000
81275  60.448  -14.043  41.299 0.0000000000
81243  61.015  -14.787  42.514 0.0000000000
81261  59.444  -14.225  42.243 0.0000000000
54051  28.376  -38.013  68.325 0.0000000000
52886  30.030  -38.481  68.765 0.0000000000
54038  29.445  -38.248  69.803 0.0000000000
44681  15.185  -45.619  75.791 0.0000000000
45810  16.187  -45.139  77.604 0.0000000000
44664  15.316  -45.453  78.205 0.0000000000
43540  13.259  -47.080  82.012 0.0000000000
44631  14.359  -46.348  81.275 0.0000000000
78903  51.492  -16.280  48.415 0.0000000000
78876  52.657  -16.685  50.101 0.0000000000
78888  51.764  -16.621  49.060 0.0000000000
77653  50.651  -17.969  51.511 0.0000000000
77641  51.786  -17.918  52.339 0.0000000000
76389  51.295  -18.420  52.737 0.0000000000
76376  52.223  -18.484  54.281 0.0000000000
76361  51.621  -18.630  54.662 0.0000000000
73850  45.054  -21.017  59.048 0.0000000000
75109  46.542  -20.206  60.217 0.0000000000
75091  46.462  -20.051  61.321 0.0000000000
80071  52.497  -15.499  47.729 0.0000000000
40192  9.188  -49.913  77.503 0.0000000000
40183  7.663  -50.541  78.213 0.0000000000
72780  42.390  -22.232  55.386 0.0000000000
72739  43.769  -21.880  56.841 0.0000000000
72760  42.221  -21.971  56.397 0.0000000000
72730  40.895  -21.142  58.075 0.0000000000
73866  42.468  -21.112  58.689 0.0000000000
73853  42.288  -20.778  59.578 0.0000000000
73824  42.968  -20.311  61.093 0.0000000000
75110  42.290  -20.220  61.149 0.0000000000
55399  34.439  -36.346  61.618 0.0000000000
52950  35.586  -39.466  65.067 0.0000000000
52975  36.143  -38.801  64.282 0.0000000000
51798  37.047  -39.695  65.593 0.0000000000
51781  38.646  -39.819  66.282 0.0000000000
50713  37.655  -40.774  67.642 0.0000000000
52866  32.411  -38.903  69.767 0.0000000000
52883  33.007  -38.998  68.825 0.0000000000
52848  33.648  -39.488  70.698 0.0000000000
51669  36.609  -40.520  72.261 0.0000000000
51684  37.956  -40.433  71.305 0.0000000000
50645  24.319  -40.068  71.818 0.0000000000
50633  23.917  -41.280  72.614 0.0000000000
50646  23.937  -40.867  71.530 0.0000000000
48392  21.637  -43.489  70.498 0.0000000000
48391  22.302  -43.179  70.746 0.0000000000
47182  21.271  -44.116  71.434 0.0000000000
45919  20.952  -44.538  72.711 0.0000000000
45943  20.583  -44.518  71.831 0.0000000000
48469  19.082  -42.746  66.690 0.0000000000
47223  15.961  -44.225  68.896 0.0000000000
47222  16.910  -44.212  69.075 0.0000000000
45970  16.901  -44.737  70.446 0.0000000000
45922  17.820  -45.067  72.213 0.0000000000
45923  16.819  -45.146  72.086 0.0000000000
45879  16.542  -45.417  73.702 0.0000000000
45925  15.006  -45.361  71.748 0.0000000000
44709  11.571  -46.585  73.343 0.0000000000
55403  30.183  -36.958  61.252 0.0000000000
55405  28.336  -36.732  61.438 0.0000000000
55330  25.591  -37.118  64.568 0.0000000000
55329  26.342  -36.965  64.302 0.0000000000
55327  27.522  -36.894  63.895 0.0000000000
55308  27.022  -37.073  64.869 0.0000000000
54084  27.312  -37.564  65.823 0.0000000000
55284  26.711  -37.871  66.461 0.0000000000
51744  24.791  -39.711  68.450 0.0000000000
52870  25.349  -38.999  68.867 0.0000000000
51705  24.768  -39.489  70.560 0.0000000000
52838  25.193  -38.957  71.183 0.0000000000
48309  23.966  -42.727  74.870 0.0000000000
41341  9.169  -49.266  82.090 0.0000000000
42447  10.272  -48.422  81.513 0.0000000000
80006  60.653  -16.164  51.157 0.0000000000
78818  59.411  -16.660  53.695 0.0000000000
78805  59.799  -16.855  54.296 0.0000000000
77598  59.605  -17.072  54.863 0.0000000000
77574  58.732  -17.119  55.958 0.0000000000
78840  54.196  -17.189  52.613 0.0000000000
78839  55.445  -16.873  52.633 0.0000000000
77621  55.351  -17.637  54.235 0.0000000000
78775  56.233  -17.276  56.520 0.0000000000
76347  48.823  -19.249  55.635 0.0000000000
75177  49.103  -19.481  54.865 0.0000000000
76346  49.836  -18.685  55.738 0.0000000000
77582  50.253  -18.148  56.309 0.0000000000
77531  50.342  -17.599  57.307 0.0000000000
76274  47.814  -19.016  60.344 0.0000000000
76283  47.850  -18.957  59.282 0.0000000000
77482  48.868  -17.869  61.502 0.0000000000
73857  38.743  -21.442  59.166 0.0000000000
70448  42.987  -23.219  61.871 0.0000000000
71574  41.286  -22.088  61.910 0.0000000000
71550  42.999  -22.342  62.765 0.0000000000
72649  42.947  -21.369  63.380 0.0000000000
71533  43.826  -22.477  63.897 0.0000000000
57934  37.469  -34.658  61.638 0.0000000000
57920  38.734  -34.538  62.515 0.0000000000
57879  41.493  -34.220  65.078 0.0000000000
59151  41.068  -33.345  63.636 0.0000000000
60349  41.804  -32.696  64.135 0.0000000000
61502  41.940  -31.429  63.579 0.0000000000
61487  42.657  -32.026  64.762 0.0000000000
55235  43.950  -36.562  70.471 0.0000000000
61470  45.141  -31.016  67.781 0.0000000000
62615  44.646  -30.593  66.670 0.0000000000
63773  45.149  -29.264  66.759 0.0000000000
66113  44.821  -27.441  65.097 0.0000000000
64967  45.544  -28.493  66.905 0.0000000000
82265  55.792  -14.015  44.928 0.0000000000
82274  56.825  -14.119  44.050 0.0000000000
81235  58.310  -14.431  43.942 0.0000000000
81210  58.031  -14.611  45.792 0.0000000000
80034  58.792  -15.483  49.282 0.0000000000
80049  59.604  -15.285  48.220 0.0000000000
80033  59.997  -15.772  49.400 0.0000000000
80032  61.117  -16.018  49.711 0.0000000000
81271  64.140  -14.593  40.748 0.0000000000
80102  62.949  -15.875  44.520 0.0000000000
80094  62.946  -16.064  45.772 0.0000000000
80084  62.919  -16.158  46.968 0.0000000000
54001  26.854  -37.740  71.845 0.0000000000
54012  28.552  -37.763  71.686 0.0000000000
53985  27.707  -37.917  73.069 0.0000000000
44683  13.628  -46.328  76.733 0.0000000000
44665  14.476  -45.829  78.683 0.0000000000
43582  12.897  -46.933  78.490 0.0000000000
43572  13.136  -46.817  79.786 0.0000000000
43542  12.181  -47.051  81.712 0.0000000000
77668  49.533  -17.967  50.461 0.0000000000
76409  49.336  -18.468  51.269 0.0000000000
75093  44.505  -20.321  61.847 0.0000000000
75065  45.759  -19.620  63.228 0.0000000000
76236  45.520  -19.358  63.905 0.0000000000
77431  45.780  -18.778  65.769 0.0000000000
39026  6.430  -50.359  78.137 0.0000000000
40184  5.723  -49.902  78.002 0.0000000000
39012  5.050  -50.573  79.136 0.0000000000
72781  41.382  -22.103  55.485 0.0000000000
72743  40.045  -21.014  57.518 0.0000000000
55369  34.132  -37.001  62.035 0.0000000000
54142  33.083  -38.371  62.985 0.0000000000
52977  33.979  -39.444  64.447 0.0000000000
51800  35.110  -39.881  65.956 0.0000000000
50702  24.161  -40.569  68.496 0.0000000000
49565  23.679  -41.213  69.784 0.0000000000
49583  23.207  -41.746  68.476 0.0000000000
48425  22.701  -42.346  68.669 0.0000000000
48427  20.481  -43.257  68.730 0.0000000000
45949  14.552  -45.262  70.946 0.0000000000
45995  13.436  -44.511  69.390 0.0000000000
54148  24.150  -37.523  63.971 0.0000000000
55311  25.219  -37.635  65.423 0.0000000000
54085  25.766  -37.965  66.262 0.0000000000
52931  24.624  -38.809  65.979 0.0000000000
51745  24.361  -40.098  67.762 0.0000000000
45851  22.260  -44.418  75.949 0.0000000000
80021  58.148  -15.661  50.209 0.0000000000
80007  59.761  -16.013  51.144 0.0000000000
80009  57.628  -15.876  51.116 0.0000000000
78855  58.231  -16.365  51.909 0.0000000000
78837  57.772  -16.669  52.801 0.0000000000
77602  53.914  -17.938  54.660 0.0000000000
77576  55.111  -17.800  55.421 0.0000000000
77549  54.776  -17.605  56.167 0.0000000000
78757  54.934  -16.670  57.401 0.0000000000
75222  47.464  -20.495  52.423 0.0000000000
73943  47.241  -20.595  54.121 0.0000000000
75179  47.666  -19.851  55.374 0.0000000000
76312  48.062  -19.106  57.243 0.0000000000
77465  49.249  -17.214  62.108 0.0000000000
70513  39.919  -23.125  59.402 0.0000000000
71622  39.626  -22.616  59.781 0.0000000000
70487  41.706  -23.497  60.174 0.0000000000
69335  43.233  -24.302  61.321 0.0000000000
69305  44.377  -24.732  63.156 0.0000000000
55306  38.953  -37.209  65.093 0.0000000000
56636  39.302  -35.686  64.327 0.0000000000
55304  40.381  -36.680  65.866 0.0000000000
56601  41.558  -35.777  66.321 0.0000000000
57841  42.650  -34.750  66.530 0.0000000000
82256  52.998  -13.988  46.015 0.0000000000
82268  53.250  -13.520  45.487 0.0000000000
82255  53.779  -14.063  45.926 0.0000000000
81213  55.318  -14.459  46.248 0.0000000000
81212  56.305  -14.429  46.251 0.0000000000
81211  57.164  -14.451  46.053 0.0000000000
81178  56.760  -14.672  47.825 0.0000000000
80051  57.367  -14.859  48.383 0.0000000000
82317  62.241  -13.388  39.877 0.0000000000
81272  63.023  -14.626  40.782 0.0000000000
80147  63.537  -15.042  41.569 0.0000000000
80128  63.892  -15.451  42.540 0.0000000000
80129  62.714  -15.340  42.300 0.0000000000
80113  61.816  -15.189  42.950 0.0000000000
80104  60.627  -15.114  44.049 0.0000000000
54081  29.791  -38.312  66.389 0.0000000000
52929  31.379  -38.814  66.626 0.0000000000
52908  30.455  -38.561  67.597 0.0000000000
52867  31.394  -38.703  69.772 0.0000000000
52850  31.903  -38.832  70.769 0.0000000000
45839  17.837  -44.917  76.130 0.0000000000
45807  18.815  -44.301  78.310 0.0000000000
45809  17.196  -44.750  78.112 0.0000000000
45780  16.812  -44.836  80.148 0.0000000000
44642  15.136  -45.499  80.374 0.0000000000
44619  15.719  -45.902  81.310 0.0000000000
80039  53.808  -15.788  49.386 0.0000000000
80024  54.956  -15.825  50.386 0.0000000000
80026  53.436  -16.089  49.931 0.0000000000
78859  53.284  -17.051  51.521 0.0000000000
78841  53.450  -17.330  52.330 0.0000000000
78861  51.521  -17.509  50.942 0.0000000000
77651  52.370  -17.548  51.890 0.0000000000
77623  53.557  -17.926  53.811 0.0000000000
77603  52.946  -18.268  54.608 0.0000000000
77551  52.916  -17.586  56.294 0.0000000000
78779  52.380  -17.050  57.034 0.0000000000
73876  45.484  -21.150  57.345 0.0000000000
75133  46.841  -20.244  57.957 0.0000000000
75122  46.592  -20.377  59.034 0.0000000000
75090  47.185  -19.604  60.810 0.0000000000
76248  48.166  -18.431  62.498 0.0000000000
76250  46.846  -19.209  63.026 0.0000000000
77451  47.675  -18.386  63.692 0.0000000000
77450  48.443  -17.802  63.398 0.0000000000
65051  41.823  -27.970  60.809 0.0000000000
53996  42.340  -38.119  70.816 0.0000000000
82257  52.235  -13.502  46.122 0.0000000000
81195  53.024  -15.042  47.215 0.0000000000
80070  53.310  -15.523  47.920 0.0000000000
84582  60.300  -11.797  41.166 0.0000000000
84563  59.320  -11.498  41.951 0.0000000000
42518  9.687  -48.458  75.703 0.0000000000
41370  10.748  -49.057  78.346 0.0000000000
41385  10.082  -49.502  77.617 0.0000000000
40171  9.600  -49.985  79.379 0.0000000000
40160  8.542  -49.800  81.705 0.0000000000
39010  7.169  -50.917  79.625 0.0000000000
72777  45.267  -21.578  54.765 0.0000000000
72800  43.597  -22.188  54.141 0.0000000000
73915  45.158  -21.551  55.788 0.0000000000
73894  45.021  -21.456  56.652 0.0000000000
73864  44.354  -21.321  58.373 0.0000000000
73851  44.169  -21.046  59.225 0.0000000000
72741  41.999  -21.621  57.269 0.0000000000
73852  43.237  -20.933  59.392 0.0000000000
73837  44.005  -20.805  60.164 0.0000000000
75094  43.558  -20.228  61.843 0.0000000000
75067  43.885  -19.660  63.805 0.0000000000
75035  43.441  -20.228  64.790 0.0000000000
55366  37.040  -35.990  62.691 0.0000000000
54161  35.213  -37.326  62.599 0.0000000000
54138  37.084  -37.547  63.717 0.0000000000
55326  37.825  -37.235  64.134 0.0000000000
52946  38.819  -38.411  65.510 0.0000000000
52904  39.984  -39.164  66.841 0.0000000000
51738  40.019  -40.093  68.924 0.0000000000
52928  32.397  -39.078  66.753 0.0000000000
51786  33.924  -39.640  67.061 0.0000000000
51766  35.267  -40.001  67.718 0.0000000000
51687  34.965  -40.115  71.463 0.0000000000
51718  35.475  -40.169  69.534 0.0000000000
51741  36.472  -40.480  68.481 0.0000000000
50681  37.861  -40.733  69.274 0.0000000000
51699  39.041  -40.138  70.433 0.0000000000
51681  40.241  -39.474  70.941 0.0000000000
51656  25.359  -39.544  73.410 0.0000000000
50618  24.381  -40.834  73.238 0.0000000000
49483  23.849  -42.111  73.923 0.0000000000
48343  23.538  -42.853  73.748 0.0000000000
49521  23.328  -42.070  71.731 0.0000000000
48359  23.276  -43.140  72.893 0.0000000000
47147  23.138  -43.616  73.748 0.0000000000
45896  21.962  -44.373  74.514 0.0000000000
45875  20.373  -44.734  74.728 0.0000000000
45876  19.382  -44.819  74.484 0.0000000000
49618  20.708  -42.093  66.010 0.0000000000
48448  19.758  -42.968  67.605 0.0000000000
47241  19.624  -43.604  68.998 0.0000000000
47263  17.297  -43.700  67.854 0.0000000000
47220  18.509  -43.954  69.328 0.0000000000
47200  19.530  -44.078  70.241 0.0000000000
45945  18.453  -44.836  71.361 0.0000000000
45900  18.142  -45.020  73.204 0.0000000000
45877  18.401  -44.968  74.244 0.0000000000
45857  16.749  -45.364  74.685 0.0000000000
45841  15.992  -45.458  75.280 0.0000000000
44688  15.112  -45.598  74.709 0.0000000000
44722  14.112  -45.680  72.132 0.0000000000
44707  13.492  -46.016  73.125 0.0000000000
44697  13.371  -46.061  74.216 0.0000000000
44691  12.614  -46.570  75.105 0.0000000000
43620  11.651  -46.779  74.494 0.0000000000
43621  10.631  -47.094  74.457 0.0000000000
43611  9.823  -47.802  75.099 0.0000000000
42531  8.416  -47.833  74.886 0.0000000000
55402  31.515  -37.003  61.223 0.0000000000
55373  30.194  -37.363  62.403 0.0000000000
54145  30.156  -37.716  63.338 0.0000000000
55349  27.947  -36.942  63.292 0.0000000000
54147  28.609  -37.064  63.753 0.0000000000
54098  29.611  -38.127  65.522 0.0000000000
54082  28.909  -38.144  66.306 0.0000000000
54066  28.170  -38.077  67.185 0.0000000000
54040  27.626  -37.830  69.118 0.0000000000
54054  26.388  -38.171  67.727 0.0000000000
54042  26.338  -38.146  68.538 0.0000000000
54027  26.918  -37.802  69.814 0.0000000000
54002  26.203  -37.990  71.363 0.0000000000
52822  25.130  -39.106  72.177 0.0000000000
42454  11.069  -48.424  80.036 0.0000000000
42438  11.088  -47.683  82.044 0.0000000000
78835  59.842  -16.561  52.727 0.0000000000
78857  56.029  -16.445  51.768 0.0000000000
78838  56.637  -16.742  52.768 0.0000000000
78807  57.875  -16.980  54.724 0.0000000000
78796  56.216  -17.457  55.634 0.0000000000
78795  57.064  -17.238  55.541 0.0000000000
78794  58.299  -16.962  55.810 0.0000000000
76410  48.416  -18.835  51.120 0.0000000000
75220  49.091  -19.141  52.193 0.0000000000
75206  48.515  -19.988  53.141 0.0000000000
75191  49.255  -19.647  53.865 0.0000000000
75190  50.000  -19.279  53.642 0.0000000000
76345  51.045  -18.510  55.349 0.0000000000
77553  51.233  -17.739  56.532 0.0000000000
78760  51.551  -16.720  57.680 0.0000000000
75132  47.444  -19.596  57.658 0.0000000000
76296  47.963  -18.939  58.224 0.0000000000
77516  49.154  -17.940  58.565 0.0000000000
77481  49.465  -17.199  61.044 0.0000000000
77491  49.584  -17.340  59.993 0.0000000000
78737  50.092  -17.217  58.665 0.0000000000
78736  50.732  -16.664  58.523 0.0000000000
78735  51.783  -15.848  58.722 0.0000000000
73896  38.712  -20.972  57.177 0.0000000000
73855  40.271  -20.678  59.661 0.0000000000
72712  40.119  -21.802  60.792 0.0000000000
73841  40.328  -20.989  60.748 0.0000000000
73826  41.234  -20.575  61.446 0.0000000000
75082  42.208  -20.621  62.536 0.0000000000
73759  43.204  -20.728  64.410 0.0000000000
73734  43.886  -20.642  65.833 0.0000000000
57919  39.963  -33.972  63.061 0.0000000000
62669  40.920  -30.521  61.327 0.0000000000
63824  41.918  -29.687  62.045 0.0000000000
65025  42.684  -28.492  62.497 0.0000000000
55251  43.079  -36.774  69.197 0.0000000000
56569  43.280  -35.461  68.468 0.0000000000
57824  43.369  -34.533  67.425 0.0000000000
59071  44.382  -33.213  67.822 0.0000000000
60326  43.817  -32.446  66.235 0.0000000000
62623  43.551  -31.033  65.372 0.0000000000
63792  43.190  -29.502  63.999 0.0000000000
65024  43.152  -27.929  62.766 0.0000000000
66130  43.948  -27.443  63.724 0.0000000000
68285  44.693  -25.727  64.156 0.0000000000
69293  44.896  -24.825  64.402 0.0000000000
66070  45.895  -27.502  67.377 0.0000000000
68265  45.562  -25.654  66.335 0.0000000000
69269  45.273  -24.002  65.902 0.0000000000
70395  45.227  -23.395  66.376 0.0000000000
84564  58.267  -11.727  42.251 0.0000000000
82298  58.457  -13.739  42.329 0.0000000000
81246  58.690  -14.357  43.118 0.0000000000
81222  59.897  -14.952  44.372 0.0000000000
81208  59.788  -14.979  45.268 0.0000000000
81189  58.792  -14.784  46.426 0.0000000000
80068  59.666  -15.095  46.937 0.0000000000
80086  60.534  -15.460  46.047 0.0000000000
80066  62.005  -15.926  47.772 0.0000000000
51606  25.661  -40.091  73.601 0.0000000000
52787  26.035  -39.335  73.427 0.0000000000
43592  11.740  -47.863  77.663 0.0000000000
42502  11.204  -48.179  77.233 0.0000000000
76209  44.200  -19.599  65.443 0.0000000000
52954  31.123  -38.760  65.603 0.0000000000
50725  22.361  -41.014  65.660 0.0000000000
49616  22.600  -41.316  66.440 0.0000000000
45854  19.562  -44.715  75.578 0.0000000000
45837  19.720  -44.548  76.664 0.0000000000
80023  55.987  -15.713  50.276 0.0000000000
78758  54.055  -16.401  57.489 0.0000000000
79952  53.919  -15.771  58.118 0.0000000000
73914  46.045  -20.988  55.476 0.0000000000
66158  42.278  -27.426  60.925 0.0000000000
67233  42.249  -26.539  60.170 0.0000000000
67222  42.948  -26.440  61.200 0.0000000000
67212  43.057  -26.953  61.862 0.0000000000
52863  41.362  -38.865  69.176 0.0000000000
52880  41.798  -38.245  68.558 0.0000000000
52862  42.000  -38.256  69.266 0.0000000000
80053  54.270  -15.500  48.757 0.0000000000
81171  55.244  -15.359  48.895 0.0000000000
81170  55.733  -15.195  48.814 0.0000000000
82307  60.058  -13.151  40.923 0.0000000000
82308  59.460  -13.643  41.580 0.0000000000
81276  59.892  -14.142  41.767 0.0000000000
54039  28.479  -37.967  69.446 0.0000000000
54025  28.560  -37.879  70.573 0.0000000000
44673  15.292  -45.629  76.969 0.0000000000
44674  14.432  -45.852  77.475 0.0000000000
77642  51.137  -18.070  52.102 0.0000000000
76377  51.617  -18.639  53.667 0.0000000000
76378  50.625  -18.906  53.196 0.0000000000
73836  44.941  -20.909  59.976 0.0000000000
73821  45.722  -20.576  60.668 0.0000000000
75092  45.534  -20.293  61.707 0.0000000000
40204  7.580  -49.653  76.811 0.0000000000
72820  41.747  -21.936  53.548 0.0000000000
72802  41.573  -22.154  54.483 0.0000000000
73867  41.499  -20.908  58.754 0.0000000000
73839  42.192  -20.407  60.582 0.0000000000
51799  36.082  -39.874  65.733 0.0000000000
52949  36.529  -39.237  64.984 0.0000000000
51783  36.611  -40.221  66.461 0.0000000000
51782  37.586  -40.072  66.314 0.0000000000
51764  37.169  -40.582  67.112 0.0000000000
52849  32.848  -39.121  70.704 0.0000000000
52865  33.306  -39.221  69.816 0.0000000000
52833  33.334  -39.397  71.565 0.0000000000
50662  24.301  -40.100  70.986 0.0000000000
50663  23.960  -40.730  70.399 0.0000000000
48408  21.413  -43.323  69.767 0.0000000000
47198  21.076  -43.759  70.570 0.0000000000
47183  20.462  -44.204  71.049 0.0000000000
45993  15.419  -44.512  69.576 0.0000000000
45992  16.399  -44.483  69.700 0.0000000000
45971  15.922  -44.826  70.379 0.0000000000
45947  16.402  -45.057  71.197 0.0000000000
45924  15.875  -45.307  71.925 0.0000000000
55352  25.661  -36.889  63.585 0.0000000000
55309  26.347  -37.257  65.113 0.0000000000
55294  26.883  -37.397  65.520 0.0000000000
55295  26.492  -37.606  65.835 0.0000000000
50701  24.486  -40.139  69.204 0.0000000000
51720  24.880  -39.562  69.535 0.0000000000
41336  9.283  -49.299  82.723 0.0000000000
80019  60.345  -15.978  50.404 0.0000000000
78819  58.393  -16.748  53.784 0.0000000000
77573  59.082  -17.130  55.492 0.0000000000
78793  58.859  -16.923  55.411 0.0000000000
78823  54.418  -17.482  53.292 0.0000000000
78822  54.999  -17.348  53.411 0.0000000000
76325  48.716  -18.913  56.530 0.0000000000
76324  49.331  -18.278  56.920 0.0000000000
77555  49.960  -18.027  56.738 0.0000000000
77532  49.634  -17.960  57.551 0.0000000000
76261  48.259  -18.466  61.915 0.0000000000
76273  48.398  -18.480  60.928 0.0000000000
72731  38.258  -21.794  58.707 0.0000000000
70433  43.481  -23.086  62.618 0.0000000000
71572  42.571  -22.651  62.130 0.0000000000
71549  43.629  -22.819  63.072 0.0000000000
71532  44.385  -23.089  64.294 0.0000000000
56665  37.964  -35.240  62.631 0.0000000000
57921  37.843  -34.891  62.305 0.0000000000
59109  41.857  -34.004  65.305 0.0000000000
59129  41.681  -33.509  64.618 0.0000000000
59128  42.340  -33.061  64.991 0.0000000000
60348  42.266  -32.496  64.554 0.0000000000
60337  42.710  -32.551  65.121 0.0000000000
61456  45.581  -31.720  69.091 0.0000000000
63767  44.948  -29.886  66.917 0.0000000000
63766  45.364  -29.543  67.489 0.0000000000
63760  45.696  -29.599  68.460 0.0000000000
81236  57.617  -14.344  44.328 0.0000000000
81225  57.249  -14.378  45.048 0.0000000000
80165  65.029  -14.481  40.535 0.0000000000
80145  65.615  -15.811  41.750 0.0000000000
80085  61.833  -15.795  46.551 0.0000000000
54000  27.663  -37.718  72.276 0.0000000000
53986  26.760  -37.978  72.840 0.0000000000
43598  12.883  -46.652  76.107 0.0000000000
44675  13.590  -46.176  77.962 0.0000000000
43590  13.033  -46.894  77.167 0.0000000000
43573  12.313  -47.465  79.474 0.0000000000
43559  12.622  -47.089  80.493 0.0000000000
43548  12.751  -47.012  81.312 0.0000000000
43549  12.247  -47.211  81.084 0.0000000000
77669  48.773  -18.073  50.206 0.0000000000
77654  49.942  -17.997  51.159 0.0000000000
76438  48.889  -18.348  50.709 0.0000000000
75066  44.865  -19.646  63.431 0.0000000000
76237  44.757  -19.429  64.192 0.0000000000
40195  5.840  -49.414  77.465 0.0000000000
55371  32.119  -37.406  61.809 0.0000000000
54164  32.626  -37.882  62.379 0.0000000000
52978  32.794  -39.330  64.602 0.0000000000
52998  33.514  -38.925  63.643 0.0000000000
52951  34.539  -39.627  65.273 0.0000000000
51801  34.192  -39.745  66.239 0.0000000000
49582  23.752  -41.287  68.976 0.0000000000
49599  23.584  -41.178  68.176 0.0000000000
48446  22.264  -42.273  67.855 0.0000000000
48426  21.779  -42.839  68.646 0.0000000000
52982  23.463  -38.701  64.283 0.0000000000
54149  23.672  -37.871  63.635 0.0000000000
54126  23.866  -38.169  64.489 0.0000000000
54125  24.280  -37.692  64.477 0.0000000000
54104  24.193  -38.151  64.977 0.0000000000
54103  24.778  -37.999  65.405 0.0000000000
50723  23.654  -40.364  66.640 0.0000000000
51769  24.152  -39.921  67.007 0.0000000000
45873  21.969  -44.441  75.255 0.0000000000
45835  21.580  -44.497  76.845 0.0000000000
77577  54.316  -17.828  55.456 0.0000000000
73962  46.526  -20.962  52.759 0.0000000000
73944  46.644  -20.978  53.794 0.0000000000
75180  47.198  -20.111  55.551 0.0000000000
75159  47.558  -19.694  56.063 0.0000000000
76326  47.982  -19.337  56.514 0.0000000000
70535  39.442  -23.672  58.299 0.0000000000
70512  40.647  -23.887  59.214 0.0000000000
70511  41.434  -24.129  59.508 0.0000000000
68315  43.577  -25.032  61.454 0.0000000000
69352  42.801  -24.498  60.531 0.0000000000
69334  43.687  -24.612  61.774 0.0000000000
69319  43.504  -24.039  61.939 0.0000000000
69318  43.965  -24.468  62.385 0.0000000000
54094  39.951  -37.368  65.809 0.0000000000
55305  39.533  -36.686  65.236 0.0000000000
55292  41.603  -36.594  66.916 0.0000000000
56585  41.945  -35.997  67.003 0.0000000000
56600  42.146  -35.497  66.669 0.0000000000
56584  42.465  -35.680  67.310 0.0000000000
81214  54.387  -14.619  46.512 0.0000000000
81191  56.985  -14.515  46.956 0.0000000000
80035  57.505  -15.305  49.226 0.0000000000
81274  61.268  -14.346  41.131 0.0000000000
81287  61.481  -14.000  40.552 0.0000000000
81273  62.034  -14.505  40.887 0.0000000000
80148  62.457  -14.926  41.503 0.0000000000
80130  61.764  -15.023  42.064 0.0000000000
81232  60.905  -14.937  43.355 0.0000000000
81233  60.038  -14.824  43.574 0.0000000000
54064  30.032  -38.400  66.976 0.0000000000
52909  29.751  -38.406  68.113 0.0000000000
52868  30.416  -38.500  69.725 0.0000000000
45824  18.016  -44.669  77.303 0.0000000000
45825  17.024  -44.948  76.881 0.0000000000
45794  16.258  -44.926  79.014 0.0000000000
45764  17.244  -44.921  80.886 0.0000000000
45765  16.141  -45.269  81.019 0.0000000000
44666  13.762  -46.333  79.172 0.0000000000
44654  14.500  -45.876  79.794 0.0000000000
78878  50.167  -17.600  49.911 0.0000000000
78877  51.330  -17.346  50.209 0.0000000000
77666  51.103  -17.674  50.978 0.0000000000
77640  52.509  -17.818  52.662 0.0000000000
77639  53.336  -17.653  52.925 0.0000000000
76360  52.217  -18.443  54.946 0.0000000000
77579  52.399  -18.162  55.542 0.0000000000
77552  52.011  -17.660  56.376 0.0000000000
73862  46.074  -20.794  58.102 0.0000000000
76262  47.755  -19.033  61.407 0.0000000000
76249  47.535  -18.934  62.606 0.0000000000
75064  46.178  -19.544  63.121 0.0000000000
76235  46.348  -19.268  63.478 0.0000000000
77440  47.302  -18.220  64.794 0.0000000000
77439  48.208  -17.607  64.489 0.0000000000
65065  41.132  -28.195  59.775 0.0000000000
65052  41.345  -28.556  60.468 0.0000000000
81217  51.826  -14.242  46.630 0.0000000000
81216  52.613  -14.413  46.577 0.0000000000
81196  52.177  -14.889  47.132 0.0000000000
80055  52.788  -15.876  48.437 0.0000000000
80054  53.512  -15.712  48.656 0.0000000000
84583  59.633  -11.899  41.443 0.0000000000
41401  9.505  -49.101  76.388 0.0000000000
40182  8.679  -50.389  78.658 0.0000000000
40172  8.835  -50.344  79.881 0.0000000000
40166  8.583  -50.134  80.836 0.0000000000
39000  8.324  -50.527  80.294 0.0000000000
39020  6.826  -50.674  78.594 0.0000000000
39002  6.551  -51.144  80.492 0.0000000000
72798  45.278  -21.558  53.841 0.0000000000
72799  44.525  -21.856  54.013 0.0000000000
72801  42.573  -22.252  54.343 0.0000000000
72778  44.378  -21.917  55.035 0.0000000000
72758  44.248  -21.963  56.207 0.0000000000
73878  43.833  -21.515  57.899 0.0000000000
73865  43.373  -21.347  58.372 0.0000000000
72761  41.180  -21.868  56.470 0.0000000000
73823  43.807  -20.505  61.050 0.0000000000
75095  42.646  -20.222  61.680 0.0000000000
75080  43.307  -20.085  62.620 0.0000000000
75056  43.730  -19.790  64.755 0.0000000000
75057  43.300  -20.208  64.113 0.0000000000
56689  35.706  -35.492  61.654 0.0000000000
56688  36.734  -35.125  61.878 0.0000000000
54162  34.660  -37.507  62.489 0.0000000000
54140  35.318  -37.883  63.016 0.0000000000
52974  36.845  -38.640  64.461 0.0000000000
54139  36.495  -37.917  63.604 0.0000000000
54119  37.302  -37.877  64.188 0.0000000000
55344  37.383  -36.798  63.439 0.0000000000
54097  37.894  -38.112  64.788 0.0000000000
54096  38.520  -37.751  65.040 0.0000000000
52947  38.228  -38.615  65.223 0.0000000000
51762  39.064  -40.414  67.184 0.0000000000
51780  39.509  -39.726  66.737 0.0000000000
51761  40.069  -39.895  67.722 0.0000000000
50710  39.665  -40.301  68.532 0.0000000000
52906  32.663  -38.949  67.796 0.0000000000
52882  33.922  -39.540  68.965 0.0000000000
52905  33.536  -39.297  67.899 0.0000000000
51767  34.371  -39.687  67.871 0.0000000000
51743  34.889  -39.896  68.721 0.0000000000
51685  36.918  -40.434  71.309 0.0000000000
51702  36.163  -40.394  70.378 0.0000000000
51717  36.354  -40.430  69.337 0.0000000000
51716  37.097  -40.649  68.943 0.0000000000
51683  38.855  -40.126  71.304 0.0000000000
51698  39.812  -39.822  70.442 0.0000000000
51657  24.878  -39.922  73.318 0.0000000000
51634  24.968  -40.343  73.797 0.0000000000
50619  24.022  -41.464  73.539 0.0000000000
49566  23.234  -41.930  69.512 0.0000000000
49543  23.528  -41.535  70.581 0.0000000000
47181  22.095  -43.752  71.599 0.0000000000
48379  22.968  -43.210  71.897 0.0000000000
48360  22.939  -43.518  72.571 0.0000000000
47164  22.900  -43.721  73.054 0.0000000000
47148  22.375  -44.135  73.631 0.0000000000
45897  21.277  -44.492  73.878 0.0000000000
45898  20.185  -44.750  73.620 0.0000000000
45899  19.142  -44.829  73.407 0.0000000000
48468  20.186  -42.503  66.722 0.0000000000
48428  19.323  -43.417  68.364 0.0000000000
48450  17.152  -43.389  67.014 0.0000000000
47264  16.342  -43.635  67.517 0.0000000000
45990  17.790  -44.301  69.800 0.0000000000
47221  17.757  -44.090  69.275 0.0000000000
47202  18.148  -44.193  69.760 0.0000000000
47201  18.726  -44.157  69.988 0.0000000000
45968  18.970  -44.444  70.680 0.0000000000
45878  17.455  -45.214  73.987 0.0000000000
45856  17.677  -45.155  75.033 0.0000000000
45880  15.703  -45.542  73.403 0.0000000000
45858  15.870  -45.521  74.272 0.0000000000
44695  15.090  -45.569  73.764 0.0000000000
45950  13.653  -45.328  70.892 0.0000000000
45926  14.256  -45.479  71.605 0.0000000000
44724  12.614  -46.064  72.053 0.0000000000
44690  13.305  -46.319  75.420 0.0000000000
44698  12.389  -46.466  74.340 0.0000000000
44710  10.957  -46.642  73.061 0.0000000000
43629  11.493  -46.720  73.842 0.0000000000
43609  11.429  -47.104  75.482 0.0000000000
43622  9.506  -47.382  74.414 0.0000000000
42530  9.256  -48.054  75.106 0.0000000000
42547  8.734  -47.568  74.543 0.0000000000
55374  29.334  -37.108  62.213 0.0000000000
56671  26.608  -36.339  61.893 0.0000000000
56670  27.311  -36.459  61.676 0.0000000000
55376  27.259  -36.783  62.485 0.0000000000
55307  27.491  -36.970  64.438 0.0000000000
54124  28.048  -36.989  64.178 0.0000000000
54123  28.724  -37.359  64.411 0.0000000000
54099  28.790  -37.762  65.306 0.0000000000
54067  27.240  -37.915  66.840 0.0000000000
54052  27.499  -37.893  68.048 0.0000000000
54070  25.606  -38.309  66.745 0.0000000000
54069  26.126  -38.155  67.029 0.0000000000
52910  25.593  -38.484  67.332 0.0000000000
52869  25.812  -38.421  69.178 0.0000000000
54028  26.311  -38.039  69.470 0.0000000000
54015  26.275  -37.979  70.398 0.0000000000
52837  25.722  -38.396  70.823 0.0000000000
52805  25.063  -39.336  72.798 0.0000000000
50599  24.624  -41.153  74.044 0.0000000000
47071  18.582  -44.371  79.215 0.0000000000
47070  18.938  -44.265  78.783 0.0000000000
47056  18.896  -44.462  79.828 0.0000000000
41354  11.168  -48.712  79.071 0.0000000000
41355  10.785  -48.982  79.490 0.0000000000
42431  10.206  -48.467  82.607 0.0000000000
42446  10.794  -48.143  81.117 0.0000000000
42430  10.733  -48.150  82.682 0.0000000000
42429  11.811  -47.671  82.629 0.0000000000
41328  11.165  -48.530  83.093 0.0000000000
78854  59.280  -16.335  51.920 0.0000000000
78853  60.251  -16.404  51.828 0.0000000000
78874  54.407  -16.185  50.600 0.0000000000
78820  57.306  -16.908  53.735 0.0000000000
78808  56.955  -17.165  54.526 0.0000000000
77575  55.739  -17.651  55.237 0.0000000000
78774  57.079  -17.016  56.485 0.0000000000
78773  57.884  -17.038  56.819 0.0000000000
75242  47.970  -19.319  51.373 0.0000000000
76392  48.967  -18.937  51.747 0.0000000000
75207  47.778  -20.403  53.642 0.0000000000
76362  50.690  -18.955  54.411 0.0000000000
77554  50.572  -17.841  56.701 0.0000000000
77530  50.990  -17.362  57.148 0.0000000000
78780  51.617  -17.292  56.956 0.0000000000
76282  48.466  -18.457  59.891 0.0000000000
76295  48.535  -18.394  58.850 0.0000000000
78696  50.652  -16.238  60.954 0.0000000000
78697  50.137  -16.672  60.472 0.0000000000
77501  49.627  -17.495  59.069 0.0000000000
73881  38.395  -21.064  57.804 0.0000000000
73869  39.340  -20.773  58.735 0.0000000000
73880  39.403  -20.804  57.783 0.0000000000
71610  40.904  -22.733  60.646 0.0000000000
72720  39.516  -21.956  60.038 0.0000000000
71594  40.520  -22.285  60.947 0.0000000000
72688  41.391  -21.731  62.190 0.0000000000
72711  40.576  -21.529  61.237 0.0000000000
73827  40.933  -21.181  61.599 0.0000000000
75096  41.983  -20.372  61.984 0.0000000000
73810  41.498  -20.962  62.335 0.0000000000
72647  43.555  -21.703  64.626 0.0000000000
73780  42.950  -20.867  63.544 0.0000000000
72629  43.325  -21.163  64.738 0.0000000000
73758  43.485  -20.640  65.122 0.0000000000
72628  43.727  -21.337  65.332 0.0000000000
57881  39.910  -35.151  64.360 0.0000000000
57901  39.660  -34.868  63.678 0.0000000000
57900  40.501  -34.082  63.750 0.0000000000
60367  40.958  -32.705  63.065 0.0000000000
59172  40.516  -33.271  62.917 0.0000000000
60389  40.570  -32.406  62.373 0.0000000000
61515  40.672  -31.694  61.954 0.0000000000
61532  40.891  -31.134  61.854 0.0000000000
62639  42.397  -30.602  63.672 0.0000000000
62646  41.823  -30.579  62.847 0.0000000000
63807  42.547  -29.600  63.197 0.0000000000
53995  42.917  -37.818  71.146 0.0000000000
54021  42.810  -37.424  69.933 0.0000000000
55222  43.587  -37.181  70.811 0.0000000000
56543  44.135  -35.740  70.047 0.0000000000
56555  43.603  -35.759  69.141 0.0000000000
57809  43.691  -34.820  68.505 0.0000000000
57810  43.166  -35.095  68.007 0.0000000000
61463  44.946  -32.037  67.940 0.0000000000
60307  44.971  -32.613  68.478 0.0000000000
60316  44.659  -32.464  67.618 0.0000000000
59087  44.314  -32.914  67.275 0.0000000000
60325  44.337  -32.420  66.914 0.0000000000
61478  43.688  -31.606  65.733 0.0000000000
63780  44.273  -29.472  65.406 0.0000000000
62630  43.871  -29.962  65.228 0.0000000000
63781  43.824  -29.445  64.792 0.0000000000
65011  43.300  -28.412  63.327 0.0000000000
65000  43.915  -28.492  64.257 0.0000000000
66124  44.274  -27.717  64.297 0.0000000000
66112  45.190  -27.447  65.782 0.0000000000
67198  44.720  -26.644  64.587 0.0000000000
67189  45.043  -26.572  65.367 0.0000000000
68276  44.995  -25.679  64.920 0.0000000000
68275  45.277  -25.697  65.670 0.0000000000
64954  46.018  -28.666  68.854 0.0000000000
66053  46.231  -27.500  68.500 0.0000000000
68253  45.839  -25.485  67.124 0.0000000000
69282  45.436  -25.129  65.937 0.0000000000
69268  45.521  -24.562  66.420 0.0000000000
70407  45.007  -23.467  65.466 0.0000000000
70394  45.484  -23.818  66.988 0.0000000000
82267  54.025  -13.507  45.163 0.0000000000
83384  53.818  -13.030  44.881 0.0000000000
83394  54.121  -12.750  44.638 0.0000000000
82299  57.647  -13.606  42.745 0.0000000000
83413  58.298  -12.608  41.997 0.0000000000
81223  59.055  -14.717  44.644 0.0000000000
81190  57.899  -14.586  46.733 0.0000000000
80047  62.277  -16.194  49.016 0.0000000000
82333  62.797  -13.278  39.522 0.0000000000
83446  63.159  -12.330  38.993 0.0000000000
82332  63.855  -13.175  39.130 0.0000000000
80111  64.084  -15.833  43.680 0.0000000000
43583  12.155  -47.638  78.404 0.0000000000
42470  11.998  -47.822  78.948 0.0000000000
76224  44.762  -19.390  64.830 0.0000000000
54144  31.070  -38.141  63.314 0.0000000000
54143  32.042  -38.342  63.081 0.0000000000
53000  31.466  -38.557  63.863 0.0000000000
52953  32.124  -39.086  65.672 0.0000000000
50715  23.262  -40.935  66.777 0.0000000000
49601  22.064  -42.053  66.890 0.0000000000
51815  23.130  -39.332  64.382 0.0000000000
51803  23.570  -39.306  65.009 0.0000000000
52932  24.102  -38.992  65.448 0.0000000000
45836  20.647  -44.524  76.789 0.0000000000
45806  20.159  -44.587  78.484 0.0000000000
80036  56.370  -15.386  49.452 0.0000000000
73913  46.748  -20.461  55.707 0.0000000000
75160  47.048  -20.057  56.262 0.0000000000
68343  41.773  -25.526  59.236 0.0000000000
69372  42.519  -24.845  60.022 0.0000000000
68329  42.749  -25.525  60.404 0.0000000000
67221  43.470  -25.707  61.532 0.0000000000
52903  40.719  -38.711  67.251 0.0000000000
54079  40.616  -37.660  66.409 0.0000000000
52902  41.526  -38.141  67.712 0.0000000000
54049  41.999  -37.473  68.144 0.0000000000
55266  42.501  -36.997  68.555 0.0000000000
81194  54.070  -15.147  47.490 0.0000000000
81179  55.862  -14.844  48.027 0.0000000000
81288  60.976  -14.025  40.872 0.0000000000
81259  61.066  -14.608  41.747 0.0000000000
81260  60.321  -14.462  42.050 0.0000000000
54050  29.211  -38.286  68.653 0.0000000000
52852  30.015  -38.327  70.378 0.0000000000
45826  16.106  -45.361  76.393 0.0000000000
44653  15.253  -45.421  79.403 0.0000000000
44644  13.879  -46.529  81.072 0.0000000000
80041  52.403  -16.210  48.866 0.0000000000
78887  52.463  -16.411  49.310 0.0000000000
77625  51.972  -18.208  52.984 0.0000000000
73835  45.806  -20.713  59.644 0.0000000000
77441  46.565  -18.648  64.821 0.0000000000
80056  51.979  -15.975  48.299 0.0000000000
41402  8.128  -49.108  76.188 0.0000000000
40203  8.532  -49.679  76.814 0.0000000000
40193  8.120  -50.201  77.518 0.0000000000
39019  7.696  -50.686  78.936 0.0000000000
72759  43.207  -22.084  56.272 0.0000000000
72729  41.744  -21.335  58.047 0.0000000000
73825  42.525  -20.237  61.121 0.0000000000
55398  35.023  -36.014  61.738 0.0000000000
52976  35.097  -39.194  64.338 0.0000000000
52996  35.577  -38.593  63.685 0.0000000000
51797  37.959  -39.418  65.592 0.0000000000
51763  38.095  -40.563  66.969 0.0000000000
50712  38.385  -40.786  67.812 0.0000000000
52884  32.018  -38.789  68.753 0.0000000000
52864  33.979  -39.554  69.965 0.0000000000
50632  24.314  -40.403  72.523 0.0000000000
48407  22.460  -42.732  69.624 0.0000000000
47149  21.764  -44.292  72.975 0.0000000000
45942  21.156  -44.436  72.012 0.0000000000
48470  17.933  -42.946  66.437 0.0000000000
47245  16.588  -43.974  68.304 0.0000000000
45991  17.293  -44.424  69.769 0.0000000000
45946  17.397  -44.901  71.286 0.0000000000
45902  16.250  -45.439  72.792 0.0000000000
45903  15.293  -45.484  72.618 0.0000000000
55404  28.936  -36.840  61.391 0.0000000000
55351  26.433  -36.879  63.464 0.0000000000
55350  27.108  -36.891  63.337 0.0000000000
55328  26.995  -36.863  64.083 0.0000000000
54083  28.000  -37.781  66.092 0.0000000000
55283  26.918  -37.682  66.101 0.0000000000
54068  26.691  -38.084  67.090 0.0000000000
52854  25.364  -38.863  70.034 0.0000000000
51689  24.685  -39.524  71.541 0.0000000000
41345  9.889  -49.147  80.810 0.0000000000
41339  10.233  -48.628  81.114 0.0000000000
41340  9.798  -48.789  81.640 0.0000000000
41335  9.779  -48.771  82.419 0.0000000000
77546  58.742  -17.399  55.951 0.0000000000
77620  55.897  -17.535  54.372 0.0000000000
78756  55.663  -16.837  57.481 0.0000000000
75178  48.286  -19.671  55.087 0.0000000000
77492  48.987  -17.875  60.474 0.0000000000
78713  50.993  -16.088  59.745 0.0000000000
72745  38.022  -21.450  58.164 0.0000000000
73870  38.586  -21.142  58.782 0.0000000000
70467  42.157  -22.903  61.273 0.0000000000
71592  41.667  -22.593  61.439 0.0000000000
70449  42.408  -22.761  61.835 0.0000000000
71573  41.950  -22.335  62.054 0.0000000000
71551  42.347  -22.002  62.628 0.0000000000
72670  42.649  -21.606  62.940 0.0000000000
72669  43.047  -21.720  63.294 0.0000000000
71534  43.238  -21.989  63.498 0.0000000000
71521  44.005  -22.094  65.057 0.0000000000
59130  40.994  -33.900  64.171 0.0000000000
59150  41.542  -32.997  63.959 0.0000000000
60366  41.492  -32.362  63.533 0.0000000000
61503  41.433  -31.480  63.015 0.0000000000
60365  42.007  -32.092  64.027 0.0000000000
61495  42.527  -31.467  64.318 0.0000000000
55221  43.950  -36.568  70.773 0.0000000000
56513  44.207  -36.315  71.220 0.0000000000
56529  44.426  -36.076  70.838 0.0000000000
57781  44.408  -35.019  69.989 0.0000000000
61471  44.824  -31.522  67.362 0.0000000000
63774  44.730  -29.581  66.189 0.0000000000
64984  44.835  -28.491  65.551 0.0000000000
64999  44.485  -28.071  64.765 0.0000000000
64968  45.129  -28.802  66.311 0.0000000000
64983  45.318  -28.154  66.178 0.0000000000
66091  45.574  -27.451  66.503 0.0000000000
82266  54.998  -13.943  45.249 0.0000000000
82276  55.129  -13.407  44.349 0.0000000000
82285  57.063  -13.581  43.152 0.0000000000
82273  57.532  -14.139  43.704 0.0000000000
81224  58.189  -14.574  44.888 0.0000000000
80050  58.275  -15.020  48.387 0.0000000000
81176  58.673  -14.810  47.419 0.0000000000
80048  60.955  -15.804  48.582 0.0000000000
81285  63.511  -14.208  40.101 0.0000000000
81284  64.558  -14.015  39.863 0.0000000000
80093  63.768  -16.412  46.259 0.0000000000
54013  27.689  -37.703  71.247 0.0000000000
53971  27.131  -38.286  73.177 0.0000000000
43558  13.303  -46.817  80.773 0.0000000000
43541  12.742  -46.948  81.968 0.0000000000
43534  12.705  -47.225  82.411 0.0000000000
76408  49.989  -18.314  51.688 0.0000000000
75078  45.207  -19.954  62.618 0.0000000000
76223  45.385  -19.235  64.647 0.0000000000
76206  45.949  -18.880  65.123 0.0000000000
40194  6.890  -50.169  77.597 0.0000000000
39027  6.138  -50.099  77.906 0.0000000000
39021  5.809  -50.360  78.482 0.0000000000
40185  5.179  -49.489  78.244 0.0000000000
39022  5.239  -50.052  78.693 0.0000000000
39003  5.526  -51.382  80.173 0.0000000000
73868  40.324  -20.756  58.511 0.0000000000
54163  33.663  -37.770  62.370 0.0000000000
54141  34.166  -38.253  62.956 0.0000000000
50683  24.074  -40.673  69.482 0.0000000000
48445  22.799  -41.993  68.115 0.0000000000
48409  20.694  -43.515  69.492 0.0000000000
47224  14.892  -44.104  68.721 0.0000000000
45972  14.953  -44.906  70.258 0.0000000000
45973  13.970  -44.933  70.149 0.0000000000
55353  24.582  -37.182  63.736 0.0000000000
55331  24.980  -37.400  64.920 0.0000000000
54102  25.375  -37.844  65.765 0.0000000000
54086  25.250  -38.273  66.177 0.0000000000
52911  25.119  -38.800  66.884 0.0000000000
51787  24.542  -39.342  66.660 0.0000000000
51768  24.739  -39.483  67.431 0.0000000000
80008  58.718  -15.921  51.123 0.0000000000
77601  54.766  -17.862  54.746 0.0000000000
78776  55.289  -17.216  56.780 0.0000000000
75223  46.671  -20.728  52.133 0.0000000000
73961  47.181  -20.792  53.346 0.0000000000
75193  47.602  -20.192  54.599 0.0000000000
75158  48.151  -19.423  55.869 0.0000000000
76311  48.872  -18.382  57.695 0.0000000000
78669  48.993  -17.373  62.951 0.0000000000
71632  38.651  -22.600  58.809 0.0000000000
71623  39.166  -22.373  59.480 0.0000000000
70488  40.539  -23.069  59.951 0.0000000000
69353  42.325  -24.227  60.102 0.0000000000
70466  42.620  -23.651  60.861 0.0000000000
70447  43.629  -23.647  62.363 0.0000000000
70432  44.048  -23.561  63.115 0.0000000000
56637  38.664  -35.947  63.898 0.0000000000
56652  38.984  -35.468  63.675 0.0000000000
55324  39.219  -36.219  64.765 0.0000000000
56618  39.621  -35.890  64.945 0.0000000000
56617  40.364  -35.719  65.350 0.0000000000
55293  41.023  -36.653  66.394 0.0000000000
56602  40.845  -36.031  65.974 0.0000000000
57860  40.979  -35.143  65.363 0.0000000000
57859  41.762  -34.747  65.668 0.0000000000
57858  42.363  -34.393  65.956 0.0000000000
82254  54.505  -14.144  45.806 0.0000000000
81227  55.779  -14.266  45.622 0.0000000000
81226  56.460  -14.304  45.445 0.0000000000
82334  62.172  -13.060  39.802 0.0000000000
82318  61.637  -13.187  40.129 0.0000000000
81286  62.428  -13.981  40.096 0.0000000000
81304  63.100  -13.843  39.783 0.0000000000
80127  65.006  -15.686  42.756 0.0000000000
80103  61.639  -15.462  44.048 0.0000000000
80096  60.693  -15.312  44.854 0.0000000000
52955  30.313  -38.421  65.604 0.0000000000
52930  30.517  -38.557  66.464 0.0000000000
52885  30.990  -38.628  68.712 0.0000000000
54024  29.533  -38.070  71.056 0.0000000000
54023  30.102  -38.143  71.820 0.0000000000
52836  30.793  -38.429  72.205 0.0000000000
50735  21.724  -41.080  64.963 0.0000000000
45808  18.272  -44.439  78.526 0.0000000000
45792  18.204  -44.530  79.401 0.0000000000
45793  17.473  -44.696  79.256 0.0000000000
45779  17.971  -44.684  80.079 0.0000000000
44643  14.472  -45.960  80.717 0.0000000000
44630  15.227  -45.685  81.103 0.0000000000
45766  15.598  -45.364  80.723 0.0000000000
80025  54.129  -15.897  50.118 0.0000000000
78875  53.799  -16.461  50.566 0.0000000000
77638  54.001  -17.615  53.295 0.0000000000
77652  51.529  -17.718  51.540 0.0000000000
77650  52.996  -17.491  52.256 0.0000000000
77578  53.407  -17.936  55.476 0.0000000000
73875  46.303  -20.690  57.220 0.0000000000
75108  47.242  -19.642  59.730 0.0000000000
75077  46.383  -19.694  62.590 0.0000000000
76221  46.867  -18.769  64.106 0.0000000000
76234  47.071  -18.926  63.393 0.0000000000
77467  48.132  -18.328  62.954 0.0000000000
78654  48.934  -17.190  63.767 0.0000000000
66186  41.165  -27.284  59.202 0.0000000000
66159  41.856  -27.542  60.328 0.0000000000
52830  41.735  -38.586  70.729 0.0000000000
53981  42.417  -38.356  71.582 0.0000000000
80069  53.892  -15.442  48.200 0.0000000000
42517  10.325  -48.346  76.134 0.0000000000
42503  10.703  -48.500  76.878 0.0000000000
41384  10.409  -48.943  77.215 0.0000000000
41371  10.321  -49.560  78.185 0.0000000000
40170  10.325  -49.566  79.007 0.0000000000
40181  9.866  -49.903  78.377 0.0000000000
40165  9.424  -49.806  80.383 0.0000000000
39001  7.683  -50.709  80.726 0.0000000000
40167  8.018  -50.219  81.380 0.0000000000
40155  7.977  -50.331  82.501 0.0000000000
73863  45.216  -21.169  58.191 0.0000000000
73877  44.403  -21.556  57.381 0.0000000000
72727  43.065  -21.510  57.920 0.0000000000
72728  42.641  -21.459  57.962 0.0000000000
75079  44.202  -19.967  62.711 0.0000000000
75034  43.790  -20.015  65.468 0.0000000000
57935  36.373  -34.822  61.291 0.0000000000
56666  37.264  -35.248  62.329 0.0000000000
56654  37.594  -35.783  62.871 0.0000000000
55400  33.590  -36.663  61.423 0.0000000000
55368  35.313  -36.637  62.276 0.0000000000
55345  36.075  -37.141  62.942 0.0000000000
55367  36.389  -36.380  62.637 0.0000000000
55343  38.248  -36.294  63.734 0.0000000000
55325  38.569  -36.734  64.415 0.0000000000
52926  38.647  -39.065  65.676 0.0000000000
52925  39.396  -38.843  66.100 0.0000000000
52924  40.150  -38.512  66.495 0.0000000000
51760  40.676  -39.255  67.916 0.0000000000
51737  40.713  -39.479  68.560 0.0000000000
51713  40.672  -39.536  69.498 0.0000000000
52927  33.247  -39.328  66.959 0.0000000000
51802  33.658  -39.572  66.506 0.0000000000
51785  34.728  -39.891  66.918 0.0000000000
51704  34.398  -39.850  70.645 0.0000000000
51703  35.210  -40.188  70.521 0.0000000000
51742  35.776  -40.183  68.556 0.0000000000
51765  36.241  -40.389  67.569 0.0000000000
51740  37.030  -40.655  68.019 0.0000000000
50700  37.728  -40.811  68.399 0.0000000000
50699  38.497  -40.723  68.705 0.0000000000
51700  38.313  -40.444  70.555 0.0000000000
50660  38.619  -40.412  70.066 0.0000000000
50698  39.284  -40.372  69.079 0.0000000000
51739  39.682  -40.146  69.401 0.0000000000
51697  40.474  -39.482  70.327 0.0000000000
52831  40.917  -39.062  71.032 0.0000000000
51633  25.441  -39.935  73.613 0.0000000000
50600  24.096  -41.602  74.091 0.0000000000
48326  23.761  -42.728  74.457 0.0000000000
47129  23.427  -43.378  74.391 0.0000000000
49522  22.948  -42.739  71.208 0.0000000000
48378  23.352  -42.673  72.357 0.0000000000
47130  22.833  -44.146  74.805 0.0000000000
45874  21.269  -44.623  75.020 0.0000000000
49602  21.288  -42.168  66.584 0.0000000000
48467  20.820  -42.340  66.689 0.0000000000
47218  20.098  -43.732  69.591 0.0000000000
47244  17.438  -43.909  68.543 0.0000000000
47262  17.835  -43.676  68.168 0.0000000000
48429  18.721  -43.560  68.368 0.0000000000
47242  18.949  -43.717  68.845 0.0000000000
47219  19.244  -43.877  69.493 0.0000000000
47199  20.299  -43.935  70.357 0.0000000000
47184  19.888  -44.249  70.750 0.0000000000
45944  19.595  -44.589  71.398 0.0000000000
45921  18.861  -44.928  72.348 0.0000000000
45855  18.611  -44.877  75.324 0.0000000000
44689  14.263  -45.840  75.076 0.0000000000
45904  14.623  -45.532  72.224 0.0000000000
44706  14.462  -45.720  72.924 0.0000000000
44723  13.590  -45.911  72.256 0.0000000000
44696  14.288  -45.747  73.985 0.0000000000
43607  12.778  -46.575  75.516 0.0000000000
43619  12.238  -46.645  74.840 0.0000000000
43608  12.268  -46.768  75.418 0.0000000000
43610  10.512  -47.693  75.452 0.0000000000
42529  9.943  -48.073  75.477 0.0000000000
41415  9.269  -48.591  75.593 0.0000000000
41417  7.434  -48.499  75.660 0.0000000000
55372  31.091  -37.331  62.001 0.0000000000
54166  30.798  -37.756  62.653 0.0000000000
54121  30.573  -38.032  63.964 0.0000000000
55375  28.212  -36.894  62.131 0.0000000000
55348  28.858  -37.057  63.039 0.0000000000
54146  29.295  -37.350  63.679 0.0000000000
54122  29.757  -37.856  64.488 0.0000000000
52981  30.104  -38.226  65.052 0.0000000000
55296  26.259  -37.850  66.296 0.0000000000
55285  26.510  -38.043  66.679 0.0000000000
52887  25.829  -38.434  68.086 0.0000000000
54041  26.891  -37.889  68.822 0.0000000000
54014  26.903  -37.731  70.824 0.0000000000
52821  25.660  -38.535  71.844 0.0000000000
52804  25.771  -38.934  73.013 0.0000000000
47081  19.090  -44.287  78.241 0.0000000000
47069  19.461  -44.386  78.417 0.0000000000
42488  11.414  -48.304  78.203 0.0000000000
42471  11.609  -48.181  79.290 0.0000000000
42453  11.482  -47.867  80.350 0.0000000000
42445  11.636  -47.489  81.291 0.0000000000
42437  11.718  -47.264  82.069 0.0000000000
43535  12.214  -47.121  82.259 0.0000000000
77600  55.362  -17.774  54.859 0.0000000000
77599  55.741  -17.633  54.697 0.0000000000
78809  56.285  -17.470  54.822 0.0000000000
76439  48.384  -18.371  50.525 0.0000000000
76391  49.607  -18.793  52.114 0.0000000000
76379  50.030  -18.936  52.707 0.0000000000
75205  49.402  -19.361  52.826 0.0000000000
75204  50.024  -19.135  53.089 0.0000000000
77580  51.543  -18.121  55.869 0.0000000000
77581  50.730  -18.144  56.071 0.0000000000
75146  46.898  -20.070  57.047 0.0000000000
77533  49.342  -18.010  58.037 0.0000000000
78683  50.091  -16.434  61.716 0.0000000000
77515  49.707  -17.710  58.330 0.0000000000
77514  50.245  -17.418  58.029 0.0000000000
78734  52.426  -15.764  58.415 0.0000000000
79939  52.735  -15.498  58.735 0.0000000000
72721  38.876  -21.864  59.384 0.0000000000
72702  40.591  -21.956  61.288 0.0000000000
73842  39.823  -21.454  60.323 0.0000000000
73840  41.195  -20.514  60.546 0.0000000000
75111  41.907  -20.276  61.228 0.0000000000
75081  42.635  -20.354  62.469 0.0000000000
73799  42.393  -21.023  62.925 0.0000000000
73798  42.731  -20.683  63.141 0.0000000000
57902  38.930  -35.138  63.272 0.0000000000
57918  40.520  -33.675  63.335 0.0000000000
59173  39.776  -33.335  62.227 0.0000000000
62684  40.875  -30.015  60.894 0.0000000000
62647  41.413  -31.030  62.620 0.0000000000
63825  41.422  -30.112  61.664 0.0000000000
63843  41.317  -29.560  61.207 0.0000000000
63842  41.710  -29.165  61.448 0.0000000000
65038  41.980  -28.459  61.400 0.0000000000
54022  42.382  -37.878  69.650 0.0000000000
54036  42.660  -37.371  69.358 0.0000000000
55250  43.714  -36.415  69.804 0.0000000000
56556  43.137  -36.014  68.624 0.0000000000
55265  42.731  -36.369  68.313 0.0000000000
57825  42.909  -35.154  67.457 0.0000000000
59089  43.081  -34.040  66.447 0.0000000000
57794  44.517  -34.428  69.536 0.0000000000
60299  45.011  -33.149  69.133 0.0000000000
59054  44.530  -33.726  68.789 0.0000000000
59055  44.067  -34.240  68.578 0.0000000000
59072  43.971  -34.010  67.989 0.0000000000
59088  43.718  -33.486  66.828 0.0000000000
59107  43.368  -33.025  66.096 0.0000000000
60336  43.245  -32.488  65.640 0.0000000000
61486  43.079  -31.569  65.077 0.0000000000
61494  42.949  -30.987  64.653 0.0000000000
62622  44.021  -30.515  65.766 0.0000000000
62631  43.422  -30.442  64.891 0.0000000000
63793  42.703  -30.031  63.814 0.0000000000
63806  42.970  -29.100  63.422 0.0000000000
65012  42.859  -28.892  63.128 0.0000000000
66140  43.082  -27.436  62.337 0.0000000000
66139  43.514  -27.360  62.906 0.0000000000
67203  43.949  -26.479  63.150 0.0000000000
66123  44.563  -27.410  64.576 0.0000000000
67202  44.359  -26.519  63.873 0.0000000000
68292  44.397  -25.674  63.444 0.0000000000
69304  44.667  -25.029  63.758 0.0000000000
70431  44.556  -24.199  63.803 0.0000000000
64960  45.775  -28.549  67.933 0.0000000000
67175  45.769  -26.514  66.838 0.0000000000
67156  46.096  -26.437  67.724 0.0000000000
69283  45.223  -24.626  65.383 0.0000000000
70419  44.792  -23.742  64.551 0.0000000000
71520  44.479  -22.840  64.842 0.0000000000
71509  44.633  -22.372  65.864 0.0000000000
71502  45.070  -22.450  66.975 0.0000000000
83412  58.773  -12.044  41.810 0.0000000000
83429  58.838  -13.249  41.726 0.0000000000
82297  59.054  -13.851  41.973 0.0000000000
81262  58.983  -14.263  42.660 0.0000000000
81245  59.427  -14.505  43.038 0.0000000000
81234  59.229  -14.656  43.788 0.0000000000
80087  59.555  -14.956  46.059 0.0000000000
40159  9.240  -49.489  81.283 0.0000000000
40161  7.798  -50.172  81.960 0.0000000000
40173  4.924  -49.761  78.744 0.0000000000
40180  10.355  -49.556  78.473 0.0000000000
41344  10.504  -48.803  80.435 0.0000000000
41369  11.277  -48.584  78.724 0.0000000000
41400  10.276  -48.755  76.624 0.0000000000
42439  10.306  -48.232  82.057 0.0000000000
42472  11.184  -48.588  79.481 0.0000000000
42487  11.815  -47.982  78.613 0.0000000000
42489  10.911  -48.593  77.570 0.0000000000
42516  10.902  -48.118  76.587 0.0000000000
43547  13.312  -46.900  81.514 0.0000000000
43560  11.989  -47.401  80.430 0.0000000000
44629  15.716  -45.598  81.147 0.0000000000
44699  11.785  -46.627  74.010 0.0000000000
45823  18.977  -44.358  77.645 0.0000000000
45967  19.502  -44.349  70.762 0.0000000000
47062  19.489  -44.416  79.170 0.0000000000
47063  18.935  -44.335  79.451 0.0000000000
47064  18.552  -44.480  79.710 0.0000000000
47080  19.330  -44.370  78.012 0.0000000000
47166  21.650  -44.222  72.189 0.0000000000
47197  21.692  -43.664  70.958 0.0000000000
47243  18.229  -43.759  68.596 0.0000000000
49468  24.205  -42.048  74.466 0.0000000000
50659  38.849  -40.289  70.115 0.0000000000
50661  38.114  -40.606  69.919 0.0000000000
50679  38.938  -40.308  69.835 0.0000000000
50680  38.541  -40.573  69.487 0.0000000000
50697  39.643  -40.270  68.838 0.0000000000
51632  26.161  -39.786  73.455 0.0000000000
51714  40.026  -39.913  69.754 0.0000000000
51715  39.439  -40.107  69.826 0.0000000000
51804  23.036  -39.771  64.746 0.0000000000
52832  40.339  -39.292  71.449 0.0000000000
52846  41.859  -38.470  69.926 0.0000000000
52956  24.328  -38.504  65.361 0.0000000000
53994  43.601  -37.474  71.512 0.0000000000
54008  42.967  -37.594  70.667 0.0000000000
54009  42.397  -38.055  70.375 0.0000000000
54062  41.638  -37.316  67.375 0.0000000000
54063  41.199  -37.848  67.064 0.0000000000
54095  39.292  -37.755  65.551 0.0000000000
54101  27.248  -37.308  65.326 0.0000000000
54118  38.031  -37.544  64.503 0.0000000000
54120  36.715  -38.322  64.109 0.0000000000
55236  43.425  -37.040  70.166 0.0000000000
55252  42.650  -37.196  69.021 0.0000000000
55278  42.537  -36.067  67.848 0.0000000000
55346  35.497  -37.252  62.690 0.0000000000
56542  44.607  -35.302  70.543 0.0000000000
56570  42.888  -35.691  68.012 0.0000000000
56616  41.111  -35.492  65.718 0.0000000000
56635  39.965  -35.401  64.749 0.0000000000
56667  36.499  -35.676  62.282 0.0000000000
56687  37.131  -34.946  61.996 0.0000000000
56690  34.687  -35.694  61.254 0.0000000000
56720  35.601  -35.047  61.161 0.0000000000
57808  44.163  -34.447  68.964 0.0000000000
57840  43.233  -34.221  66.788 0.0000000000
57842  42.038  -35.201  66.281 0.0000000000
60411  40.356  -32.034  61.752 0.0000000000
61514  41.058  -31.488  62.418 0.0000000000
61533  40.472  -31.389  61.365 0.0000000000
62614  45.035  -30.505  67.389 0.0000000000
62656  41.729  -30.299  62.341 0.0000000000
62657  41.405  -30.610  62.139 0.0000000000
63860  40.859  -29.531  60.548 0.0000000000
65039  41.567  -28.925  61.153 0.0000000000
66129  44.393  -27.150  64.200 0.0000000000
66172  41.461  -27.607  59.762 0.0000000000
67247  42.061  -26.062  59.596 0.0000000000
67248  41.649  -26.603  59.412 0.0000000000
68293  44.081  -25.524  62.682 0.0000000000
69373  41.998  -24.576  59.607 0.0000000000
70486  42.401  -23.921  60.375 0.0000000000
70489  40.013  -22.820  59.903 0.0000000000
71593  41.143  -22.328  61.394 0.0000000000
71611  40.122  -22.488  60.347 0.0000000000
71631  39.339  -22.856  59.183 0.0000000000
72648  43.174  -21.501  63.967 0.0000000000
72701  40.922  -21.764  61.735 0.0000000000
72744  39.447  -20.938  57.312 0.0000000000
73781  42.764  -21.210  63.175 0.0000000000
73811  41.146  -21.401  61.999 0.0000000000
73879  39.912  -20.782  57.944 0.0000000000
73895  39.175  -20.916  57.243 0.0000000000
73927  47.239  -20.439  54.500 0.0000000000
75069  42.579  -20.573  62.869 0.0000000000
75194  47.324  -20.153  55.079 0.0000000000
76187  44.198  -19.717  65.871 0.0000000000
76320  58.690  -17.643  55.933 0.0000000000
76343  52.160  -18.357  55.258 0.0000000000
77572  59.527  -17.478  54.996 0.0000000000
80005  61.048  -16.231  51.165 0.0000000000
80052  54.890  -15.477  48.987 0.0000000000
82309  58.943  -13.634  41.882 0.0000000000
83414  57.263  -12.954  42.545 0.0000000000
