#!ascii label  , from subject MOT01 vox2ras=TkReg
773
109222  44.315  11.102  47.213 0.0000000000
107478  46.261  9.407  36.567 0.0000000000
112243  51.415  15.073  35.091 0.0000000000
103357  47.625  6.340  29.695 0.0000000000
104306  43.848  6.431  43.829 0.0000000000
112187  54.393  14.521  39.346 0.0000000000
107531  48.766  10.460  30.484 0.0000000000
110297  42.067  12.375  37.640 0.0000000000
110248  50.169  13.160  41.561 0.0000000000
108346  45.556  10.219  42.263 0.0000000000
103218  46.489  5.461  38.351 0.0000000000
112188  48.583  14.812  38.930 0.0000000000
111318  44.866  13.459  33.629 0.0000000000
110316  49.653  12.429  34.835 0.0000000000
112319  47.252  14.201  28.981 0.0000000000
111240  43.949  13.967  40.114 0.0000000000
109242  47.967  12.052  45.002 0.0000000000
108322  45.880  10.824  45.334 0.0000000000
103175  44.869  6.053  41.288 0.0000000000
113142  53.193  15.912  38.261 0.0000000000
114053  51.120  16.153  39.420 0.0000000000
112214  49.499  14.572  37.056 0.0000000000
112231  46.314  14.222  36.741 0.0000000000
112261  47.673  15.346  34.297 0.0000000000
109298  47.820  11.321  38.621 0.0000000000
110286  50.029  12.432  38.449 0.0000000000
108397  47.699  10.868  35.593 0.0000000000
106561  49.470  9.239  29.086 0.0000000000
110367  48.784  12.686  29.249 0.0000000000
107553  47.459  9.934  28.572 0.0000000000
108428  45.670  10.431  30.871 0.0000000000
104474  45.476  6.661  29.963 0.0000000000
102123  45.783  4.246  32.894 0.0000000000
107402  42.732  9.309  47.352 0.0000000000
107411  44.052  9.026  45.072 0.0000000000
112210  53.700  14.852  37.291 0.0000000000
104439  47.396  6.635  33.522 0.0000000000
106526  46.604  8.963  33.205 0.0000000000
105533  49.389  8.241  31.564 0.0000000000
105553  51.835  8.593  29.978 0.0000000000
111207  52.125  13.882  43.901 0.0000000000
111197  49.737  12.824  44.502 0.0000000000
109271  48.122  11.998  42.032 0.0000000000
107457  45.918  9.960  39.222 0.0000000000
106438  44.106  8.738  43.008 0.0000000000
106473  44.531  8.325  40.034 0.0000000000
104393  45.586  6.784  37.194 0.0000000000
103269  48.246  5.089  35.527 0.0000000000
107392  41.913  9.803  48.684 0.0000000000
114011  49.542  16.475  42.196 0.0000000000
113124  46.159  15.193  40.594 0.0000000000
111261  45.213  13.878  38.529 0.0000000000
111295  43.508  13.255  35.609 0.0000000000
107494  43.937  9.569  34.328 0.0000000000
111237  51.710  13.754  40.272 0.0000000000
110293  52.568  13.295  37.164 0.0000000000
111302  51.599  14.068  33.835 0.0000000000
109336  47.275  11.855  33.104 0.0000000000
111324  48.522  14.367  31.871 0.0000000000
113201  48.925  15.682  32.008 0.0000000000
112291  46.170  14.034  31.445 0.0000000000
107509  44.488  9.340  32.502 0.0000000000
112179  43.590  14.169  40.843 0.0000000000
112162  44.622  14.851  41.039 0.0000000000
109228  46.539  11.758  46.663 0.0000000000
109229  45.336  11.023  46.392 0.0000000000
113159  52.390  15.021  36.544 0.0000000000
113153  51.092  14.945  37.215 0.0000000000
112227  50.926  14.851  35.944 0.0000000000
112246  48.241  14.951  35.258 0.0000000000
112259  49.886  15.628  34.433 0.0000000000
108381  46.879  10.211  37.205 0.0000000000
108379  48.188  11.202  37.579 0.0000000000
108389  46.927  10.230  36.137 0.0000000000
105557  48.165  8.107  29.260 0.0000000000
107552  48.182  10.112  28.502 0.0000000000
105558  47.253  8.164  29.130 0.0000000000
106564  46.637  8.837  29.263 0.0000000000
104484  46.159  6.871  29.601 0.0000000000
102166  46.041  4.975  31.233 0.0000000000
103349  46.703  5.312  30.212 0.0000000000
106422  42.730  8.268  47.005 0.0000000000
112199  54.833  15.349  38.094 0.0000000000
112200  54.266  14.677  38.283 0.0000000000
104438  48.631  6.154  33.175 0.0000000000
104456  47.709  7.302  32.613 0.0000000000
105519  50.591  7.293  32.017 0.0000000000
106551  52.808  8.668  30.666 0.0000000000
104470  52.408  7.155  30.451 0.0000000000
105546  50.875  7.748  30.000 0.0000000000
109255  46.670  11.171  43.234 0.0000000000
109263  48.041  12.008  43.104 0.0000000000
109265  46.697  11.176  42.150 0.0000000000
109281  46.655  10.926  40.251 0.0000000000
108353  45.531  10.135  41.163 0.0000000000
105385  43.440  7.410  44.528 0.0000000000
106433  43.832  8.413  44.098 0.0000000000
105394  43.624  7.412  43.504 0.0000000000
103190  45.440  5.868  40.250 0.0000000000
105425  44.252  7.071  40.741 0.0000000000
104368  45.151  6.595  39.126 0.0000000000
105462  44.890  7.949  38.737 0.0000000000
103235  45.800  6.207  37.568 0.0000000000
103252  46.574  5.839  36.338 0.0000000000
103233  47.389  5.032  37.525 0.0000000000
102096  50.776  4.702  35.996 0.0000000000
114054  50.023  15.929  39.655 0.0000000000
114042  50.185  16.327  40.333 0.0000000000
114043  49.176  16.001  40.191 0.0000000000
114029  48.209  16.225  41.011 0.0000000000
113135  47.592  14.932  39.591 0.0000000000
112191  46.165  14.417  39.548 0.0000000000
112204  47.288  14.342  38.569 0.0000000000
112263  44.820  14.547  34.854 0.0000000000
112249  44.647  14.231  35.820 0.0000000000
111306  43.880  13.410  35.064 0.0000000000
109333  43.603  11.553  35.196 0.0000000000
109332  44.165  11.628  34.403 0.0000000000
111209  50.742  13.287  43.008 0.0000000000
111217  52.403  13.920  42.912 0.0000000000
111228  50.924  13.447  40.983 0.0000000000
109304  50.448  12.199  36.590 0.0000000000
110295  51.296  12.544  37.042 0.0000000000
110305  51.312  12.374  36.046 0.0000000000
110322  52.520  13.320  35.079 0.0000000000
110324  50.976  13.180  34.342 0.0000000000
107520  47.763  10.040  31.215 0.0000000000
108419  46.975  10.675  32.476 0.0000000000
108427  47.499  11.138  31.298 0.0000000000
111349  48.467  13.684  29.029 0.0000000000
111341  48.235  13.497  30.474 0.0000000000
112303  48.447  14.773  30.304 0.0000000000
112278  48.959  15.128  31.657 0.0000000000
113216  47.815  15.491  30.640 0.0000000000
113203  47.044  15.375  31.416 0.0000000000
111333  46.416  13.735  30.689 0.0000000000
106554  44.907  8.369  30.772 0.0000000000
108429  45.343  10.591  31.557 0.0000000000
106547  43.988  7.923  32.168 0.0000000000
106535  43.762  8.147  32.834 0.0000000000
112147  54.823  14.223  42.270 0.0000000000
111253  42.549  13.134  39.066 0.0000000000
111252  43.630  13.613  39.283 0.0000000000
110210  48.494  12.487  46.070 0.0000000000
110211  47.776  12.258  46.423 0.0000000000
109244  46.594  11.135  44.325 0.0000000000
108335  46.030  10.684  43.818 0.0000000000
104314  44.423  6.206  42.915 0.0000000000
114062  52.574  16.214  38.957 0.0000000000
113132  50.721  15.717  38.991 0.0000000000
112202  49.147  14.717  38.159 0.0000000000
112216  47.432  14.276  37.543 0.0000000000
112230  47.715  14.474  36.370 0.0000000000
112247  46.939  14.741  35.366 0.0000000000
112262  46.162  15.113  34.160 0.0000000000
110276  49.003  12.327  39.912 0.0000000000
110275  49.806  12.589  39.366 0.0000000000
109286  49.132  12.201  38.906 0.0000000000
109315  48.939  11.444  36.544 0.0000000000
109323  48.797  11.719  35.272 0.0000000000
108448  50.021  10.336  29.624 0.0000000000
108439  48.566  11.269  30.285 0.0000000000
108456  49.027  10.932  28.831 0.0000000000
109371  48.168  11.826  28.336 0.0000000000
110368  47.421  12.740  28.802 0.0000000000
110358  46.598  12.667  29.908 0.0000000000
108450  46.577  10.637  29.317 0.0000000000
106553  45.337  8.439  30.146 0.0000000000
104475  44.898  6.594  30.559 0.0000000000
101081  46.571  3.315  31.931 0.0000000000
108313  44.027  10.673  46.978 0.0000000000
108319  44.425  10.399  46.355 0.0000000000
107406  43.681  9.258  46.088 0.0000000000
105376  43.112  7.381  45.596 0.0000000000
104297  43.457  6.543  44.967 0.0000000000
114059  55.007  16.369  38.691 0.0000000000
113150  53.863  15.521  37.824 0.0000000000
112225  52.878  14.748  36.297 0.0000000000
105501  45.986  8.143  34.924 0.0000000000
106510  46.324  8.972  35.032 0.0000000000
105508  46.636  8.134  33.316 0.0000000000
105535  47.823  8.662  31.665 0.0000000000
106544  49.248  8.988  31.207 0.0000000000
106541  52.104  8.705  31.302 0.0000000000
107517  51.111  9.368  30.988 0.0000000000
107529  50.873  9.863  30.412 0.0000000000
106560  50.542  9.176  29.460 0.0000000000
104480  49.531  7.612  29.629 0.0000000000
103347  48.632  5.853  30.130 0.0000000000
102164  47.509  4.379  30.449 0.0000000000
111195  51.314  13.560  44.487 0.0000000000
110229  50.035  12.963  43.345 0.0000000000
110231  48.659  12.332  44.478 0.0000000000
110241  48.734  12.344  43.551 0.0000000000
110258  48.852  12.450  41.559 0.0000000000
109280  47.337  11.407  40.314 0.0000000000
108365  46.887  10.911  39.339 0.0000000000
107472  46.239  9.666  37.750 0.0000000000
108324  44.792  10.056  45.251 0.0000000000
107415  44.708  9.571  44.172 0.0000000000
107434  44.534  9.324  42.399 0.0000000000
104325  43.911  6.903  42.045 0.0000000000
106464  43.807  7.989  41.369 0.0000000000
107442  45.041  9.629  41.083 0.0000000000
107459  44.930  8.894  39.782 0.0000000000
106489  45.379  8.424  37.829 0.0000000000
106496  45.633  8.395  36.882 0.0000000000
104419  46.188  6.844  35.346 0.0000000000
103289  47.407  6.072  34.529 0.0000000000
103304  49.773  5.528  33.853 0.0000000000
102086  49.755  4.675  36.246 0.0000000000
103267  50.527  4.859  34.999 0.0000000000
108302  42.958  10.919  47.986 0.0000000000
107391  42.190  9.393  48.194 0.0000000000
106399  42.043  8.556  49.593 0.0000000000
114009  51.639  16.481  42.275 0.0000000000
114012  48.483  16.457  42.131 0.0000000000
112177  45.142  14.725  40.527 0.0000000000
111251  44.691  13.969  39.468 0.0000000000
111263  43.379  13.413  38.222 0.0000000000
111283  45.343  13.979  37.078 0.0000000000
111284  44.628  13.919  36.883 0.0000000000
111287  42.637  12.722  36.661 0.0000000000
111235  53.516  14.354  40.520 0.0000000000
111248  50.876  13.136  39.448 0.0000000000
111246  52.607  13.905  39.440 0.0000000000
111257  53.514  14.193  38.724 0.0000000000
111270  53.102  13.619  36.906 0.0000000000
112255  52.788  14.146  34.886 0.0000000000
113171  51.834  15.093  34.283 0.0000000000
108405  46.724  10.348  34.243 0.0000000000
109331  47.872  11.794  34.251 0.0000000000
110327  48.420  12.516  34.059 0.0000000000
110357  47.921  12.820  30.721 0.0000000000
111325  47.900  13.405  32.139 0.0000000000
110333  49.489  13.333  33.741 0.0000000000
111314  49.561  14.177  32.945 0.0000000000
112269  50.894  15.158  33.315 0.0000000000
113173  50.531  15.748  33.982 0.0000000000
113175  48.503  15.909  33.486 0.0000000000
113177  46.568  15.469  32.994 0.0000000000
111317  45.396  13.889  32.834 0.0000000000
110349  46.201  12.577  30.880 0.0000000000
109342  45.402  11.757  32.137 0.0000000000
109337  44.629  11.573  33.510 0.0000000000
107493  44.216  9.977  33.930 0.0000000000
101056  45.261  4.149  33.907 0.0000000000
113114  44.330  15.023  41.673 0.0000000000
109221  45.556  11.828  47.461 0.0000000000
112226  51.890  14.905  36.111 0.0000000000
112212  51.269  14.887  36.668 0.0000000000
112244  50.480  15.301  35.017 0.0000000000
107486  46.491  9.606  35.554 0.0000000000
104482  47.798  7.220  29.486 0.0000000000
105562  47.749  8.578  29.059 0.0000000000
104483  46.950  7.064  29.419 0.0000000000
103358  46.798  6.102  29.668 0.0000000000
112172  55.242  14.784  40.016 0.0000000000
112186  55.227  14.958  38.916 0.0000000000
104437  49.637  5.951  33.199 0.0000000000
104454  49.600  6.623  32.554 0.0000000000
104453  50.774  6.352  32.729 0.0000000000
103344  52.092  5.913  30.603 0.0000000000
104471  51.343  6.970  30.303 0.0000000000
109308  41.967  11.563  37.301 0.0000000000
108345  46.101  10.692  42.745 0.0000000000
108352  46.127  10.648  41.681 0.0000000000
103203  46.477  5.485  39.344 0.0000000000
104355  45.245  6.213  39.690 0.0000000000
103204  45.698  5.860  39.162 0.0000000000
103219  45.775  6.018  38.275 0.0000000000
103234  46.420  5.623  37.328 0.0000000000
113133  49.407  15.399  39.288 0.0000000000
114055  49.541  15.789  39.721 0.0000000000
113121  48.991  15.739  39.909 0.0000000000
113122  48.380  15.768  40.237 0.0000000000
113134  48.181  15.155  39.561 0.0000000000
112190  47.052  14.628  39.451 0.0000000000
112189  47.841  14.660  39.108 0.0000000000
111305  44.402  13.605  34.512 0.0000000000
110329  43.785  12.669  34.890 0.0000000000
110328  44.532  12.608  34.027 0.0000000000
111219  50.866  13.417  42.005 0.0000000000
110256  50.239  13.119  40.614 0.0000000000
109322  49.917  12.250  35.416 0.0000000000
109313  50.524  12.224  35.783 0.0000000000
109321  50.494  12.430  35.348 0.0000000000
110314  51.122  12.637  35.192 0.0000000000
110315  50.381  12.640  34.896 0.0000000000
107532  48.069  10.854  30.718 0.0000000000
112326  48.113  14.271  28.877 0.0000000000
112317  48.293  14.615  29.473 0.0000000000
113244  48.072  15.113  29.527 0.0000000000
113229  48.213  15.214  30.048 0.0000000000
113230  47.674  15.104  29.819 0.0000000000
113217  47.278  15.101  30.422 0.0000000000
112305  47.080  14.547  29.836 0.0000000000
105537  44.068  7.368  31.667 0.0000000000
106546  44.458  8.343  31.658 0.0000000000
105524  43.569  7.295  32.374 0.0000000000
111241  42.873  13.596  40.370 0.0000000000
110212  47.204  12.184  46.809 0.0000000000
109234  46.265  11.109  45.532 0.0000000000
108326  45.939  10.732  44.852 0.0000000000
114061  53.567  16.350  38.827 0.0000000000
112213  50.493  14.758  36.963 0.0000000000
113144  50.660  15.174  38.036 0.0000000000
113145  49.806  14.986  38.335 0.0000000000
112201  49.933  14.807  37.728 0.0000000000
112215  48.488  14.418  37.266 0.0000000000
109287  48.206  11.760  39.468 0.0000000000
109297  48.560  11.713  38.394 0.0000000000
108387  48.263  11.076  37.066 0.0000000000
108396  48.288  11.110  36.234 0.0000000000
109324  47.953  11.278  34.946 0.0000000000
107542  50.033  9.967  29.250 0.0000000000
108449  49.374  10.707  29.312 0.0000000000
107550  49.362  10.172  28.943 0.0000000000
108457  48.489  10.964  28.472 0.0000000000
108458  47.787  10.886  28.340 0.0000000000
109372  47.507  11.781  28.599 0.0000000000
108459  47.150  10.731  28.693 0.0000000000
109373  47.051  11.396  28.950 0.0000000000
107543  46.846  9.782  28.984 0.0000000000
105547  45.612  7.643  29.707 0.0000000000
106565  45.886  8.647  29.582 0.0000000000
105548  45.047  7.516  30.278 0.0000000000
103335  45.317  5.440  31.350 0.0000000000
102154  46.431  4.191  31.542 0.0000000000
108314  43.360  10.489  47.377 0.0000000000
108320  43.654  9.963  46.634 0.0000000000
107401  43.283  9.599  46.823 0.0000000000
106421  43.067  8.270  46.179 0.0000000000
103131  43.920  5.884  45.160 0.0000000000
112209  54.292  15.327  37.795 0.0000000000
112211  53.172  15.089  36.886 0.0000000000
112224  53.410  14.380  36.220 0.0000000000
104431  46.490  7.042  34.354 0.0000000000
105500  46.207  7.862  34.391 0.0000000000
104440  46.696  7.384  33.692 0.0000000000
105521  48.446  7.682  32.013 0.0000000000
105534  48.391  8.426  31.583 0.0000000000
106545  48.237  9.096  31.258 0.0000000000
105530  52.476  8.085  31.573 0.0000000000
106540  52.826  8.667  31.131 0.0000000000
106552  52.154  9.023  30.074 0.0000000000
107528  51.879  9.278  30.566 0.0000000000
107540  51.498  9.520  30.055 0.0000000000
107541  50.769  9.844  29.732 0.0000000000
106559  51.392  9.157  29.759 0.0000000000
104472  50.074  7.005  30.055 0.0000000000
104473  49.309  6.454  30.116 0.0000000000
104481  48.836  7.101  29.671 0.0000000000
111179  50.525  13.303  45.176 0.0000000000
111178  51.335  13.641  45.424 0.0000000000
111196  50.395  13.112  44.137 0.0000000000
109232  47.968  12.144  45.495 0.0000000000
110219  48.506  12.363  45.337 0.0000000000
110250  48.761  12.410  42.564 0.0000000000
109279  48.292  11.981  40.794 0.0000000000
109272  47.414  11.554  41.506 0.0000000000
108366  46.282  10.405  39.477 0.0000000000
109289  46.873  11.026  39.741 0.0000000000
108373  46.692  10.314  38.298 0.0000000000
107465  46.053  9.855  38.753 0.0000000000
107405  44.311  9.645  45.547 0.0000000000
106432  44.316  9.051  43.813 0.0000000000
107423  44.609  9.410  43.309 0.0000000000
103160  44.951  5.880  42.138 0.0000000000
104324  44.376  6.383  42.087 0.0000000000
105438  44.399  7.421  40.176 0.0000000000
105439  44.060  7.542  40.835 0.0000000000
106474  44.079  7.999  40.630 0.0000000000
106463  44.273  8.605  40.970 0.0000000000
107450  44.842  9.170  40.457 0.0000000000
105461  45.109  7.521  38.144 0.0000000000
106490  45.066  8.244  38.493 0.0000000000
105473  45.479  7.669  37.096 0.0000000000
104420  45.848  7.379  35.812 0.0000000000
104407  45.766  7.135  36.325 0.0000000000
103270  47.262  5.693  35.449 0.0000000000
103288  48.105  5.505  34.618 0.0000000000
103287  49.084  5.197  34.657 0.0000000000
103248  50.000  4.739  36.880 0.0000000000
103266  51.144  4.884  35.379 0.0000000000
103284  51.984  5.215  34.569 0.0000000000
109210  43.328  11.462  48.283 0.0000000000
108304  41.823  10.186  48.898 0.0000000000
108303  42.369  10.630  48.466 0.0000000000
107384  41.994  9.163  48.888 0.0000000000
114027  50.362  16.496  41.275 0.0000000000
114010  50.584  16.483  42.248 0.0000000000
113992  50.830  16.455  43.236 0.0000000000
113993  49.793  16.486  43.186 0.0000000000
113111  47.557  15.918  40.803 0.0000000000
113112  46.440  15.823  41.284 0.0000000000
113125  45.614  15.015  40.640 0.0000000000
111249  46.086  14.182  39.067 0.0000000000
111250  45.604  14.107  39.193 0.0000000000
111262  44.312  13.687  38.440 0.0000000000
112217  46.557  14.143  38.019 0.0000000000
112233  44.553  14.051  36.362 0.0000000000
111285  43.874  13.775  36.378 0.0000000000
111286  42.889  13.006  36.383 0.0000000000
110306  42.807  12.552  36.250 0.0000000000
110317  43.095  12.341  35.827 0.0000000000
108407  43.950  10.751  34.703 0.0000000000
111216  52.849  14.121  43.500 0.0000000000
111226  52.429  13.945  41.945 0.0000000000
112149  52.868  14.137  42.331 0.0000000000
112161  53.188  14.268  41.727 0.0000000000
112174  53.552  14.379  41.012 0.0000000000
111236  52.747  14.190  40.770 0.0000000000
110265  50.330  13.020  39.750 0.0000000000
110274  50.734  12.776  38.969 0.0000000000
110284  51.799  12.914  37.782 0.0000000000
111259  51.844  13.130  38.342 0.0000000000
111258  52.577  13.485  38.042 0.0000000000
111269  53.482  14.195  37.565 0.0000000000
111301  52.467  13.847  34.592 0.0000000000
111293  53.056  13.719  35.261 0.0000000000
112256  52.235  14.645  34.440 0.0000000000
112268  51.547  14.921  33.712 0.0000000000
107499  46.536  9.633  33.746 0.0000000000
107492  46.510  9.619  34.660 0.0000000000
108411  46.993  11.056  33.728 0.0000000000
110335  47.928  12.742  33.373 0.0000000000
109355  48.799  11.859  29.673 0.0000000000
109356  48.198  12.050  30.354 0.0000000000
110356  48.384  12.813  29.981 0.0000000000
111331  48.317  14.252  30.753 0.0000000000
111332  47.982  13.591  31.231 0.0000000000
111315  48.403  13.548  32.797 0.0000000000
111304  49.919  13.603  33.635 0.0000000000
112270  50.208  15.158  32.787 0.0000000000
113200  49.658  15.643  32.593 0.0000000000
113187  50.312  15.827  33.123 0.0000000000
113188  49.267  16.064  32.815 0.0000000000
113174  49.586  15.950  33.684 0.0000000000
113189  48.245  15.981  32.530 0.0000000000
112279  46.540  15.001  31.553 0.0000000000
113191  46.512  15.278  32.241 0.0000000000
112280  46.109  14.624  31.986 0.0000000000
112271  45.821  14.944  32.976 0.0000000000
111326  45.756  13.650  32.034 0.0000000000
109357  46.426  11.641  30.007 0.0000000000
110359  46.347  12.094  30.363 0.0000000000
109358  46.097  11.482  30.624 0.0000000000
108421  44.968  10.425  32.160 0.0000000000
109348  45.264  11.144  31.994 0.0000000000
109343  45.047  11.451  32.627 0.0000000000
108413  44.598  10.531  33.033 0.0000000000
107500  44.289  9.819  33.503 0.0000000000
105509  43.047  7.258  33.306 0.0000000000
106527  43.552  8.331  33.716 0.0000000000
102139  45.212  4.809  32.500 0.0000000000
101055  45.898  3.849  33.569 0.0000000000
112180  42.965  14.008  41.123 0.0000000000
112163  44.018  14.603  41.250 0.0000000000
112178  44.377  14.400  40.571 0.0000000000
109235  45.696  10.891  45.861 0.0000000000
108323  45.424  10.640  45.585 0.0000000000
113151  52.973  15.421  37.457 0.0000000000
113152  51.877  15.172  37.145 0.0000000000
112229  48.884  14.623  36.160 0.0000000000
112228  49.948  14.787  36.022 0.0000000000
112245  49.380  15.162  35.194 0.0000000000
112260  48.869  15.607  34.401 0.0000000000
108380  47.611  10.851  37.786 0.0000000000
109307  48.180  11.324  37.973 0.0000000000
108388  47.636  10.679  36.677 0.0000000000
106562  48.561  8.808  28.990 0.0000000000
106570  48.677  9.560  28.766 0.0000000000
106563  48.069  8.665  29.011 0.0000000000
105563  47.514  8.762  29.030 0.0000000000
106572  47.256  9.114  28.995 0.0000000000
105559  46.324  7.842  29.280 0.0000000000
103350  45.717  5.637  30.567 0.0000000000
103359  46.064  6.016  29.829 0.0000000000
102165  46.706  4.430  30.838 0.0000000000
107407  43.076  8.940  46.691 0.0000000000
112185  55.553  15.693  38.728 0.0000000000
104455  48.501  6.863  32.534 0.0000000000
105520  49.491  7.426  31.978 0.0000000000
106550  53.437  8.311  30.775 0.0000000000
105543  53.421  8.047  30.665 0.0000000000
105544  52.560  8.167  30.384 0.0000000000
105545  51.710  7.899  30.151 0.0000000000
105554  51.119  8.488  29.769 0.0000000000
103345  50.882  6.053  30.504 0.0000000000
111180  49.819  12.920  45.023 0.0000000000
109254  47.309  11.609  43.699 0.0000000000
109253  47.997  11.994  44.106 0.0000000000
109264  47.355  11.620  42.626 0.0000000000
109273  46.707  11.085  41.091 0.0000000000
108359  46.156  10.573  40.635 0.0000000000
108360  45.709  10.130  40.136 0.0000000000
106427  43.515  8.292  45.271 0.0000000000
106439  43.703  8.053  43.118 0.0000000000
103191  44.798  6.249  40.743 0.0000000000
104356  44.729  6.587  40.194 0.0000000000
104369  44.687  6.993  39.654 0.0000000000
105450  44.772  7.527  39.198 0.0000000000
105449  45.013  7.036  38.640 0.0000000000
104381  45.336  6.647  38.143 0.0000000000
104406  46.109  6.468  36.305 0.0000000000
104392  46.031  6.123  36.925 0.0000000000
103251  47.315  5.259  36.429 0.0000000000
103247  51.078  4.876  36.504 0.0000000000
103265  52.158  5.191  35.592 0.0000000000
114041  51.199  16.492  40.385 0.0000000000
114028  49.315  16.408  41.181 0.0000000000
114044  48.585  16.027  40.475 0.0000000000
113110  48.045  16.010  40.674 0.0000000000
113123  47.241  15.287  40.200 0.0000000000
112175  46.511  14.831  40.027 0.0000000000
112205  46.544  14.237  38.893 0.0000000000
111260  45.963  14.084  38.582 0.0000000000
112248  45.639  14.532  35.548 0.0000000000
112232  45.167  14.169  36.396 0.0000000000
111294  44.134  13.861  35.365 0.0000000000
111208  51.432  13.553  43.495 0.0000000000
111218  51.601  13.628  42.475 0.0000000000
111227  51.701  13.765  41.417 0.0000000000
110296  50.265  12.296  37.509 0.0000000000
110285  50.935  12.584  38.043 0.0000000000
110304  52.090  12.760  36.289 0.0000000000
110303  52.712  13.186  36.498 0.0000000000
110313  52.015  12.827  35.453 0.0000000000
110323  51.881  13.234  34.650 0.0000000000
107507  47.113  9.708  32.128 0.0000000000
107508  46.725  9.781  32.875 0.0000000000
109341  47.239  11.877  31.982 0.0000000000
111340  48.411  13.819  29.832 0.0000000000
112289  48.630  14.865  31.059 0.0000000000
111323  49.159  14.797  32.163 0.0000000000
113215  48.481  15.354  30.994 0.0000000000
113202  48.003  15.776  31.581 0.0000000000
112290  46.606  14.696  31.023 0.0000000000
107521  45.501  9.812  30.793 0.0000000000
107522  45.141  9.517  31.240 0.0000000000
107510  44.143  8.717  32.754 0.0000000000
106534  44.188  8.474  32.388 0.0000000000
112159  55.129  14.445  41.133 0.0000000000
110287  42.110  12.723  38.414 0.0000000000
111264  42.611  13.025  37.919 0.0000000000
110220  48.028  12.230  45.830 0.0000000000
109227  47.241  11.999  46.433 0.0000000000
109233  47.428  11.815  45.797 0.0000000000
109243  47.277  11.592  44.755 0.0000000000
108336  45.515  10.239  43.283 0.0000000000
104305  44.388  5.959  43.458 0.0000000000
103150  44.890  5.706  43.004 0.0000000000
103159  45.677  5.512  42.228 0.0000000000
103174  45.643  5.658  41.273 0.0000000000
103189  46.507  5.528  40.359 0.0000000000
103217  47.383  5.098  38.489 0.0000000000
102076  47.784  4.837  37.988 0.0000000000
114051  52.933  16.508  39.587 0.0000000000
114052  51.989  16.361  39.639 0.0000000000
113143  51.822  15.764  38.479 0.0000000000
113131  51.231  15.884  38.974 0.0000000000
112203  48.147  14.501  38.279 0.0000000000
112272  45.133  14.360  33.808 0.0000000000
110267  49.075  12.450  40.734 0.0000000000
110266  49.658  12.728  40.250 0.0000000000
109296  49.351  12.063  37.944 0.0000000000
109306  48.738  11.499  37.512 0.0000000000
109305  49.600  11.840  37.045 0.0000000000
109314  49.705  11.930  36.120 0.0000000000
108438  49.348  10.785  29.839 0.0000000000
109354  49.199  11.417  29.369 0.0000000000
109363  49.203  11.636  28.997 0.0000000000
107551  48.814  10.263  28.711 0.0000000000
109370  48.775  11.730  28.636 0.0000000000
110373  48.973  12.225  28.865 0.0000000000
110374  48.471  12.668  28.701 0.0000000000
110375  47.827  12.718  28.536 0.0000000000
111350  47.211  13.333  28.885 0.0000000000
111351  46.894  13.599  29.248 0.0000000000
110369  47.097  12.742  29.207 0.0000000000
108441  46.469  11.176  29.665 0.0000000000
108442  46.208  10.687  30.091 0.0000000000
107544  46.321  9.563  29.528 0.0000000000
108451  46.227  10.079  29.796 0.0000000000
107533  45.708  9.550  30.274 0.0000000000
105536  44.537  7.465  30.959 0.0000000000
103336  44.456  5.827  31.632 0.0000000000
102155  45.743  4.884  31.815 0.0000000000
102138  46.097  4.224  32.245 0.0000000000
101069  46.328  3.547  32.743 0.0000000000
109230  44.691  10.847  46.652 0.0000000000
103141  43.885  6.077  44.507 0.0000000000
114060  54.480  16.397  38.751 0.0000000000
113141  54.122  16.010  38.269 0.0000000000
112198  55.221  15.818  38.391 0.0000000000
113149  54.462  15.637  38.029 0.0000000000
113158  52.720  15.136  36.806 0.0000000000
112242  52.258  14.745  35.286 0.0000000000
106511  46.023  8.487  35.303 0.0000000000
106502  46.177  9.010  35.712 0.0000000000
106519  46.152  8.442  34.752 0.0000000000
106518  46.360  8.794  34.147 0.0000000000
105523  46.817  8.542  32.777 0.0000000000
105507  47.096  7.477  33.039 0.0000000000
105522  47.376  8.186  32.260 0.0000000000
106533  46.909  9.014  32.442 0.0000000000
106532  47.478  9.089  31.776 0.0000000000
107519  48.988  9.672  30.783 0.0000000000
105518  51.731  7.285  31.981 0.0000000000
105531  51.461  8.085  31.612 0.0000000000
105532  50.431  8.125  31.586 0.0000000000
107515  52.372  8.961  31.089 0.0000000000
106542  51.258  8.797  31.353 0.0000000000
106543  50.287  8.914  31.333 0.0000000000
107518  50.098  9.605  30.947 0.0000000000
107530  49.791  10.179  30.432 0.0000000000
108437  50.271  10.316  30.014 0.0000000000
105555  50.124  8.207  29.568 0.0000000000
105556  49.110  8.175  29.341 0.0000000000
103356  48.190  6.606  29.724 0.0000000000
103348  47.579  5.386  30.038 0.0000000000
102163  48.407  4.570  30.438 0.0000000000
110239  50.098  13.101  42.516 0.0000000000
110209  49.162  12.703  45.591 0.0000000000
110218  49.241  12.611  44.830 0.0000000000
110230  49.471  12.685  43.989 0.0000000000
110240  49.433  12.707  43.015 0.0000000000
110249  49.431  12.862  42.069 0.0000000000
110257  49.579  12.772  41.140 0.0000000000
109288  47.352  11.251  39.370 0.0000000000
108372  47.099  10.860  38.807 0.0000000000
108318  45.077  10.669  46.127 0.0000000000
107416  44.289  9.122  44.418 0.0000000000
108328  44.819  9.854  44.687 0.0000000000
108327  45.292  10.197  44.418 0.0000000000
107414  45.039  9.845  43.605 0.0000000000
107422  45.034  9.818  42.796 0.0000000000
104315  43.955  6.775  42.842 0.0000000000
105403  43.731  7.443  42.625 0.0000000000
106450  43.756  8.098  42.323 0.0000000000
104340  44.322  6.665  41.251 0.0000000000
105411  43.780  7.450  41.876 0.0000000000
106449  44.134  8.697  41.925 0.0000000000
107433  45.023  9.758  41.865 0.0000000000
107449  45.311  9.734  40.463 0.0000000000
107458  45.500  9.538  39.459 0.0000000000
106483  44.929  8.491  39.178 0.0000000000
106482  45.292  8.792  38.649 0.0000000000
107466  45.689  9.229  38.294 0.0000000000
107473  45.807  9.016  37.336 0.0000000000
107479  45.853  8.858  36.717 0.0000000000
105493  45.872  7.788  35.343 0.0000000000
105492  46.137  7.358  34.844 0.0000000000
104430  46.824  6.520  34.556 0.0000000000
103271  46.576  6.191  35.706 0.0000000000
104418  46.822  6.225  35.106 0.0000000000
103306  48.016  5.881  33.880 0.0000000000
103305  48.861  5.644  33.870 0.0000000000
104436  50.229  5.804  33.312 0.0000000000
103232  48.306  4.772  37.594 0.0000000000
103250  48.315  4.845  36.560 0.0000000000
102099  48.834  4.810  35.840 0.0000000000
102085  50.458  4.690  36.253 0.0000000000
102098  49.510  4.742  35.625 0.0000000000
102111  49.539  4.890  35.026 0.0000000000
103286  50.098  5.103  34.511 0.0000000000
103303  50.741  5.561  33.607 0.0000000000
109209  44.625  11.870  48.031 0.0000000000
109223  43.642  11.048  47.595 0.0000000000
109211  42.609  11.230  48.659 0.0000000000
108315  42.560  9.996  47.773 0.0000000000
106406  42.332  8.463  48.768 0.0000000000
113995  47.719  16.498  43.098 0.0000000000
114013  47.403  16.377  42.151 0.0000000000
113113  45.315  15.311  41.242 0.0000000000
111239  44.472  14.146  40.079 0.0000000000
112176  45.848  14.731  40.227 0.0000000000
112192  45.394  14.355  39.863 0.0000000000
111271  45.718  13.997  37.768 0.0000000000
111272  44.876  13.831  37.685 0.0000000000
111273  44.026  13.676  37.460 0.0000000000
111274  43.175  13.366  37.219 0.0000000000
111275  42.569  12.863  37.040 0.0000000000
110307  42.559  12.199  36.601 0.0000000000
109325  43.138  11.405  35.809 0.0000000000
112160  54.085  14.397  41.559 0.0000000000
112173  54.227  14.451  40.481 0.0000000000
111238  50.893  13.404  40.003 0.0000000000
110273  51.394  12.893  38.458 0.0000000000
111247  51.573  13.320  39.107 0.0000000000
111245  53.519  14.284  39.860 0.0000000000
111281  53.587  14.078  36.449 0.0000000000
111282  53.317  13.502  36.032 0.0000000000
111292  53.495  13.946  35.711 0.0000000000
112240  53.506  14.189  35.884 0.0000000000
112241  53.060  14.324  35.435 0.0000000000
112257  51.860  15.011  34.624 0.0000000000
108398  46.882  10.312  35.165 0.0000000000
108412  46.722  10.294  33.335 0.0000000000
108404  47.347  10.933  34.671 0.0000000000
109330  48.547  12.139  34.497 0.0000000000
110326  49.098  12.624  34.338 0.0000000000
109346  47.589  12.028  31.029 0.0000000000
110347  47.621  12.753  31.596 0.0000000000
110341  47.576  12.643  32.508 0.0000000000
110334  48.795  13.195  33.584 0.0000000000
110325  50.020  13.079  34.212 0.0000000000
111303  50.519  13.766  33.653 0.0000000000
111313  50.740  14.537  33.257 0.0000000000
112277  49.475  15.178  32.297 0.0000000000
111312  51.249  14.714  33.481 0.0000000000
113186  51.129  15.471  33.665 0.0000000000
113166  50.777  15.547  34.457 0.0000000000
113176  47.386  15.683  33.287 0.0000000000
113190  47.286  15.683  32.321 0.0000000000
111342  46.600  13.586  29.950 0.0000000000
111334  46.079  13.331  31.452 0.0000000000
109347  45.645  11.511  31.448 0.0000000000
110342  45.647  12.603  32.017 0.0000000000
110336  45.482  13.214  32.492 0.0000000000
110337  45.149  12.623  32.990 0.0000000000
108406  44.268  10.554  33.920 0.0000000000
107501  44.067  8.968  33.281 0.0000000000
101045  45.596  3.833  34.195 0.0000000000
102084  50.783  4.722  36.247 0.0000000000
102087  49.107  4.732  36.221 0.0000000000
102097  50.315  4.709  35.651 0.0000000000
102110  49.997  4.794  35.139 0.0000000000
103268  49.033  4.899  35.320 0.0000000000
104341  43.964  7.056  41.615 0.0000000000
104441  42.822  6.698  33.081 0.0000000000
105426  43.995  7.282  41.283 0.0000000000
105484  45.668  7.813  36.246 0.0000000000
106503  45.850  8.558  36.095 0.0000000000
106569  49.098  9.813  28.854 0.0000000000
106571  47.907  9.174  28.801 0.0000000000
107410  44.510  9.541  44.873 0.0000000000
107443  44.587  9.244  41.448 0.0000000000
107516  51.924  9.136  31.051 0.0000000000
107527  52.436  9.040  30.864 0.0000000000
107534  45.232  8.959  30.576 0.0000000000
108367  45.792  10.063  39.678 0.0000000000
108420  46.773  10.242  32.900 0.0000000000
108440  47.930  11.457  30.668 0.0000000000
109364  49.101  11.983  29.228 0.0000000000
109365  47.260  12.089  29.004 0.0000000000
109366  46.838  11.754  29.441 0.0000000000
110283  52.272  13.153  37.493 0.0000000000
110294  52.135  12.953  37.034 0.0000000000
110312  52.730  13.134  35.719 0.0000000000
110343  45.335  12.107  32.475 0.0000000000
110348  46.433  13.165  30.340 0.0000000000
110366  49.141  12.173  29.071 0.0000000000
111206  52.757  14.146  44.236 0.0000000000
111316  47.869  13.133  32.741 0.0000000000
111356  48.024  13.556  28.625 0.0000000000
111357  47.491  13.501  28.680 0.0000000000
111358  47.180  13.762  28.784 0.0000000000
112193  44.828  14.303  40.116 0.0000000000
112258  50.430  15.611  34.445 0.0000000000
112304  47.530  14.850  29.616 0.0000000000
112318  47.736  14.736  29.299 0.0000000000
112327  47.647  14.110  28.737 0.0000000000
112328  47.349  13.942  28.685 0.0000000000
113140  54.856  16.010  38.315 0.0000000000
113165  51.022  15.382  34.688 0.0000000000
113172  51.320  15.361  34.299 0.0000000000
113185  51.711  15.190  34.001 0.0000000000
113204  46.521  15.116  31.800 0.0000000000
113231  47.372  14.970  29.994 0.0000000000
113245  47.841  15.041  29.506 0.0000000000
114063  51.882  16.142  39.117 0.0000000000
