#!ascii label  , from subject MOT01 vox2ras=TkReg
1184
57833  21.354  -33.486  68.114 0.0000000000
55224  36.166  -34.170  72.186 0.0000000000
77587  42.227  -15.578  55.585 0.0000000000
70471  33.329  -23.204  61.156 0.0000000000
66125  38.725  -27.559  65.641 0.0000000000
84466  54.222  -10.304  49.918 0.0000000000
78702  41.208  -14.674  59.658 0.0000000000
78769  36.441  -15.638  57.354 0.0000000000
52916  16.350  -37.378  67.609 0.0000000000
57786  30.077  -32.096  70.182 0.0000000000
56609  31.856  -32.515  66.731 0.0000000000
59140  22.935  -31.648  64.170 0.0000000000
81157  48.064  -13.013  52.336 0.0000000000
58972  25.939  -31.899  73.583 0.0000000000
54004  21.046  -36.175  72.719 0.0000000000
79961  46.257  -13.805  56.225 0.0000000000
50651  15.344  -38.480  71.763 0.0000000000
49507  10.702  -40.390  72.622 0.0000000000
77468  34.981  -17.690  62.922 0.0000000000
69322  36.523  -25.326  63.461 0.0000000000
62703  35.739  -29.938  59.589 0.0000000000
60395  34.084  -33.072  61.833 0.0000000000
79852  40.229  -13.952  63.063 0.0000000000
78722  39.130  -14.692  58.847 0.0000000000
79900  37.364  -14.554  61.198 0.0000000000
79849  42.514  -13.708  63.306 0.0000000000
56626  19.733  -34.824  65.468 0.0000000000
54128  17.553  -37.120  64.060 0.0000000000
54088  18.981  -36.132  67.105 0.0000000000
59044  25.940  -31.556  69.722 0.0000000000
59077  26.705  -31.192  67.827 0.0000000000
59120  21.976  -32.396  66.023 0.0000000000
57910  20.957  -33.674  63.317 0.0000000000
78827  42.112  -15.470  53.543 0.0000000000
78739  43.500  -14.860  57.984 0.0000000000
77584  44.081  -15.352  55.627 0.0000000000
79971  44.498  -14.573  53.979 0.0000000000
51608  20.568  -36.860  74.359 0.0000000000
51692  18.095  -37.809  71.493 0.0000000000
51610  18.359  -37.561  73.994 0.0000000000
55152  13.479  -36.917  75.157 0.0000000000
49472  13.299  -39.497  74.319 0.0000000000
48312  10.894  -40.315  75.081 0.0000000000
47112  8.346  -42.106  75.273 0.0000000000
47074  8.200  -42.285  77.891 0.0000000000
71522  37.265  -23.169  66.527 0.0000000000
68295  37.902  -26.231  64.509 0.0000000000
67235  37.377  -27.510  60.911 0.0000000000
63844  38.209  -29.802  61.310 0.0000000000
59162  28.787  -32.227  64.327 0.0000000000
57906  32.696  -33.508  64.668 0.0000000000
60396  30.495  -32.750  62.540 0.0000000000
61560  31.282  -31.481  60.217 0.0000000000
75085  34.072  -20.119  62.509 0.0000000000
75123  33.520  -18.770  59.635 0.0000000000
72722  31.981  -21.638  59.289 0.0000000000
84501  57.877  -10.421  47.750 0.0000000000
85564  55.477  -9.884  47.055 0.0000000000
77519  42.030  -15.377  57.616 0.0000000000
77540  39.430  -15.382  56.966 0.0000000000
79894  43.076  -14.551  60.578 0.0000000000
56548  33.387  -33.744  70.969 0.0000000000
56574  34.527  -33.777  69.712 0.0000000000
57814  30.727  -32.358  68.658 0.0000000000
59116  27.481  -31.427  65.843 0.0000000000
60376  24.932  -31.311  63.115 0.0000000000
81120  49.259  -12.703  54.145 0.0000000000
82198  50.442  -12.312  52.702 0.0000000000
82219  51.279  -11.592  51.339 0.0000000000
84489  51.784  -10.677  48.244 0.0000000000
59030  23.150  -32.595  70.978 0.0000000000
55258  20.746  -34.820  70.288 0.0000000000
56521  22.968  -33.592  73.353 0.0000000000
58990  28.136  -31.612  72.733 0.0000000000
79984  47.204  -13.503  53.783 0.0000000000
52873  18.670  -37.051  69.746 0.0000000000
51725  15.568  -38.081  69.825 0.0000000000
50689  13.082  -39.095  70.169 0.0000000000
50580  15.910  -38.799  74.063 0.0000000000
49527  12.886  -39.318  72.435 0.0000000000
45768  6.327  -43.473  79.696 0.0000000000
81030  37.133  -13.933  63.871 0.0000000000
72689  35.143  -21.391  64.076 0.0000000000
71536  36.358  -22.236  65.436 0.0000000000
70469  34.765  -24.426  62.172 0.0000000000
68345  35.911  -26.460  60.348 0.0000000000
65083  35.084  -28.501  58.846 0.0000000000
63902  33.825  -29.545  58.124 0.0000000000
56619  35.546  -33.228  67.089 0.0000000000
59132  37.281  -32.800  64.560 0.0000000000
61504  38.558  -31.267  63.271 0.0000000000
62674  35.287  -31.400  60.563 0.0000000000
62706  33.089  -30.768  59.266 0.0000000000
78725  35.180  -15.972  60.089 0.0000000000
76315  33.936  -18.049  57.818 0.0000000000
79830  39.979  -13.829  63.943 0.0000000000
79876  39.592  -14.286  62.192 0.0000000000
79854  38.596  -14.089  63.546 0.0000000000
79829  40.751  -13.602  63.866 0.0000000000
56625  20.248  -34.490  66.198 0.0000000000
55298  19.100  -35.763  66.410 0.0000000000
55286  20.026  -35.228  67.822 0.0000000000
59062  23.732  -31.849  69.151 0.0000000000
59079  24.021  -31.365  68.140 0.0000000000
59099  21.838  -32.676  67.424 0.0000000000
57871  20.917  -33.389  65.801 0.0000000000
77626  42.005  -15.613  54.333 0.0000000000
77558  42.756  -15.485  56.441 0.0000000000
77534  43.803  -15.185  56.749 0.0000000000
77607  42.845  -15.504  55.139 0.0000000000
78814  43.066  -15.251  54.379 0.0000000000
51580  12.467  -39.072  77.358 0.0000000000
49439  12.279  -40.134  75.671 0.0000000000
48292  10.940  -40.561  75.656 0.0000000000
47091  9.486  -41.012  75.346 0.0000000000
47082  9.406  -41.187  76.032 0.0000000000
47083  8.625  -41.692  76.592 0.0000000000
69294  38.247  -25.968  65.957 0.0000000000
67204  38.433  -26.849  64.706 0.0000000000
66149  38.558  -27.359  62.703 0.0000000000
65014  39.738  -28.034  64.050 0.0000000000
56546  36.894  -33.771  70.637 0.0000000000
60399  27.870  -31.614  62.548 0.0000000000
59182  29.415  -32.562  63.236 0.0000000000
60420  28.660  -31.721  61.698 0.0000000000
61540  29.189  -31.623  60.978 0.0000000000
72703  33.630  -21.900  62.121 0.0000000000
73829  33.108  -20.959  61.001 0.0000000000
83343  53.603  -10.521  50.333 0.0000000000
84453  54.738  -10.393  50.462 0.0000000000
84465  55.267  -10.110  49.804 0.0000000000
85552  56.315  -10.053  48.280 0.0000000000
85554  54.666  -9.865  47.925 0.0000000000
78719  41.567  -14.916  58.913 0.0000000000
77539  40.257  -15.434  57.154 0.0000000000
78742  40.538  -15.128  58.334 0.0000000000
78724  37.360  -14.838  58.594 0.0000000000
78768  37.495  -15.465  57.404 0.0000000000
78787  36.223  -16.073  56.306 0.0000000000
79896  41.865  -14.381  60.989 0.0000000000
78685  42.184  -14.567  60.215 0.0000000000
78718  42.256  -14.948  58.919 0.0000000000
52960  16.938  -37.349  65.461 0.0000000000
52917  15.491  -37.785  67.077 0.0000000000
57784  31.793  -32.677  70.938 0.0000000000
57799  31.726  -32.603  70.143 0.0000000000
57801  30.018  -32.121  69.167 0.0000000000
59096  25.900  -30.943  66.905 0.0000000000
59095  27.111  -31.168  66.806 0.0000000000
59117  26.431  -31.040  65.903 0.0000000000
60355  26.494  -31.301  64.338 0.0000000000
60357  24.034  -31.354  64.000 0.0000000000
59163  23.129  -31.730  63.367 0.0000000000
67264  34.940  -26.950  58.165 0.0000000000
81130  48.512  -12.910  53.355 0.0000000000
81128  49.993  -12.574  53.622 0.0000000000
81156  48.877  -12.652  52.530 0.0000000000
83332  49.201  -11.966  50.707 0.0000000000
83331  50.560  -11.341  50.241 0.0000000000
84455  51.506  -10.901  50.059 0.0000000000
58993  24.416  -32.424  72.573 0.0000000000
57773  23.087  -33.095  72.299 0.0000000000
57750  24.284  -32.654  73.480 0.0000000000
58991  26.838  -31.665  72.544 0.0000000000
59012  26.275  -31.750  71.502 0.0000000000
79959  48.205  -13.044  55.310 0.0000000000
79976  46.632  -13.727  54.838 0.0000000000
81145  44.384  -14.161  52.508 0.0000000000
54029  20.947  -35.558  71.841 0.0000000000
54043  19.988  -35.848  70.132 0.0000000000
52855  19.535  -36.506  70.876 0.0000000000
50649  16.313  -38.392  71.654 0.0000000000
50685  16.612  -38.042  70.681 0.0000000000
50686  15.881  -38.215  70.617 0.0000000000
51726  14.642  -38.418  69.595 0.0000000000
50669  14.473  -38.596  71.081 0.0000000000
53941  15.917  -37.066  74.511 0.0000000000
48345  11.651  -40.039  73.886 0.0000000000
49488  13.079  -39.500  73.878 0.0000000000
49506  11.412  -39.858  72.806 0.0000000000
50652  11.978  -39.804  71.519 0.0000000000
75070  35.535  -19.380  64.469 0.0000000000
70434  36.731  -24.392  64.662 0.0000000000
71535  36.669  -23.037  65.604 0.0000000000
71552  36.394  -23.467  64.876 0.0000000000
70436  35.501  -23.071  64.208 0.0000000000
69323  35.991  -25.088  63.068 0.0000000000
69354  35.538  -25.852  61.204 0.0000000000
68320  35.752  -26.093  61.337 0.0000000000
65055  37.778  -28.748  60.414 0.0000000000
66174  37.252  -27.844  59.923 0.0000000000
65069  35.588  -29.008  59.497 0.0000000000
63901  34.447  -29.334  58.505 0.0000000000
63884  34.774  -29.881  59.106 0.0000000000
56592  32.811  -32.938  68.155 0.0000000000
56605  35.131  -33.425  67.821 0.0000000000
56622  33.315  -32.800  66.553 0.0000000000
59157  33.196  -34.006  63.670 0.0000000000
57904  34.555  -34.152  64.457 0.0000000000
59175  35.625  -33.277  63.111 0.0000000000
60368  37.941  -32.208  63.854 0.0000000000
60392  36.636  -32.405  62.612 0.0000000000
61535  36.980  -31.505  61.513 0.0000000000
60413  35.286  -32.443  61.644 0.0000000000
61582  30.266  -31.057  59.231 0.0000000000
61580  32.061  -31.151  59.642 0.0000000000
79855  35.566  -15.578  63.378 0.0000000000
79879  35.610  -15.497  62.482 0.0000000000
78689  34.914  -16.666  62.143 0.0000000000
75134  33.060  -19.378  58.046 0.0000000000
76297  33.818  -17.986  58.782 0.0000000000
85574  58.398  -10.082  46.185 0.0000000000
79897  41.101  -14.346  61.183 0.0000000000
78721  40.029  -14.822  58.982 0.0000000000
78688  39.961  -14.357  60.386 0.0000000000
79916  37.778  -14.447  59.833 0.0000000000
79931  36.724  -14.872  59.153 0.0000000000
79812  42.042  -13.326  64.853 0.0000000000
79851  41.134  -13.883  62.981 0.0000000000
55333  18.639  -35.962  64.711 0.0000000000
54106  18.392  -36.341  65.595 0.0000000000
52935  17.636  -36.814  67.165 0.0000000000
59026  28.054  -31.637  70.146 0.0000000000
59042  28.266  -31.560  69.128 0.0000000000
59060  26.319  -31.299  68.822 0.0000000000
59097  24.472  -31.160  66.916 0.0000000000
59119  23.492  -31.429  65.445 0.0000000000
59141  22.168  -32.135  64.660 0.0000000000
57870  21.420  -32.816  64.981 0.0000000000
56655  20.277  -34.313  63.840 0.0000000000
82223  47.059  -13.081  50.597 0.0000000000
57707  25.187  -32.844  74.936 0.0000000000
79942  44.659  -14.419  58.141 0.0000000000
78762  45.102  -14.522  57.052 0.0000000000
78798  45.147  -14.559  55.771 0.0000000000
78811  45.362  -14.378  55.041 0.0000000000
78813  44.020  -15.146  54.659 0.0000000000
79988  43.319  -14.873  53.581 0.0000000000
52807  20.681  -36.731  73.509 0.0000000000
51674  19.452  -37.079  72.017 0.0000000000
51658  19.688  -37.148  72.835 0.0000000000
50621  17.769  -38.205  72.633 0.0000000000
50622  16.684  -38.500  72.812 0.0000000000
52755  14.448  -37.736  75.192 0.0000000000
50550  13.711  -39.158  75.570 0.0000000000
48328  11.678  -40.047  74.588 0.0000000000
48346  10.580  -40.376  73.853 0.0000000000
48331  9.392  -41.462  74.313 0.0000000000
69296  37.582  -25.204  65.400 0.0000000000
68306  37.102  -26.023  63.426 0.0000000000
68318  36.970  -26.497  62.819 0.0000000000
67223  37.679  -27.090  62.669 0.0000000000
65054  38.171  -28.169  60.760 0.0000000000
63845  37.667  -29.771  60.775 0.0000000000
57889  30.300  -32.144  65.487 0.0000000000
57865  31.892  -32.530  65.778 0.0000000000
59135  30.781  -32.919  64.675 0.0000000000
59180  30.930  -33.227  62.991 0.0000000000
59197  31.772  -32.931  62.232 0.0000000000
60415  33.555  -32.603  61.436 0.0000000000
60417  31.639  -32.419  61.637 0.0000000000
61561  30.398  -31.376  60.096 0.0000000000
76263  34.651  -18.517  62.541 0.0000000000
77483  34.613  -17.636  62.043 0.0000000000
75098  33.729  -19.608  61.713 0.0000000000
75125  32.536  -20.225  59.561 0.0000000000
84484  56.997  -10.233  48.543 0.0000000000
85563  56.629  -10.049  47.453 0.0000000000
76329  41.823  -15.611  56.236 0.0000000000
76366  40.835  -15.688  54.935 0.0000000000
76330  41.332  -15.669  55.961 0.0000000000
78766  39.378  -15.303  57.548 0.0000000000
77563  38.311  -15.783  56.081 0.0000000000
82091  43.645  -13.199  64.084 0.0000000000
81046  43.819  -13.709  62.121 0.0000000000
81078  44.320  -14.124  60.359 0.0000000000
78699  43.283  -14.861  59.382 0.0000000000
77518  42.618  -15.262  57.499 0.0000000000
55227  34.694  -34.116  71.558 0.0000000000
55254  35.255  -34.158  70.308 0.0000000000
56560  33.960  -33.827  70.572 0.0000000000
56577  32.180  -32.711  68.687 0.0000000000
57829  31.334  -32.531  68.153 0.0000000000
59058  28.478  -31.464  68.217 0.0000000000
57832  29.269  -31.651  67.167 0.0000000000
57868  30.023  -31.788  66.003 0.0000000000
59138  28.443  -32.078  65.050 0.0000000000
60374  27.177  -31.505  63.568 0.0000000000
60401  25.773  -31.248  62.317 0.0000000000
82197  51.499  -12.120  52.802 0.0000000000
82221  49.300  -12.224  51.562 0.0000000000
82209  50.903  -12.084  52.089 0.0000000000
82208  52.093  -11.785  51.913 0.0000000000
83329  52.693  -11.326  51.208 0.0000000000
83344  53.018  -10.711  50.505 0.0000000000
84467  53.274  -10.274  49.717 0.0000000000
85555  53.691  -10.014  47.632 0.0000000000
57817  22.157  -33.144  69.746 0.0000000000
56578  21.176  -34.025  69.512 0.0000000000
57790  21.808  -33.681  70.558 0.0000000000
56538  21.749  -34.468  71.710 0.0000000000
55229  21.968  -34.583  73.080 0.0000000000
56474  23.645  -33.973  74.702 0.0000000000
53989  21.913  -35.558  74.152 0.0000000000
52769  21.655  -36.108  74.623 0.0000000000
55212  35.058  -34.421  72.361 0.0000000000
56517  33.906  -34.112  72.003 0.0000000000
57769  32.208  -32.892  71.438 0.0000000000
57771  30.168  -32.108  71.264 0.0000000000
57748  30.213  -32.208  72.378 0.0000000000
57772  29.102  -31.790  70.776 0.0000000000
59027  26.802  -31.635  70.463 0.0000000000
59045  24.684  -31.779  69.903 0.0000000000
81111  49.272  -12.612  55.036 0.0000000000
79974  48.544  -12.944  53.982 0.0000000000
81142  47.505  -13.327  52.956 0.0000000000
79994  45.906  -13.918  53.794 0.0000000000
81143  46.673  -13.536  52.867 0.0000000000
81159  46.219  -13.530  52.137 0.0000000000
55272  20.144  -35.166  68.752 0.0000000000
52912  18.766  -36.521  68.598 0.0000000000
51771  17.206  -37.034  68.732 0.0000000000
51706  18.609  -37.250  70.575 0.0000000000
51748  16.846  -37.381  69.383 0.0000000000
52893  16.213  -37.434  68.387 0.0000000000
51750  15.154  -37.938  68.882 0.0000000000
51752  12.988  -38.815  68.116 0.0000000000
50579  16.676  -38.423  73.849 0.0000000000
49469  15.440  -38.887  73.391 0.0000000000
49487  14.136  -39.228  73.449 0.0000000000
49526  13.822  -38.933  72.329 0.0000000000
49547  13.234  -39.095  71.720 0.0000000000
45782  7.628  -42.724  78.858 0.0000000000
81029  38.148  -13.826  63.993 0.0000000000
77453  35.311  -17.510  63.808 0.0000000000
76251  35.303  -19.028  63.873 0.0000000000
73813  34.343  -20.669  62.930 0.0000000000
72691  34.066  -21.690  62.851 0.0000000000
72672  35.679  -21.370  64.818 0.0000000000
71575  35.002  -22.509  63.838 0.0000000000
70453  34.371  -23.523  62.551 0.0000000000
69340  34.661  -24.826  61.457 0.0000000000
68333  35.060  -25.767  60.443 0.0000000000
67251  35.130  -26.740  59.254 0.0000000000
67236  36.647  -27.228  60.571 0.0000000000
66189  35.784  -27.904  59.534 0.0000000000
66190  35.192  -27.607  59.006 0.0000000000
65098  34.734  -28.783  58.153 0.0000000000
63936  34.019  -29.320  56.976 0.0000000000
65001  38.950  -28.292  65.840 0.0000000000
55267  36.120  -34.065  69.358 0.0000000000
56587  36.616  -33.319  68.361 0.0000000000
59074  37.217  -32.263  67.364 0.0000000000
57884  34.116  -33.235  65.363 0.0000000000
59112  36.425  -33.014  65.705 0.0000000000
60329  37.312  -31.852  66.387 0.0000000000
60350  38.024  -31.645  65.153 0.0000000000
62641  39.164  -30.417  64.759 0.0000000000
63809  39.490  -29.346  63.924 0.0000000000
62658  38.791  -30.238  62.374 0.0000000000
62672  37.043  -30.717  60.865 0.0000000000
62673  35.891  -31.225  60.545 0.0000000000
61539  33.685  -31.933  60.884 0.0000000000
62690  33.885  -31.194  59.809 0.0000000000
62705  34.337  -30.451  59.308 0.0000000000
62723  33.733  -29.973  58.595 0.0000000000
79878  36.642  -14.556  62.194 0.0000000000
79917  36.560  -14.866  60.342 0.0000000000
79932  35.963  -15.371  59.670 0.0000000000
77493  34.155  -17.414  60.232 0.0000000000
78748  34.650  -16.685  58.689 0.0000000000
77522  34.940  -16.730  57.823 0.0000000000
85566  53.524  -10.269  46.559 0.0000000000
79815  39.847  -13.747  64.686 0.0000000000
79853  39.319  -14.123  63.241 0.0000000000
79831  39.256  -13.913  64.118 0.0000000000
79814  40.492  -13.578  64.617 0.0000000000
57834  20.796  -34.031  67.691 0.0000000000
56610  20.379  -34.555  67.297 0.0000000000
59081  21.978  -32.701  68.396 0.0000000000
59080  22.772  -32.041  68.282 0.0000000000
57850  21.386  -33.281  67.454 0.0000000000
57851  20.965  -33.692  67.065 0.0000000000
77608  42.032  -15.664  55.008 0.0000000000
77627  41.481  -15.697  54.082 0.0000000000
77586  42.653  -15.568  55.806 0.0000000000
78815  42.397  -15.503  54.528 0.0000000000
50538  12.111  -39.764  77.583 0.0000000000
48278  11.473  -40.568  76.523 0.0000000000
48279  10.838  -40.771  76.354 0.0000000000
48280  10.085  -40.911  76.213 0.0000000000
47072  9.254  -41.329  76.771 0.0000000000
67199  38.513  -26.899  65.505 0.0000000000
66131  38.710  -27.377  64.879 0.0000000000
66132  39.130  -27.511  64.394 0.0000000000
56532  37.616  -33.774  72.113 0.0000000000
55238  36.287  -33.969  71.119 0.0000000000
61520  27.343  -31.351  61.827 0.0000000000
60421  27.986  -31.399  61.567 0.0000000000
72704  33.210  -21.783  61.389 0.0000000000
84486  54.957  -9.676  49.053 0.0000000000
78741  41.161  -15.039  58.504 0.0000000000
78720  40.851  -14.879  59.015 0.0000000000
78746  36.782  -15.202  58.224 0.0000000000
78770  35.534  -16.179  57.190 0.0000000000
78686  41.534  -14.503  60.331 0.0000000000
78701  41.931  -14.689  59.606 0.0000000000
52936  17.034  -37.223  66.772 0.0000000000
52961  15.987  -37.858  65.087 0.0000000000
52937  16.169  -37.537  66.309 0.0000000000
52938  15.294  -38.096  65.897 0.0000000000
57800  30.870  -32.329  69.640 0.0000000000
59118  25.120  -30.939  65.807 0.0000000000
60343  24.756  -31.265  64.886 0.0000000000
60342  25.837  -31.122  65.023 0.0000000000
81141  48.335  -12.990  52.917 0.0000000000
81140  49.024  -12.664  53.018 0.0000000000
83346  50.193  -11.353  48.745 0.0000000000
58973  25.021  -32.305  73.270 0.0000000000
57728  24.891  -32.599  74.106 0.0000000000
58992  25.577  -31.919  72.510 0.0000000000
79954  46.126  -13.639  56.907 0.0000000000
79969  46.733  -13.658  55.497 0.0000000000
79960  47.296  -13.367  55.761 0.0000000000
54030  20.244  -35.923  71.073 0.0000000000
54017  20.607  -36.115  72.091 0.0000000000
50650  15.744  -38.432  71.618 0.0000000000
50667  16.132  -38.291  71.172 0.0000000000
50668  15.290  -38.438  71.326 0.0000000000
49545  14.685  -38.558  71.560 0.0000000000
55169  16.273  -36.505  74.222 0.0000000000
48362  10.983  -40.030  73.315 0.0000000000
48361  11.614  -39.870  73.338 0.0000000000
49529  11.139  -40.162  72.116 0.0000000000
70450  36.659  -24.974  63.961 0.0000000000
70451  36.234  -24.607  63.765 0.0000000000
69338  35.649  -25.480  62.151 0.0000000000
69337  36.360  -25.797  62.728 0.0000000000
63862  37.017  -29.668  60.068 0.0000000000
63881  36.599  -29.166  59.692 0.0000000000
63882  36.156  -29.557  59.670 0.0000000000
63883  35.232  -29.417  59.287 0.0000000000
62704  35.241  -30.212  59.553 0.0000000000
56608  32.625  -32.722  67.144 0.0000000000
56607  33.496  -32.977  67.505 0.0000000000
59177  33.958  -33.496  62.649 0.0000000000
59156  34.235  -33.938  63.528 0.0000000000
59176  34.935  -33.364  62.842 0.0000000000
60371  36.174  -32.942  63.034 0.0000000000
60393  35.737  -32.674  62.326 0.0000000000
60394  34.791  -32.950  62.080 0.0000000000
78655  35.357  -15.994  63.347 0.0000000000
79880  35.281  -16.137  62.332 0.0000000000
78671  35.151  -16.550  62.934 0.0000000000
79875  40.639  -14.187  62.124 0.0000000000
79898  40.180  -14.264  61.206 0.0000000000
79899  38.903  -14.338  60.885 0.0000000000
80988  42.691  -13.209  65.048 0.0000000000
54105  18.790  -36.020  66.254 0.0000000000
54089  18.508  -36.351  66.596 0.0000000000
52958  18.120  -36.627  66.588 0.0000000000
52934  18.246  -36.545  67.422 0.0000000000
59043  27.157  -31.459  69.479 0.0000000000
59061  25.033  -31.444  69.008 0.0000000000
59098  23.010  -31.700  67.063 0.0000000000
56641  20.224  -34.208  65.057 0.0000000000
56642  19.643  -34.895  64.536 0.0000000000
78715  43.997  -14.656  58.698 0.0000000000
78738  44.072  -14.659  58.323 0.0000000000
77556  43.920  -15.377  56.165 0.0000000000
78763  44.473  -14.700  57.346 0.0000000000
78783  44.508  -14.917  56.423 0.0000000000
78799  44.447  -15.062  55.910 0.0000000000
77583  44.654  -14.860  55.478 0.0000000000
78826  42.774  -15.176  53.790 0.0000000000
79989  42.706  -15.122  53.440 0.0000000000
52789  21.006  -36.713  74.183 0.0000000000
51635  19.957  -37.147  73.698 0.0000000000
51636  18.886  -37.498  73.624 0.0000000000
51637  18.139  -37.915  73.571 0.0000000000
50601  17.550  -38.282  73.236 0.0000000000
55133  13.362  -37.268  75.243 0.0000000000
55132  13.764  -37.191  75.049 0.0000000000
48311  11.682  -40.104  75.133 0.0000000000
48310  12.297  -39.877  75.129 0.0000000000
48329  10.810  -40.275  74.471 0.0000000000
48330  10.010  -40.733  74.339 0.0000000000
47111  9.109  -41.400  74.904 0.0000000000
47084  8.135  -42.230  77.227 0.0000000000
45842  7.755  -42.687  77.207 0.0000000000
45827  7.788  -42.582  77.764 0.0000000000
68287  37.874  -25.943  65.179 0.0000000000
69295  37.897  -25.486  65.872 0.0000000000
69306  37.679  -25.656  65.034 0.0000000000
69320  37.546  -25.744  64.388 0.0000000000
68305  37.496  -26.209  63.677 0.0000000000
68317  37.537  -26.701  63.206 0.0000000000
65040  38.744  -27.861  62.094 0.0000000000
65041  38.500  -28.625  61.455 0.0000000000
65042  38.115  -29.272  60.912 0.0000000000
59137  29.299  -32.323  64.904 0.0000000000
59136  30.118  -32.575  64.862 0.0000000000
59161  29.522  -32.701  64.059 0.0000000000
60397  29.840  -32.493  62.516 0.0000000000
59181  30.000  -32.998  63.197 0.0000000000
59179  31.929  -33.436  62.995 0.0000000000
59198  31.095  -32.720  62.240 0.0000000000
60418  30.658  -32.352  61.758 0.0000000000
60440  29.792  -31.724  60.667 0.0000000000
75097  34.329  -19.031  62.230 0.0000000000
73843  32.716  -20.988  60.377 0.0000000000
75113  32.912  -20.045  60.551 0.0000000000
73844  32.384  -20.970  59.731 0.0000000000
85553  55.659  -9.965  48.127 0.0000000000
85576  56.308  -10.066  46.138 0.0000000000
76314  42.114  -15.566  56.582 0.0000000000
77538  41.501  -15.598  56.845 0.0000000000
77561  40.552  -15.720  56.050 0.0000000000
77562  39.138  -15.673  56.298 0.0000000000
78743  39.675  -15.104  58.290 0.0000000000
78744  38.770  -15.050  58.152 0.0000000000
78786  37.210  -15.701  56.580 0.0000000000
78785  38.191  -15.607  56.699 0.0000000000
78800  37.785  -15.770  56.053 0.0000000000
77590  38.065  -16.142  55.308 0.0000000000
81007  42.971  -13.372  64.441 0.0000000000
81027  43.011  -13.611  63.445 0.0000000000
79872  42.873  -14.300  61.407 0.0000000000
81047  43.300  -13.854  62.235 0.0000000000
81066  43.515  -14.276  61.074 0.0000000000
81065  43.984  -13.899  61.539 0.0000000000
81079  43.549  -14.520  60.306 0.0000000000
79912  43.704  -14.640  59.609 0.0000000000
79913  43.194  -14.807  59.984 0.0000000000
77504  41.858  -15.148  58.329 0.0000000000
77503  42.451  -15.124  58.177 0.0000000000
77537  42.329  -15.477  56.887 0.0000000000
56547  33.964  -34.016  71.029 0.0000000000
55257  34.196  -33.960  70.734 0.0000000000
57813  31.553  -32.514  69.151 0.0000000000
56562  32.418  -32.860  69.712 0.0000000000
57830  30.562  -32.313  67.700 0.0000000000
59059  27.477  -31.372  68.547 0.0000000000
59094  28.090  -31.438  66.662 0.0000000000
59075  28.674  -31.472  67.346 0.0000000000
59093  28.946  -31.651  66.528 0.0000000000
57849  29.510  -31.701  66.795 0.0000000000
57869  29.516  -31.715  66.304 0.0000000000
59114  29.193  -31.891  65.676 0.0000000000
59139  27.868  -31.735  65.326 0.0000000000
60375  26.069  -31.372  63.373 0.0000000000
57890  21.546  -32.957  63.969 0.0000000000
57909  21.657  -33.221  62.968 0.0000000000
81110  50.470  -12.478  54.799 0.0000000000
82199  49.891  -12.391  52.699 0.0000000000
81127  50.800  -12.490  53.664 0.0000000000
81138  50.654  -12.394  53.193 0.0000000000
82192  51.611  -12.127  53.252 0.0000000000
83333  48.150  -12.569  50.828 0.0000000000
83314  48.718  -12.383  51.324 0.0000000000
82220  50.169  -11.902  51.419 0.0000000000
82218  52.009  -11.486  51.314 0.0000000000
84469  51.156  -10.930  49.179 0.0000000000
84454  51.852  -10.839  50.212 0.0000000000
84468  52.176  -10.621  49.786 0.0000000000
59047  22.697  -32.815  70.144 0.0000000000
59031  22.541  -32.915  70.648 0.0000000000
57752  22.767  -33.566  72.806 0.0000000000
57774  22.624  -33.592  71.975 0.0000000000
56537  22.214  -34.208  72.423 0.0000000000
56522  22.602  -34.134  73.372 0.0000000000
56473  24.496  -33.443  74.969 0.0000000000
55184  23.477  -34.469  75.031 0.0000000000
55200  22.475  -34.975  74.268 0.0000000000
53972  22.455  -35.312  74.664 0.0000000000
53973  22.087  -35.625  74.626 0.0000000000
55213  34.738  -34.282  72.147 0.0000000000
57770  31.287  -32.458  71.648 0.0000000000
57749  29.151  -31.817  71.960 0.0000000000
59011  27.785  -31.676  71.430 0.0000000000
59013  25.021  -32.022  71.587 0.0000000000
59028  25.523  -31.778  70.635 0.0000000000
59029  24.335  -32.157  70.769 0.0000000000
59046  23.544  -32.336  70.013 0.0000000000
77610  40.269  -15.940  54.309 0.0000000000
79975  47.777  -13.350  54.314 0.0000000000
79967  48.430  -12.992  54.611 0.0000000000
81131  47.955  -13.214  53.341 0.0000000000
79992  46.975  -13.505  53.281 0.0000000000
79978  44.888  -14.483  54.211 0.0000000000
79986  45.444  -14.240  54.201 0.0000000000
81132  45.022  -14.299  53.734 0.0000000000
81160  45.195  -13.717  51.808 0.0000000000
81144  45.568  -13.883  53.095 0.0000000000
82214  45.826  -13.465  51.335 0.0000000000
56564  20.781  -34.505  69.792 0.0000000000
56579  20.659  -34.520  69.131 0.0000000000
55259  20.267  -35.105  69.707 0.0000000000
52890  19.074  -36.604  69.364 0.0000000000
54056  19.290  -36.269  68.711 0.0000000000
52891  18.356  -36.897  69.189 0.0000000000
52913  18.235  -36.683  68.375 0.0000000000
52892  17.868  -36.945  68.897 0.0000000000
51691  18.786  -37.304  71.362 0.0000000000
51707  17.895  -37.643  70.832 0.0000000000
51724  16.387  -37.807  70.026 0.0000000000
51723  17.235  -37.666  70.243 0.0000000000
51749  16.076  -37.586  69.085 0.0000000000
52894  15.703  -37.659  68.167 0.0000000000
50688  14.122  -38.790  70.305 0.0000000000
51727  13.571  -38.690  69.364 0.0000000000
51728  12.519  -39.129  69.161 0.0000000000
51596  16.245  -37.933  74.705 0.0000000000
50560  16.588  -38.241  74.244 0.0000000000
50603  15.999  -38.741  73.627 0.0000000000
50563  14.091  -39.392  75.081 0.0000000000
49455  13.805  -39.465  74.397 0.0000000000
49504  13.476  -39.266  73.062 0.0000000000
49503  14.406  -38.904  72.801 0.0000000000
45795  7.672  -42.691  78.511 0.0000000000
48268  8.204  -42.274  79.395 0.0000000000
47052  6.779  -42.980  79.934 0.0000000000
45767  6.920  -43.123  79.501 0.0000000000
79833  35.666  -15.609  64.307 0.0000000000
77452  35.577  -18.052  64.364 0.0000000000
76239  35.402  -18.496  64.023 0.0000000000
73800  35.288  -20.377  64.329 0.0000000000
75083  35.098  -19.565  63.732 0.0000000000
73812  34.834  -20.484  63.563 0.0000000000
72690  34.601  -21.548  63.454 0.0000000000
72671  36.135  -21.752  65.308 0.0000000000
70452  35.315  -24.029  63.183 0.0000000000
68332  35.605  -26.052  60.610 0.0000000000
69355  35.110  -25.494  61.020 0.0000000000
68346  35.495  -26.253  60.046 0.0000000000
67250  36.134  -26.913  59.950 0.0000000000
67224  37.068  -27.293  61.629 0.0000000000
67225  36.352  -27.075  61.178 0.0000000000
65068  36.024  -28.605  59.610 0.0000000000
66175  36.447  -27.808  59.747 0.0000000000
65082  35.482  -28.158  59.343 0.0000000000
63919  33.891  -29.392  57.559 0.0000000000
62763  33.581  -29.940  56.665 0.0000000000
55269  35.025  -34.122  69.885 0.0000000000
55253  35.994  -34.165  70.043 0.0000000000
55281  35.199  -33.858  69.257 0.0000000000
56588  35.969  -33.652  68.500 0.0000000000
56603  36.333  -33.133  67.825 0.0000000000
57827  37.150  -32.599  67.847 0.0000000000
57844  36.391  -32.762  66.852 0.0000000000
57886  32.362  -32.802  65.281 0.0000000000
56639  33.294  -32.830  65.769 0.0000000000
57885  33.165  -33.040  65.152 0.0000000000
59134  36.046  -33.869  64.828 0.0000000000
57882  35.959  -33.597  65.264 0.0000000000
59133  36.559  -33.411  65.033 0.0000000000
59111  36.804  -32.667  65.769 0.0000000000
59110  37.397  -32.389  65.245 0.0000000000
60338  37.577  -31.468  65.921 0.0000000000
59131  37.609  -32.467  64.640 0.0000000000
61505  38.069  -31.709  63.083 0.0000000000
61496  38.482  -31.387  64.163 0.0000000000
63795  39.462  -29.683  64.742 0.0000000000
62648  38.965  -30.628  63.170 0.0000000000
62649  38.505  -31.171  62.826 0.0000000000
61536  36.310  -31.620  61.169 0.0000000000
62660  37.447  -31.253  61.610 0.0000000000
60437  32.337  -32.140  60.923 0.0000000000
60436  33.070  -32.200  61.006 0.0000000000
61559  32.179  -31.613  60.319 0.0000000000
62707  31.913  -30.544  58.966 0.0000000000
62691  33.253  -31.266  59.792 0.0000000000
62689  35.003  -31.015  60.089 0.0000000000
62724  32.660  -30.126  58.354 0.0000000000
81049  37.805  -14.081  63.360 0.0000000000
81050  36.943  -14.189  63.008 0.0000000000
79902  35.418  -15.814  61.739 0.0000000000
79901  36.176  -15.069  61.449 0.0000000000
79918  35.646  -15.462  60.757 0.0000000000
76275  34.008  -18.383  60.830 0.0000000000
77484  34.337  -17.574  61.198 0.0000000000
76284  33.760  -18.175  59.756 0.0000000000
77506  34.205  -17.347  59.227 0.0000000000
77523  34.342  -17.371  58.279 0.0000000000
77542  34.464  -17.442  57.298 0.0000000000
85573  59.145  -10.074  46.161 0.0000000000
84527  59.881  -10.183  45.462 0.0000000000
79877  38.162  -14.351  62.467 0.0000000000
55312  19.679  -35.079  65.983 0.0000000000
55297  19.616  -35.338  66.744 0.0000000000
59121  21.421  -33.088  66.703 0.0000000000
77517  43.092  -15.149  57.419 0.0000000000
78764  43.585  -15.048  57.271 0.0000000000
77535  43.200  -15.295  56.861 0.0000000000
77557  43.269  -15.463  56.314 0.0000000000
77585  43.381  -15.521  55.727 0.0000000000
77606  43.618  -15.406  55.144 0.0000000000
52771  20.725  -36.707  74.771 0.0000000000
51609  19.803  -37.051  74.351 0.0000000000
48291  11.744  -40.331  75.715 0.0000000000
48313  10.055  -40.645  74.919 0.0000000000
48293  10.159  -40.726  75.546 0.0000000000
47092  8.792  -41.577  75.751 0.0000000000
47073  8.635  -41.835  77.361 0.0000000000
69284  38.434  -25.771  66.520 0.0000000000
68286  38.147  -26.298  65.312 0.0000000000
67205  38.250  -26.644  64.297 0.0000000000
67214  38.109  -26.811  63.581 0.0000000000
67213  38.574  -26.892  64.082 0.0000000000
65026  39.308  -28.327  62.680 0.0000000000
65027  39.090  -29.082  62.041 0.0000000000
60373  28.241  -31.882  63.739 0.0000000000
60372  28.967  -32.302  63.639 0.0000000000
60398  28.937  -32.096  62.730 0.0000000000
60419  29.601  -32.106  61.552 0.0000000000
61541  28.540  -31.347  60.868 0.0000000000
73814  33.854  -20.780  62.341 0.0000000000
75099  33.274  -20.355  61.282 0.0000000000
73828  33.464  -20.879  61.668 0.0000000000
72713  32.805  -21.754  60.736 0.0000000000
83328  53.844  -10.750  50.959 0.0000000000
83311  54.433  -10.951  51.815 0.0000000000
84485  55.933  -9.997  48.942 0.0000000000
77505  41.480  -15.096  58.410 0.0000000000
77520  41.203  -15.243  57.872 0.0000000000
77521  40.551  -15.335  57.816 0.0000000000
78765  40.099  -15.339  57.848 0.0000000000
78723  38.128  -14.631  58.775 0.0000000000
78745  37.828  -15.094  58.071 0.0000000000
79850  42.075  -13.877  62.881 0.0000000000
81048  42.621  -14.044  62.231 0.0000000000
79895  42.531  -14.514  60.599 0.0000000000
78684  42.465  -14.644  60.168 0.0000000000
78700  42.635  -14.811  59.758 0.0000000000
54108  17.168  -37.257  64.554 0.0000000000
52918  14.615  -38.294  66.668 0.0000000000
56549  32.540  -33.140  70.748 0.0000000000
59076  27.796  -31.319  67.603 0.0000000000
60340  27.490  -31.521  65.245 0.0000000000
60356  25.340  -31.262  64.146 0.0000000000
60377  23.827  -31.562  62.760 0.0000000000
59183  22.860  -32.128  62.465 0.0000000000
67252  34.524  -26.327  59.074 0.0000000000
81129  49.105  -12.679  53.539 0.0000000000
81155  49.485  -12.493  52.718 0.0000000000
83347  49.329  -11.711  49.404 0.0000000000
59014  23.997  -32.450  71.649 0.0000000000
59015  23.346  -32.765  71.775 0.0000000000
58994  23.635  -32.714  72.308 0.0000000000
57751  23.427  -33.002  73.165 0.0000000000
57729  23.911  -33.177  74.043 0.0000000000
81102  47.999  -12.964  56.004 0.0000000000
79968  47.543  -13.421  55.036 0.0000000000
81133  44.732  -14.160  53.128 0.0000000000
55243  21.157  -35.012  71.098 0.0000000000
55244  20.472  -35.354  70.458 0.0000000000
52871  19.671  -36.307  70.440 0.0000000000
52872  19.142  -36.854  70.236 0.0000000000
50648  17.110  -38.246  71.503 0.0000000000
50665  17.365  -37.986  71.078 0.0000000000
50666  16.786  -38.181  71.130 0.0000000000
50687  15.034  -38.441  70.497 0.0000000000
53954  16.933  -36.784  74.331 0.0000000000
48344  12.310  -39.838  74.199 0.0000000000
49489  12.386  -39.764  73.842 0.0000000000
49505  12.324  -39.647  73.224 0.0000000000
49528  11.939  -39.715  72.245 0.0000000000
49548  12.520  -39.471  71.800 0.0000000000
76226  35.790  -18.597  64.811 0.0000000000
76211  36.238  -18.660  65.786 0.0000000000
75059  36.065  -19.450  65.420 0.0000000000
73783  35.738  -20.298  65.088 0.0000000000
70422  37.380  -24.414  65.814 0.0000000000
71553  36.073  -22.611  64.865 0.0000000000
70435  36.018  -23.743  64.306 0.0000000000
70468  35.215  -24.847  62.330 0.0000000000
69339  35.157  -25.225  61.726 0.0000000000
68331  35.899  -26.476  60.751 0.0000000000
66161  37.748  -27.711  60.454 0.0000000000
65067  36.980  -28.675  59.712 0.0000000000
63900  34.910  -29.034  58.849 0.0000000000
56591  33.732  -33.253  68.594 0.0000000000
56590  34.652  -33.598  68.930 0.0000000000
56606  34.361  -33.242  67.763 0.0000000000
56620  34.971  -33.240  66.904 0.0000000000
57905  33.555  -33.894  64.629 0.0000000000
59155  35.152  -33.796  63.599 0.0000000000
59153  36.957  -33.079  64.033 0.0000000000
59152  37.210  -32.820  64.042 0.0000000000
60370  36.728  -32.760  63.358 0.0000000000
60391  37.173  -32.317  62.936 0.0000000000
61506  37.552  -32.095  62.948 0.0000000000
61516  37.920  -31.479  62.416 0.0000000000
61518  36.526  -32.050  61.861 0.0000000000
61519  35.867  -32.156  61.554 0.0000000000
61537  35.324  -31.841  61.050 0.0000000000
61581  31.143  -30.984  59.491 0.0000000000
62725  31.647  -30.286  58.048 0.0000000000
81031  36.183  -14.620  63.674 0.0000000000
81051  36.095  -14.786  62.902 0.0000000000
78706  34.937  -16.161  61.187 0.0000000000
75124  33.108  -19.296  59.298 0.0000000000
76285  33.578  -18.585  59.180 0.0000000000
76298  33.536  -18.687  58.422 0.0000000000
84515  57.978  -10.160  46.945 0.0000000000
78687  40.760  -14.455  60.413 0.0000000000
78703  40.403  -14.595  59.694 0.0000000000
78704  39.417  -14.449  59.727 0.0000000000
79915  38.688  -14.347  59.963 0.0000000000
78705  38.632  -14.438  59.407 0.0000000000
79930  37.462  -14.604  59.040 0.0000000000
79943  36.256  -15.226  58.727 0.0000000000
79811  42.512  -13.374  64.590 0.0000000000
79827  42.376  -13.555  63.941 0.0000000000
79828  41.597  -13.561  63.885 0.0000000000
79874  41.517  -14.186  61.992 0.0000000000
54127  18.158  -36.600  64.178 0.0000000000
55314  18.667  -35.918  65.290 0.0000000000
54107  17.632  -36.870  65.003 0.0000000000
52959  17.730  -36.996  66.114 0.0000000000
57787  29.156  -31.790  69.678 0.0000000000
59078  25.421  -31.099  68.005 0.0000000000
57891  20.822  -33.506  64.484 0.0000000000
82213  46.707  -13.317  51.428 0.0000000000
82212  47.729  -12.954  51.478 0.0000000000
57727  25.780  -32.292  74.434 0.0000000000
57706  26.473  -32.289  74.993 0.0000000000
79927  45.041  -14.068  58.662 0.0000000000
79955  45.403  -14.212  57.237 0.0000000000
78782  45.393  -14.378  56.522 0.0000000000
78781  45.880  -14.118  56.157 0.0000000000
78810  45.820  -14.157  55.245 0.0000000000
78812  45.040  -14.638  55.242 0.0000000000
79979  44.274  -14.664  54.036 0.0000000000
79980  43.655  -14.995  54.207 0.0000000000
79996  43.605  -14.518  52.633 0.0000000000
52823  21.129  -36.294  73.037 0.0000000000
52839  19.742  -36.661  71.579 0.0000000000
52824  20.468  -36.592  72.666 0.0000000000
51675  18.677  -37.570  72.104 0.0000000000
51659  18.784  -37.611  72.930 0.0000000000
50635  17.789  -38.139  71.881 0.0000000000
50636  16.786  -38.432  72.090 0.0000000000
50637  16.275  -38.463  71.938 0.0000000000
49501  15.880  -38.522  72.148 0.0000000000
53943  14.219  -37.281  74.993 0.0000000000
51590  14.046  -38.492  75.629 0.0000000000
49437  13.518  -39.486  74.865 0.0000000000
49438  12.716  -39.776  75.291 0.0000000000
48327  12.497  -39.746  74.584 0.0000000000
48363  10.282  -40.630  73.206 0.0000000000
48347  9.838  -40.998  73.750 0.0000000000
48314  9.599  -41.006  74.663 0.0000000000
70421  37.799  -24.716  66.558 0.0000000000
69307  37.385  -25.150  64.858 0.0000000000
69321  37.061  -25.474  63.955 0.0000000000
69336  36.809  -25.847  63.277 0.0000000000
66150  38.172  -27.526  61.899 0.0000000000
66160  38.036  -27.620  61.105 0.0000000000
62687  36.685  -30.202  60.237 0.0000000000
57867  30.697  -32.099  66.126 0.0000000000
56624  31.851  -32.478  66.185 0.0000000000
57888  30.851  -32.470  65.320 0.0000000000
57908  31.276  -32.894  64.845 0.0000000000
57907  31.898  -33.149  64.724 0.0000000000
59160  30.399  -33.112  64.038 0.0000000000
59159  31.317  -33.349  64.095 0.0000000000
59158  32.241  -33.714  63.891 0.0000000000
59178  32.888  -33.545  62.867 0.0000000000
59195  33.419  -33.212  62.134 0.0000000000
60416  32.510  -32.549  61.574 0.0000000000
60438  31.421  -32.090  60.879 0.0000000000
60439  30.494  -31.977  60.772 0.0000000000
76264  34.329  -18.468  61.761 0.0000000000
75112  33.518  -19.031  60.307 0.0000000000
84502  57.279  -10.199  47.777 0.0000000000
85562  57.478  -10.132  47.284 0.0000000000
76364  41.948  -15.606  55.514 0.0000000000
76365  41.470  -15.643  55.224 0.0000000000
76350  41.673  -15.616  55.733 0.0000000000
76351  41.046  -15.677  55.503 0.0000000000
78767  38.430  -15.330  57.467 0.0000000000
78784  38.901  -15.362  56.959 0.0000000000
82104  43.702  -13.474  63.013 0.0000000000
78698  43.534  -14.771  59.293 0.0000000000
78716  43.684  -14.755  58.900 0.0000000000
78717  42.968  -14.993  58.737 0.0000000000
78740  42.908  -15.032  57.955 0.0000000000
77536  42.778  -15.352  56.957 0.0000000000
76328  42.350  -15.539  56.393 0.0000000000
55226  35.151  -34.162  71.630 0.0000000000
55239  35.356  -34.042  70.998 0.0000000000
55240  35.182  -34.089  70.928 0.0000000000
55271  34.260  -33.866  70.434 0.0000000000
56575  34.022  -33.610  69.795 0.0000000000
56561  33.268  -33.389  70.213 0.0000000000
56576  33.061  -33.158  69.213 0.0000000000
56593  31.943  -32.659  67.674 0.0000000000
57846  31.136  -32.384  67.058 0.0000000000
57802  29.225  -31.754  68.706 0.0000000000
57815  29.943  -32.121  68.221 0.0000000000
57816  29.273  -31.696  67.838 0.0000000000
57847  30.385  -32.047  66.824 0.0000000000
59113  29.790  -32.087  65.332 0.0000000000
60353  28.253  -32.016  64.459 0.0000000000
60354  27.609  -31.684  64.636 0.0000000000
60400  26.791  -31.376  62.558 0.0000000000
61521  26.598  -31.194  61.573 0.0000000000
59164  22.293  -32.375  63.414 0.0000000000
70490  33.678  -24.289  60.762 0.0000000000
82191  52.213  -11.927  53.325 0.0000000000
82211  48.667  -12.588  51.881 0.0000000000
82210  49.734  -12.338  52.232 0.0000000000
82196  52.708  -11.736  52.592 0.0000000000
82207  52.711  -11.701  52.068 0.0000000000
83313  52.712  -11.621  51.795 0.0000000000
83330  51.841  -11.133  50.635 0.0000000000
83345  52.456  -10.937  50.590 0.0000000000
84487  53.885  -9.846  48.847 0.0000000000
84488  52.837  -10.236  48.400 0.0000000000
59064  21.846  -33.041  68.737 0.0000000000
56594  21.096  -33.979  68.822 0.0000000000
57818  21.677  -33.412  69.151 0.0000000000
57804  21.679  -33.588  69.932 0.0000000000
56563  21.284  -34.247  70.314 0.0000000000
57788  22.863  -33.029  71.646 0.0000000000
56551  21.748  -34.136  71.065 0.0000000000
55230  21.490  -34.922  72.320 0.0000000000
54016  21.231  -35.672  72.589 0.0000000000
56497  23.214  -33.735  73.835 0.0000000000
56454  23.899  -34.126  75.209 0.0000000000
56498  22.860  -34.403  74.108 0.0000000000
55215  22.263  -34.784  73.690 0.0000000000
55201  21.937  -35.267  73.796 0.0000000000
54003  21.470  -35.808  73.311 0.0000000000
52806  21.272  -36.285  73.467 0.0000000000
52788  21.485  -36.211  74.106 0.0000000000
52770  21.227  -36.530  74.713 0.0000000000
52758  21.825  -36.014  75.091 0.0000000000
52759  21.303  -36.329  75.195 0.0000000000
55223  36.894  -34.114  72.524 0.0000000000
55225  35.484  -34.177  71.869 0.0000000000
55214  34.462  -34.197  71.936 0.0000000000
56534  33.644  -33.987  71.532 0.0000000000
56518  33.474  -33.839  72.227 0.0000000000
56535  32.853  -33.536  71.656 0.0000000000
59063  22.494  -32.598  69.238 0.0000000000
77609  41.116  -15.712  54.546 0.0000000000
82179  49.896  -12.352  55.438 0.0000000000
81101  48.607  -12.728  55.565 0.0000000000
79982  48.563  -12.892  53.642 0.0000000000
81158  47.177  -13.321  52.207 0.0000000000
79977  45.979  -14.038  54.860 0.0000000000
79985  46.075  -13.931  54.333 0.0000000000
79993  46.425  -13.691  53.527 0.0000000000
56595  20.622  -34.425  68.237 0.0000000000
54087  19.495  -35.780  67.603 0.0000000000
54055  19.724  -35.913  69.264 0.0000000000
54072  19.160  -36.224  68.031 0.0000000000
52914  17.672  -36.805  68.198 0.0000000000
52915  17.067  -36.976  67.855 0.0000000000
51722  18.100  -37.299  69.929 0.0000000000
51708  17.387  -37.825  70.753 0.0000000000
51747  17.529  -37.195  69.364 0.0000000000
51772  16.628  -37.237  68.548 0.0000000000
52895  14.810  -38.000  67.794 0.0000000000
52896  13.854  -38.489  67.361 0.0000000000
51751  14.136  -38.283  68.551 0.0000000000
51611  17.385  -38.030  74.061 0.0000000000
50602  16.738  -38.477  73.406 0.0000000000
49485  15.738  -38.639  72.803 0.0000000000
49502  15.190  -38.627  72.519 0.0000000000
52754  15.408  -37.478  74.798 0.0000000000
51597  15.405  -38.664  74.966 0.0000000000
50581  15.200  -39.277  74.319 0.0000000000
49471  13.982  -39.437  73.965 0.0000000000
49454  14.593  -39.438  74.099 0.0000000000
49470  14.754  -39.249  73.641 0.0000000000
49486  14.940  -38.929  73.128 0.0000000000
49525  14.797  -38.590  72.035 0.0000000000
49546  14.104  -38.742  71.649 0.0000000000
50670  13.564  -38.879  70.996 0.0000000000
50671  12.572  -39.501  71.004 0.0000000000
50690  12.020  -39.559  69.940 0.0000000000
45811  7.822  -42.543  78.199 0.0000000000
45796  7.289  -43.098  78.650 0.0000000000
47060  7.499  -42.733  79.283 0.0000000000
81009  38.770  -13.767  64.660 0.0000000000
79856  35.488  -15.934  63.796 0.0000000000
78656  35.352  -16.383  63.628 0.0000000000
76240  35.197  -18.125  63.522 0.0000000000
76252  35.030  -18.711  63.354 0.0000000000
75084  34.513  -19.564  62.840 0.0000000000
71595  33.705  -22.896  62.092 0.0000000000
71554  35.470  -22.194  64.393 0.0000000000
71576  34.426  -22.709  63.223 0.0000000000
71577  33.924  -22.692  62.621 0.0000000000
70454  33.943  -23.270  62.267 0.0000000000
70470  33.864  -23.834  61.580 0.0000000000
69356  34.331  -24.963  60.654 0.0000000000
68347  34.537  -25.852  59.707 0.0000000000
66201  35.045  -27.605  57.809 0.0000000000
68319  36.199  -26.472  61.666 0.0000000000
68330  36.091  -26.829  60.924 0.0000000000
67237  36.096  -26.725  60.392 0.0000000000
67249  36.713  -27.407  59.980 0.0000000000
66176  35.759  -27.383  59.545 0.0000000000
65097  34.928  -28.304  57.343 0.0000000000
63917  34.781  -28.718  56.621 0.0000000000
63935  34.413  -29.275  56.515 0.0000000000
65084  34.820  -28.913  58.615 0.0000000000
56559  36.689  -33.788  70.075 0.0000000000
56571  37.150  -33.477  69.333 0.0000000000
55280  35.557  -33.862  68.912 0.0000000000
56573  36.218  -33.877  68.918 0.0000000000
56586  37.042  -33.287  68.650 0.0000000000
59073  37.471  -32.166  67.606 0.0000000000
56623  32.480  -32.636  66.114 0.0000000000
56638  33.844  -32.900  66.064 0.0000000000
57863  34.781  -33.197  66.003 0.0000000000
57883  35.345  -33.832  65.113 0.0000000000
57862  35.825  -33.120  66.056 0.0000000000
59092  36.810  -32.405  66.560 0.0000000000
59091  37.112  -32.194  66.617 0.0000000000
60328  37.571  -31.510  66.995 0.0000000000
60327  37.777  -31.136  67.162 0.0000000000
60351  38.000  -32.141  64.608 0.0000000000
61489  38.274  -30.962  65.517 0.0000000000
62632  38.980  -30.074  65.848 0.0000000000
62640  39.393  -29.845  65.171 0.0000000000
63794  39.307  -29.107  65.179 0.0000000000
63808  39.537  -28.637  64.574 0.0000000000
63826  39.167  -29.597  62.620 0.0000000000
63827  38.726  -29.742  61.888 0.0000000000
62659  38.204  -30.898  61.975 0.0000000000
62671  37.784  -30.311  61.209 0.0000000000
62688  36.081  -30.393  60.034 0.0000000000
61538  34.375  -31.925  61.022 0.0000000000
61556  34.854  -31.537  60.623 0.0000000000
61558  33.185  -31.632  60.385 0.0000000000
61557  34.187  -31.539  60.457 0.0000000000
62740  33.280  -29.660  57.779 0.0000000000
62741  32.440  -30.025  57.338 0.0000000000
79832  38.730  -13.930  64.067 0.0000000000
79944  36.090  -15.262  59.033 0.0000000000
78747  35.534  -15.741  58.604 0.0000000000
78690  34.550  -16.899  61.505 0.0000000000
78707  34.484  -16.674  60.665 0.0000000000
78726  34.579  -16.538  59.584 0.0000000000
85565  54.417  -9.945  46.786 0.0000000000
45812  7.506  -42.890  78.203 0.0000000000
47059  8.100  -42.426  79.044 0.0000000000
47065  9.145  -41.543  77.456 0.0000000000
47067  8.102  -42.418  78.492 0.0000000000
47110  9.537  -40.965  74.935 0.0000000000
47131  9.139  -41.590  74.593 0.0000000000
48274  11.397  -40.606  76.953 0.0000000000
48290  12.245  -40.018  75.418 0.0000000000
49422  11.948  -40.278  76.951 0.0000000000
49425  13.295  -39.627  75.444 0.0000000000
49426  12.658  -40.101  76.009 0.0000000000
49427  12.035  -40.319  76.144 0.0000000000
49436  14.369  -39.449  74.566 0.0000000000
49453  15.334  -39.166  73.839 0.0000000000
49456  12.996  -39.536  74.739 0.0000000000
49484  16.223  -38.520  72.385 0.0000000000
49500  16.239  -38.498  72.146 0.0000000000
49523  15.846  -38.476  71.843 0.0000000000
49524  15.470  -38.510  72.002 0.0000000000
50537  12.447  -39.304  77.253 0.0000000000
50545  12.369  -39.710  77.024 0.0000000000
50549  14.598  -38.901  75.241 0.0000000000
50561  15.705  -38.711  74.505 0.0000000000
50578  17.503  -38.168  73.707 0.0000000000
50620  18.270  -37.910  72.316 0.0000000000
50623  16.082  -38.644  73.206 0.0000000000
50634  18.251  -37.902  72.037 0.0000000000
50647  17.610  -38.039  71.404 0.0000000000
50664  17.720  -37.874  71.193 0.0000000000
50684  17.086  -37.961  70.789 0.0000000000
51586  12.397  -38.723  77.199 0.0000000000
51588  15.738  -37.697  74.796 0.0000000000
51589  15.163  -38.121  75.154 0.0000000000
51660  18.256  -37.933  73.211 0.0000000000
51676  18.191  -37.870  71.802 0.0000000000
51690  19.301  -37.036  71.567 0.0000000000
51721  18.640  -37.204  70.111 0.0000000000
51746  17.953  -37.123  69.349 0.0000000000
51770  17.557  -36.963  68.824 0.0000000000
52744  13.687  -38.116  75.697 0.0000000000
52753  16.223  -37.316  74.546 0.0000000000
52756  13.709  -37.777  75.468 0.0000000000
52840  19.232  -37.007  71.343 0.0000000000
52856  19.146  -36.931  70.996 0.0000000000
52889  19.523  -36.339  69.881 0.0000000000
52933  18.652  -36.421  67.906 0.0000000000
53942  15.102  -37.131  74.642 0.0000000000
53955  15.885  -36.812  74.470 0.0000000000
53988  22.453  -35.185  74.482 0.0000000000
54071  19.663  -35.808  68.354 0.0000000000
55151  14.372  -36.903  74.861 0.0000000000
55211  35.575  -34.511  72.583 0.0000000000
55216  21.648  -35.155  73.214 0.0000000000
55228  34.335  -34.114  71.495 0.0000000000
55237  36.796  -33.816  71.894 0.0000000000
55241  34.614  -34.009  71.063 0.0000000000
55242  34.257  -34.027  71.041 0.0000000000
55255  34.822  -34.037  70.548 0.0000000000
55256  34.447  -33.964  70.672 0.0000000000
55268  35.656  -34.058  69.383 0.0000000000
55270  34.574  -33.922  70.169 0.0000000000
55282  34.816  -33.875  69.659 0.0000000000
55313  19.106  -35.553  65.519 0.0000000000
56533  33.816  -34.114  71.488 0.0000000000
56545  37.269  -33.707  71.180 0.0000000000
56550  22.182  -34.004  71.632 0.0000000000
56572  36.583  -33.795  69.213 0.0000000000
56589  35.398  -33.639  68.529 0.0000000000
56604  35.836  -33.285  67.665 0.0000000000
56621  34.162  -32.981  66.693 0.0000000000
56640  32.824  -32.759  65.542 0.0000000000
57708  24.396  -33.235  74.586 0.0000000000
57785  31.017  -32.339  70.635 0.0000000000
57789  22.308  -33.325  71.135 0.0000000000
57803  22.193  -33.236  70.345 0.0000000000
57828  36.709  -32.777  67.629 0.0000000000
57831  29.851  -31.932  67.318 0.0000000000
57843  36.869  -32.418  67.120 0.0000000000
57845  35.912  -33.083  66.927 0.0000000000
57848  29.895  -31.786  66.654 0.0000000000
57861  36.374  -32.815  66.058 0.0000000000
57864  34.246  -32.997  66.013 0.0000000000
57866  31.369  -32.377  66.076 0.0000000000
57887  31.584  -32.638  65.311 0.0000000000
57903  35.364  -34.099  64.224 0.0000000000
59090  37.271  -31.969  66.921 0.0000000000
59100  21.406  -33.207  67.170 0.0000000000
59115  28.336  -31.742  65.840 0.0000000000
59154  36.078  -33.598  63.931 0.0000000000
59196  32.656  -33.091  62.152 0.0000000000
60318  37.961  -31.858  68.016 0.0000000000
60339  37.463  -31.949  65.567 0.0000000000
60341  26.917  -31.281  65.159 0.0000000000
60352  37.670  -32.438  64.243 0.0000000000
60369  37.405  -32.465  63.654 0.0000000000
60414  34.592  -32.506  61.439 0.0000000000
61497  38.198  -31.914  63.891 0.0000000000
61517  37.419  -31.769  62.288 0.0000000000
61579  32.766  -31.316  59.850 0.0000000000
62633  38.801  -30.553  65.517 0.0000000000
62722  34.361  -29.917  58.882 0.0000000000
63863  36.536  -30.002  59.955 0.0000000000
65013  39.053  -28.086  64.904 0.0000000000
66141  38.805  -27.176  64.333 0.0000000000
66142  39.040  -27.260  63.612 0.0000000000
68294  38.146  -26.528  64.692 0.0000000000
71596  33.418  -22.705  61.597 0.0000000000
75114  32.622  -20.539  60.080 0.0000000000
76313  42.355  -15.515  56.624 0.0000000000
76327  42.569  -15.534  56.297 0.0000000000
76348  42.503  -15.556  56.148 0.0000000000
76349  42.191  -15.572  55.923 0.0000000000
77559  42.575  -15.466  56.660 0.0000000000
77560  41.346  -15.665  56.272 0.0000000000
77604  44.790  -14.736  55.207 0.0000000000
77605  44.366  -15.114  55.208 0.0000000000
78670  35.305  -15.990  63.099 0.0000000000
78797  45.988  -14.086  55.742 0.0000000000
78824  45.577  -14.225  54.589 0.0000000000
78825  45.340  -14.361  54.739 0.0000000000
79834  35.477  -16.129  63.986 0.0000000000
79914  42.856  -14.722  60.217 0.0000000000
79970  44.669  -14.574  54.156 0.0000000000
79983  48.119  -13.175  53.727 0.0000000000
80989  42.351  -13.127  65.287 0.0000000000
81028  42.679  -13.809  62.841 0.0000000000
81112  44.402  -14.547  53.756 0.0000000000
81113  44.872  -14.458  53.989 0.0000000000
81121  44.970  -14.435  53.968 0.0000000000
81122  44.631  -14.442  53.746 0.0000000000
81139  49.819  -12.471  53.074 0.0000000000
82115  43.765  -13.633  62.423 0.0000000000
82180  49.400  -12.451  55.486 0.0000000000
83315  48.316  -12.642  51.416 0.0000000000
