#!ascii label  , from subject MOT01 vox2ras=TkReg
1079
60507  33.873  -32.388  56.663 0.0000000000
78908  46.389  -16.211  48.537 0.0000000000
73932  35.876  -20.796  53.817 0.0000000000
50703  11.948  -40.830  67.867 0.0000000000
61521  26.598  -31.194  61.573 0.0000000000
77630  38.402  -17.283  53.269 0.0000000000
54170  19.165  -37.445  62.264 0.0000000000
49639  17.056  -41.471  65.121 0.0000000000
56731  22.869  -35.656  60.314 0.0000000000
78904  50.930  -16.463  48.422 0.0000000000
66201  35.045  -27.605  57.809 0.0000000000
69420  36.398  -24.718  56.050 0.0000000000
62720  39.240  -30.493  58.920 0.0000000000
83362  49.334  -11.828  48.168 0.0000000000
83386  52.712  -12.997  45.533 0.0000000000
80012  43.224  -14.656  51.694 0.0000000000
75244  46.375  -20.286  51.474 0.0000000000
75249  41.481  -19.503  51.252 0.0000000000
72802  41.573  -22.154  54.483 0.0000000000
56723  32.845  -35.999  60.423 0.0000000000
45953  10.784  -45.082  71.141 0.0000000000
45906  7.211  -44.476  73.317 0.0000000000
45813  6.951  -43.538  78.215 0.0000000000
61624  30.350  -31.501  57.595 0.0000000000
56728  27.924  -35.771  60.402 0.0000000000
73883  32.289  -20.545  57.165 0.0000000000
71632  38.651  -22.600  58.809 0.0000000000
85589  56.034  -10.255  44.958 0.0000000000
78906  48.743  -16.567  48.314 0.0000000000
77669  48.773  -18.073  50.206 0.0000000000
62762  34.668  -29.948  55.931 0.0000000000
63932  37.342  -29.252  55.954 0.0000000000
60504  37.028  -31.816  57.617 0.0000000000
82229  46.069  -13.407  49.857 0.0000000000
83348  48.405  -12.247  49.811 0.0000000000
82247  47.737  -13.499  47.879 0.0000000000
81199  49.601  -14.212  47.124 0.0000000000
41387  5.307  -48.465  77.539 0.0000000000
77676  41.860  -17.396  50.705 0.0000000000
78844  40.653  -16.303  52.509 0.0000000000
75208  37.081  -19.507  52.831 0.0000000000
73970  38.547  -20.424  52.584 0.0000000000
72823  38.734  -21.881  53.731 0.0000000000
72763  39.180  -21.232  56.693 0.0000000000
49624  14.191  -41.504  66.350 0.0000000000
47264  16.342  -43.635  67.517 0.0000000000
47225  13.729  -43.990  68.688 0.0000000000
45951  12.701  -45.524  71.078 0.0000000000
47227  11.096  -43.197  69.352 0.0000000000
48349  8.513  -42.362  73.263 0.0000000000
45860  6.715  -43.903  75.788 0.0000000000
61563  28.458  -31.262  59.953 0.0000000000
59240  29.040  -33.771  58.600 0.0000000000
60459  26.306  -32.467  59.426 0.0000000000
54168  22.967  -38.074  62.665 0.0000000000
55379  25.086  -36.689  62.562 0.0000000000
67263  40.479  -26.658  58.173 0.0000000000
70556  38.318  -23.972  57.100 0.0000000000
77610  40.269  -15.940  54.309 0.0000000000
78801  37.081  -16.021  55.737 0.0000000000
77593  35.321  -17.572  55.212 0.0000000000
51842  20.467  -39.391  62.379 0.0000000000
49649  19.428  -41.668  64.435 0.0000000000
50765  17.689  -40.247  63.616 0.0000000000
51805  15.379  -39.632  64.998 0.0000000000
52896  13.854  -38.489  67.361 0.0000000000
60443  24.535  -32.154  59.823 0.0000000000
59184  22.068  -32.961  62.266 0.0000000000
55409  20.855  -36.714  61.026 0.0000000000
68347  34.537  -25.852  59.707 0.0000000000
69393  32.838  -24.746  58.326 0.0000000000
67295  35.201  -26.397  56.476 0.0000000000
66214  39.007  -27.590  56.673 0.0000000000
85567  52.851  -10.618  46.400 0.0000000000
84519  50.964  -12.323  46.534 0.0000000000
81197  51.389  -14.747  47.049 0.0000000000
80043  44.279  -15.160  49.786 0.0000000000
77672  46.213  -17.990  49.931 0.0000000000
77674  44.071  -17.516  50.021 0.0000000000
75246  44.114  -20.272  51.252 0.0000000000
72818  43.742  -21.649  53.089 0.0000000000
76419  39.490  -18.375  51.924 0.0000000000
72832  41.910  -21.451  52.754 0.0000000000
58022  33.843  -33.900  58.645 0.0000000000
57993  36.425  -33.762  59.841 0.0000000000
81160  45.195  -13.717  51.808 0.0000000000
50672  11.295  -40.202  70.752 0.0000000000
48380  9.080  -42.270  71.374 0.0000000000
45929  8.839  -44.966  71.927 0.0000000000
43623  8.439  -47.085  74.025 0.0000000000
43613  6.562  -46.778  74.985 0.0000000000
43593  5.716  -46.346  76.956 0.0000000000
43575  5.377  -45.270  78.939 0.0000000000
44635  4.916  -44.623  80.089 0.0000000000
60532  31.774  -32.090  56.650 0.0000000000
58025  30.894  -34.318  58.302 0.0000000000
56725  30.494  -36.244  59.965 0.0000000000
57968  25.589  -34.619  60.447 0.0000000000
75181  34.061  -19.739  54.822 0.0000000000
70577  33.090  -23.118  56.541 0.0000000000
71675  35.171  -22.274  56.035 0.0000000000
72786  36.535  -21.924  55.515 0.0000000000
59194  38.822  -33.414  60.998 0.0000000000
84552  57.439  -11.273  42.766 0.0000000000
85591  53.986  -10.993  44.882 0.0000000000
83403  55.574  -12.845  43.574 0.0000000000
78907  47.518  -16.350  48.388 0.0000000000
77687  48.534  -17.741  49.616 0.0000000000
77688  47.587  -17.657  49.447 0.0000000000
60528  34.608  -31.401  56.028 0.0000000000
61644  36.286  -30.766  56.186 0.0000000000
60505  36.284  -32.235  57.466 0.0000000000
81184  45.569  -14.559  49.035 0.0000000000
82236  46.998  -13.252  48.488 0.0000000000
80061  46.791  -15.339  48.212 0.0000000000
80060  48.133  -15.480  47.798 0.0000000000
42491  4.920  -47.306  78.042 0.0000000000
78843  41.264  -15.985  52.465 0.0000000000
77627  41.481  -15.697  54.082 0.0000000000
75209  36.247  -19.490  53.320 0.0000000000
73950  37.688  -21.103  53.224 0.0000000000
73930  37.346  -21.500  53.687 0.0000000000
72805  38.577  -21.983  54.670 0.0000000000
72806  37.566  -21.853  54.324 0.0000000000
49604  13.304  -41.429  66.917 0.0000000000
48430  13.892  -42.738  67.322 0.0000000000
48432  12.555  -42.438  67.924 0.0000000000
47226  12.334  -43.753  68.979 0.0000000000
48411  11.419  -42.493  68.769 0.0000000000
61542  27.552  -31.172  60.870 0.0000000000
61585  27.444  -31.871  59.240 0.0000000000
61565  26.441  -31.562  59.676 0.0000000000
51816  22.546  -39.766  64.026 0.0000000000
71613  32.647  -22.543  60.308 0.0000000000
68344  41.221  -25.320  58.800 0.0000000000
77592  36.093  -17.050  55.096 0.0000000000
78788  35.532  -16.616  56.421 0.0000000000
53019  20.105  -38.437  61.896 0.0000000000
51830  19.117  -39.953  62.868 0.0000000000
53021  18.141  -38.496  62.579 0.0000000000
52985  16.265  -38.657  64.191 0.0000000000
52938  15.294  -38.096  65.897 0.0000000000
52940  14.188  -39.342  66.020 0.0000000000
60377  23.827  -31.562  62.760 0.0000000000
56656  19.851  -35.220  63.312 0.0000000000
56674  20.582  -34.635  62.444 0.0000000000
55410  20.208  -36.756  61.545 0.0000000000
53038  20.910  -38.383  61.632 0.0000000000
67279  34.546  -26.414  57.498 0.0000000000
67278  34.985  -26.859  57.179 0.0000000000
62737  38.416  -30.414  57.591 0.0000000000
65110  38.115  -28.511  56.187 0.0000000000
63915  39.049  -29.491  57.697 0.0000000000
65080  40.060  -28.587  58.692 0.0000000000
62701  40.231  -30.065  59.874 0.0000000000
83363  48.534  -12.194  48.699 0.0000000000
84490  50.833  -11.045  47.904 0.0000000000
83361  50.109  -11.675  47.574 0.0000000000
80058  50.396  -15.893  47.871 0.0000000000
81198  50.553  -14.410  46.941 0.0000000000
80057  51.232  -15.903  47.991 0.0000000000
80028  43.472  -15.115  50.549 0.0000000000
77692  43.969  -16.691  49.795 0.0000000000
78880  43.360  -16.397  50.186 0.0000000000
76446  41.949  -18.312  50.727 0.0000000000
76445  42.665  -18.363  50.566 0.0000000000
75247  42.982  -20.023  51.144 0.0000000000
73983  44.094  -20.899  51.688 0.0000000000
73985  42.590  -20.578  51.535 0.0000000000
77611  39.393  -16.383  54.303 0.0000000000
77629  39.611  -16.495  53.418 0.0000000000
77645  38.707  -17.814  52.608 0.0000000000
72834  40.321  -21.548  53.144 0.0000000000
73969  39.796  -20.992  52.576 0.0000000000
72820  41.747  -21.936  53.548 0.0000000000
72819  42.731  -21.880  53.383 0.0000000000
56746  33.071  -34.993  59.934 0.0000000000
57964  34.118  -34.522  59.980 0.0000000000
79996  43.605  -14.518  52.633 0.0000000000
81162  43.722  -14.475  51.073 0.0000000000
81166  44.173  -14.533  50.430 0.0000000000
49638  18.039  -42.010  65.052 0.0000000000
48470  17.933  -42.946  66.437 0.0000000000
45952  11.692  -45.261  70.971 0.0000000000
44724  12.614  -46.064  72.053 0.0000000000
44725  11.613  -46.187  72.387 0.0000000000
44726  10.633  -46.324  72.527 0.0000000000
49530  10.402  -40.851  71.754 0.0000000000
49550  10.233  -41.160  70.564 0.0000000000
49531  9.624  -41.517  72.014 0.0000000000
47151  7.691  -43.273  73.260 0.0000000000
47168  8.191  -43.338  72.430 0.0000000000
45905  7.594  -44.073  72.919 0.0000000000
44728  8.323  -45.717  72.651 0.0000000000
44713  7.578  -45.852  73.266 0.0000000000
42549  7.555  -47.178  74.454 0.0000000000
44700  6.887  -45.648  73.921 0.0000000000
45830  6.552  -44.278  77.155 0.0000000000
44684  6.034  -45.545  76.300 0.0000000000
44677  6.065  -44.962  77.355 0.0000000000
43585  5.421  -45.853  78.086 0.0000000000
44668  5.911  -44.740  78.138 0.0000000000
62708  30.989  -30.607  58.722 0.0000000000
62742  31.520  -30.676  57.065 0.0000000000
61623  30.981  -31.296  56.955 0.0000000000
59298  31.686  -33.145  57.294 0.0000000000
59299  30.750  -33.025  57.472 0.0000000000
58001  28.025  -34.728  59.532 0.0000000000
58000  29.227  -34.496  58.879 0.0000000000
56727  28.572  -35.751  60.106 0.0000000000
58006  23.463  -34.063  59.733 0.0000000000
59245  24.395  -33.668  59.635 0.0000000000
57969  24.635  -34.997  60.437 0.0000000000
55378  25.890  -36.728  62.721 0.0000000000
76412  46.613  -19.346  50.857 0.0000000000
76411  47.519  -19.076  50.949 0.0000000000
75243  47.442  -19.763  51.449 0.0000000000
76316  33.525  -18.777  57.391 0.0000000000
76332  33.584  -18.970  56.325 0.0000000000
75161  32.989  -19.890  55.979 0.0000000000
68394  33.569  -24.719  56.867 0.0000000000
69408  32.800  -24.348  57.354 0.0000000000
69422  34.273  -24.257  56.518 0.0000000000
70537  37.737  -23.074  57.871 0.0000000000
70559  35.779  -22.877  56.659 0.0000000000
72747  36.572  -22.163  56.927 0.0000000000
72787  35.428  -21.964  55.469 0.0000000000
72746  37.436  -21.651  57.351 0.0000000000
73882  37.841  -21.320  57.223 0.0000000000
57960  37.883  -33.984  60.689 0.0000000000
85601  56.838  -10.388  44.093 0.0000000000
84517  52.498  -11.266  45.985 0.0000000000
85579  53.265  -10.852  45.672 0.0000000000
84529  53.438  -11.590  45.126 0.0000000000
82276  55.129  -13.407  44.349 0.0000000000
82275  55.989  -13.813  44.222 0.0000000000
55332  19.212  -35.626  64.102 0.0000000000
54152  17.909  -37.256  63.338 0.0000000000
78905  49.940  -16.690  48.294 0.0000000000
78889  50.620  -17.094  49.139 0.0000000000
78890  49.384  -17.413  49.178 0.0000000000
65097  34.928  -28.304  57.343 0.0000000000
65112  35.993  -28.080  55.702 0.0000000000
62761  35.742  -29.969  55.839 0.0000000000
62739  37.018  -30.566  56.472 0.0000000000
61619  38.301  -31.130  58.186 0.0000000000
82222  47.647  -12.882  50.913 0.0000000000
82228  46.890  -12.976  49.539 0.0000000000
83364  47.661  -12.560  49.104 0.0000000000
83373  48.756  -12.545  47.731 0.0000000000
82245  49.180  -13.305  47.226 0.0000000000
81200  48.773  -14.058  47.360 0.0000000000
80059  49.373  -15.826  47.769 0.0000000000
40195  5.840  -49.414  77.465 0.0000000000
79997  42.716  -14.989  52.662 0.0000000000
80029  42.712  -15.808  50.693 0.0000000000
78842  41.892  -15.564  52.087 0.0000000000
78863  41.295  -16.454  51.421 0.0000000000
76417  41.141  -18.295  51.025 0.0000000000
76381  37.405  -17.961  53.080 0.0000000000
76394  38.248  -18.342  52.554 0.0000000000
75229  37.653  -19.486  52.598 0.0000000000
73949  38.978  -21.323  53.022 0.0000000000
72803  40.566  -22.119  54.537 0.0000000000
72782  40.356  -22.013  55.577 0.0000000000
72762  40.177  -21.577  56.558 0.0000000000
55401  32.656  -36.816  61.147 0.0000000000
49623  15.356  -41.504  65.852 0.0000000000
48451  16.103  -43.092  66.829 0.0000000000
48452  15.196  -42.819  66.756 0.0000000000
47247  14.313  -43.355  67.721 0.0000000000
45994  14.396  -44.534  69.447 0.0000000000
47203  12.129  -44.407  69.737 0.0000000000
45976  11.020  -44.580  70.404 0.0000000000
48364  9.627  -41.254  73.046 0.0000000000
47132  8.829  -41.960  74.525 0.0000000000
47133  7.922  -42.589  74.459 0.0000000000
47114  6.849  -43.641  75.040 0.0000000000
47113  7.381  -42.935  75.500 0.0000000000
45843  7.419  -43.159  76.895 0.0000000000
45828  7.418  -43.095  77.656 0.0000000000
61583  29.347  -31.286  59.171 0.0000000000
60482  29.308  -32.337  58.045 0.0000000000
60483  28.782  -32.396  58.467 0.0000000000
60458  27.362  -32.594  59.139 0.0000000000
58002  26.944  -34.262  59.989 0.0000000000
54200  22.669  -36.971  60.927 0.0000000000
55407  23.731  -36.702  61.398 0.0000000000
54167  23.572  -37.532  62.527 0.0000000000
73962  46.526  -20.962  52.759 0.0000000000
73871  32.124  -20.660  57.946 0.0000000000
69417  39.072  -25.409  56.763 0.0000000000
70572  37.828  -24.439  56.483 0.0000000000
69406  39.647  -24.888  57.530 0.0000000000
70534  40.229  -24.179  58.555 0.0000000000
85576  56.308  -10.066  46.138 0.0000000000
42456  4.190  -46.730  79.211 0.0000000000
77589  39.310  -16.005  55.228 0.0000000000
77612  38.519  -16.580  54.412 0.0000000000
77613  37.473  -17.192  54.015 0.0000000000
76368  36.684  -17.774  53.726 0.0000000000
76382  36.386  -18.614  53.348 0.0000000000
75210  35.808  -19.509  53.552 0.0000000000
51817  21.829  -40.168  63.696 0.0000000000
50736  20.857  -41.267  64.688 0.0000000000
50750  20.119  -41.120  64.112 0.0000000000
50751  19.086  -41.213  63.838 0.0000000000
50753  17.173  -40.724  64.355 0.0000000000
53006  17.048  -38.299  63.436 0.0000000000
50767  16.467  -39.678  64.110 0.0000000000
49640  16.043  -41.232  65.352 0.0000000000
50727  14.756  -40.708  65.775 0.0000000000
50728  13.852  -40.401  66.277 0.0000000000
51774  12.653  -39.553  67.563 0.0000000000
61523  24.972  -31.102  60.868 0.0000000000
60402  24.665  -31.263  61.846 0.0000000000
60423  23.509  -32.350  60.489 0.0000000000
59219  22.022  -33.930  60.447 0.0000000000
57909  21.657  -33.221  62.968 0.0000000000
57942  21.260  -34.315  61.427 0.0000000000
56732  21.892  -35.622  60.512 0.0000000000
54187  21.699  -37.439  61.024 0.0000000000
53018  21.351  -38.948  62.212 0.0000000000
70490  33.678  -24.289  60.762 0.0000000000
70514  32.777  -24.009  59.505 0.0000000000
68361  33.431  -25.438  58.543 0.0000000000
68393  34.427  -25.553  56.766 0.0000000000
68392  35.618  -25.580  56.027 0.0000000000
65126  36.627  -27.852  55.519 0.0000000000
66232  37.888  -27.277  55.755 0.0000000000
67292  38.806  -26.814  56.381 0.0000000000
66199  40.129  -27.328  58.003 0.0000000000
66173  41.019  -27.893  59.383 0.0000000000
84503  52.363  -10.602  47.185 0.0000000000
84504  51.524  -11.020  46.999 0.0000000000
83378  51.489  -12.786  46.264 0.0000000000
82244  50.103  -13.355  46.871 0.0000000000
82258  51.386  -13.582  46.452 0.0000000000
78909  45.700  -16.139  48.771 0.0000000000
77689  46.579  -17.566  49.340 0.0000000000
77690  45.566  -17.310  49.353 0.0000000000
77673  45.187  -17.858  49.899 0.0000000000
76413  45.544  -19.432  50.794 0.0000000000
77675  43.004  -17.449  50.388 0.0000000000
76444  43.710  -18.465  50.409 0.0000000000
75245  45.179  -20.128  51.261 0.0000000000
73963  45.551  -21.034  52.331 0.0000000000
72816  45.218  -21.480  53.311 0.0000000000
77628  40.596  -16.043  53.634 0.0000000000
77657  39.783  -17.783  51.841 0.0000000000
75250  40.635  -19.207  51.458 0.0000000000
75227  39.082  -19.405  52.062 0.0000000000
75226  40.209  -19.978  51.804 0.0000000000
73986  41.750  -20.341  51.584 0.0000000000
72831  42.821  -21.454  52.602 0.0000000000
59270  34.147  -33.415  57.975 0.0000000000
59269  35.030  -33.292  58.061 0.0000000000
57995  34.586  -34.076  59.399 0.0000000000
57962  35.756  -34.650  60.762 0.0000000000
82225  45.415  -13.586  50.636 0.0000000000
81173  45.154  -14.240  49.664 0.0000000000
51729  11.757  -39.671  69.002 0.0000000000
50690  12.020  -39.559  69.940 0.0000000000
50691  11.182  -40.313  69.255 0.0000000000
49568  10.491  -41.625  69.733 0.0000000000
47205  10.337  -43.454  69.998 0.0000000000
45977  10.168  -44.349  70.685 0.0000000000
48365  8.912  -42.047  72.487 0.0000000000
47185  8.632  -43.377  71.697 0.0000000000
45954  9.517  -44.887  71.401 0.0000000000
44727  9.301  -45.890  72.317 0.0000000000
43631  9.745  -46.739  73.398 0.0000000000
42533  6.538  -47.845  75.637 0.0000000000
45882  6.330  -45.253  75.073 0.0000000000
43602  5.947  -46.684  75.893 0.0000000000
42519  5.799  -47.598  76.486 0.0000000000
42504  5.308  -47.344  77.498 0.0000000000
42490  5.153  -46.763  78.067 0.0000000000
43576  4.984  -46.115  78.641 0.0000000000
44646  5.704  -44.484  79.247 0.0000000000
43561  5.367  -44.981  79.297 0.0000000000
42455  4.503  -46.088  79.246 0.0000000000
61647  33.227  -30.961  56.034 0.0000000000
62764  32.494  -30.592  56.591 0.0000000000
60530  33.117  -31.867  56.243 0.0000000000
59297  32.646  -33.199  57.254 0.0000000000
58024  31.931  -34.351  58.354 0.0000000000
56747  32.139  -35.452  59.561 0.0000000000
58026  29.876  -34.146  58.324 0.0000000000
56748  31.030  -35.592  59.350 0.0000000000
56724  31.607  -36.164  60.013 0.0000000000
60442  25.429  -32.063  59.607 0.0000000000
59243  26.099  -33.594  59.787 0.0000000000
57967  26.458  -34.705  60.391 0.0000000000
56699  25.074  -36.018  61.456 0.0000000000
56698  25.980  -35.837  61.382 0.0000000000
56670  27.311  -36.459  61.676 0.0000000000
77671  47.178  -18.075  49.967 0.0000000000
77566  34.657  -17.600  56.332 0.0000000000
76370  34.698  -19.070  54.412 0.0000000000
75196  34.636  -19.743  54.269 0.0000000000
70515  32.384  -23.403  59.194 0.0000000000
71650  31.917  -22.345  57.646 0.0000000000
71666  32.501  -22.324  56.618 0.0000000000
70575  35.226  -23.380  56.483 0.0000000000
71665  33.571  -22.465  55.980 0.0000000000
72768  32.992  -21.449  55.833 0.0000000000
72788  34.230  -21.382  54.988 0.0000000000
72809  34.966  -21.465  54.735 0.0000000000
72807  36.591  -21.800  54.469 0.0000000000
72764  38.206  -21.414  56.497 0.0000000000
59267  36.727  -33.017  58.566 0.0000000000
60456  37.857  -32.653  59.041 0.0000000000
60454  39.032  -31.960  60.014 0.0000000000
60390  40.032  -32.549  61.795 0.0000000000
61555  39.943  -31.245  60.503 0.0000000000
84550  59.463  -10.665  43.194 0.0000000000
85578  54.148  -10.256  45.706 0.0000000000
85590  54.928  -10.397  44.804 0.0000000000
83394  54.121  -12.750  44.638 0.0000000000
85603  54.759  -11.137  44.332 0.0000000000
85602  55.864  -10.927  43.792 0.0000000000
84553  56.410  -11.730  43.035 0.0000000000
83414  57.263  -12.954  42.545 0.0000000000
78892  47.024  -17.006  48.890 0.0000000000
60506  35.013  -32.060  56.596 0.0000000000
80062  45.607  -15.246  48.792 0.0000000000
42492  4.371  -48.107  78.351 0.0000000000
73951  36.584  -20.366  53.327 0.0000000000
73931  36.892  -21.278  53.731 0.0000000000
49605  12.532  -41.503  67.484 0.0000000000
49584  12.021  -41.682  67.932 0.0000000000
48433  11.856  -42.191  68.234 0.0000000000
49585  11.440  -41.345  68.431 0.0000000000
61564  27.463  -31.218  59.781 0.0000000000
61543  26.549  -31.076  60.562 0.0000000000
51804  23.036  -39.771  64.746 0.0000000000
71612  33.046  -22.605  60.961 0.0000000000
53020  18.967  -38.458  62.271 0.0000000000
55355  19.378  -36.000  62.963 0.0000000000
56675  19.972  -35.789  62.001 0.0000000000
55381  19.574  -36.656  62.158 0.0000000000
54169  19.935  -37.410  61.788 0.0000000000
67264  34.940  -26.950  58.165 0.0000000000
66218  35.314  -27.430  56.436 0.0000000000
62721  38.728  -30.724  58.367 0.0000000000
62736  39.053  -30.158  58.218 0.0000000000
63899  39.591  -29.517  58.651 0.0000000000
62702  39.803  -30.515  59.669 0.0000000000
83347  49.329  -11.711  49.404 0.0000000000
83346  50.193  -11.353  48.745 0.0000000000
80073  50.877  -15.290  47.416 0.0000000000
41403  7.143  -49.034  76.222 0.0000000000
80044  43.725  -15.801  49.895 0.0000000000
76416  42.239  -19.128  50.903 0.0000000000
75248  42.213  -19.918  51.275 0.0000000000
72821  40.808  -21.905  53.650 0.0000000000
56722  34.040  -35.224  60.459 0.0000000000
56691  33.796  -36.026  61.058 0.0000000000
81146  43.815  -14.321  51.879 0.0000000000
81167  43.760  -14.688  50.667 0.0000000000
49621  17.478  -42.212  65.777 0.0000000000
49620  18.549  -42.364  65.835 0.0000000000
44740  11.584  -45.754  71.560 0.0000000000
44741  10.679  -45.772  71.726 0.0000000000
47152  7.295  -43.727  73.570 0.0000000000
45931  7.740  -45.298  72.810 0.0000000000
45829  6.879  -43.757  77.470 0.0000000000
44676  6.485  -44.303  77.512 0.0000000000
44667  6.440  -44.237  77.910 0.0000000000
44656  6.317  -44.168  78.488 0.0000000000
61601  30.086  -31.124  58.456 0.0000000000
62726  30.755  -30.725  57.917 0.0000000000
62743  30.837  -30.976  57.327 0.0000000000
60511  30.233  -32.357  57.460 0.0000000000
57965  27.964  -35.378  60.050 0.0000000000
56695  28.340  -36.348  60.866 0.0000000000
57970  23.421  -34.792  59.949 0.0000000000
75148  32.572  -20.008  57.588 0.0000000000
75134  33.060  -19.378  58.046 0.0000000000
75147  32.981  -19.462  57.006 0.0000000000
75162  32.603  -20.099  56.811 0.0000000000
69421  35.316  -24.542  56.276 0.0000000000
71633  37.772  -22.462  58.196 0.0000000000
71648  36.752  -22.542  57.363 0.0000000000
71634  37.265  -22.284  57.796 0.0000000000
72733  36.973  -21.828  57.421 0.0000000000
72732  37.552  -21.874  58.039 0.0000000000
72745  38.022  -21.450  58.164 0.0000000000
85588  57.093  -10.210  45.174 0.0000000000
85600  57.829  -10.283  44.283 0.0000000000
83377  52.146  -12.422  45.867 0.0000000000
84530  52.782  -12.179  45.432 0.0000000000
55356  18.795  -36.245  63.608 0.0000000000
55333  18.639  -35.962  64.711 0.0000000000
56642  19.643  -34.895  64.536 0.0000000000
77686  49.171  -17.799  49.872 0.0000000000
63917  34.781  -28.718  56.621 0.0000000000
63934  35.276  -29.041  55.984 0.0000000000
61621  36.845  -31.289  56.982 0.0000000000
61620  37.655  -31.345  57.715 0.0000000000
82223  47.059  -13.081  50.597 0.0000000000
82235  47.958  -12.803  48.170 0.0000000000
82246  48.399  -13.330  47.585 0.0000000000
81201  48.127  -13.959  47.637 0.0000000000
78864  40.800  -16.377  51.971 0.0000000000
77655  41.115  -17.297  51.160 0.0000000000
77656  40.362  -17.111  51.713 0.0000000000
76395  37.651  -18.937  52.574 0.0000000000
73971  37.778  -20.028  52.632 0.0000000000
72822  39.772  -21.731  53.492 0.0000000000
72804  39.537  -22.133  54.610 0.0000000000
72784  38.370  -21.778  55.630 0.0000000000
72783  39.348  -21.848  55.662 0.0000000000
48473  14.928  -42.214  66.338 0.0000000000
48453  14.325  -42.508  66.930 0.0000000000
48431  13.407  -42.710  67.597 0.0000000000
47224  14.892  -44.104  68.721 0.0000000000
45995  13.436  -44.511  69.390 0.0000000000
47204  11.454  -44.068  69.763 0.0000000000
47112  8.346  -42.106  75.273 0.0000000000
61562  29.420  -31.380  60.128 0.0000000000
61603  29.003  -31.997  58.444 0.0000000000
61584  28.500  -31.716  59.002 0.0000000000
61586  26.862  -32.059  59.290 0.0000000000
59242  27.168  -33.502  59.428 0.0000000000
54186  22.849  -37.496  61.473 0.0000000000
54185  23.606  -37.211  61.937 0.0000000000
73858  32.103  -20.783  58.931 0.0000000000
68375  39.600  -25.964  57.164 0.0000000000
68374  40.164  -25.840  57.779 0.0000000000
69374  41.333  -24.665  59.110 0.0000000000
69391  40.710  -24.738  58.560 0.0000000000
42457  3.880  -46.774  79.197 0.0000000000
77591  36.902  -16.655  54.982 0.0000000000
77615  35.783  -17.491  54.688 0.0000000000
76369  35.450  -18.162  54.186 0.0000000000
76383  35.780  -19.043  53.559 0.0000000000
51828  21.162  -39.899  63.052 0.0000000000
50749  21.211  -40.742  63.983 0.0000000000
50762  20.460  -40.551  63.409 0.0000000000
51831  18.194  -39.732  63.076 0.0000000000
50764  18.625  -40.532  63.369 0.0000000000
50752  18.113  -41.036  63.950 0.0000000000
54128  17.553  -37.120  64.060 0.0000000000
53005  17.690  -37.945  62.962 0.0000000000
54129  17.120  -37.518  63.921 0.0000000000
52986  15.856  -39.090  64.433 0.0000000000
51819  15.763  -39.500  64.607 0.0000000000
50754  16.234  -40.086  64.458 0.0000000000
50755  15.683  -39.936  64.773 0.0000000000
50739  15.497  -40.457  65.183 0.0000000000
51806  14.944  -39.739  65.375 0.0000000000
52919  13.966  -38.963  66.410 0.0000000000
51791  13.895  -39.607  66.262 0.0000000000
51773  13.253  -39.523  66.892 0.0000000000
60401  25.773  -31.248  62.317 0.0000000000
59183  22.860  -32.128  62.465 0.0000000000
60403  23.577  -31.858  61.611 0.0000000000
59199  22.650  -32.609  61.310 0.0000000000
59218  22.817  -33.530  60.118 0.0000000000
59200  21.835  -33.519  61.200 0.0000000000
56701  20.855  -35.537  61.079 0.0000000000
57972  21.494  -34.862  60.689 0.0000000000
55430  21.637  -36.494  60.694 0.0000000000
53004  21.742  -39.365  62.906 0.0000000000
69375  33.867  -25.136  59.900 0.0000000000
69357  33.603  -24.566  60.253 0.0000000000
68348  33.785  -25.459  59.301 0.0000000000
67296  34.771  -26.328  56.920 0.0000000000
68376  33.866  -26.051  57.849 0.0000000000
68406  36.726  -26.425  55.496 0.0000000000
63933  36.352  -29.103  55.749 0.0000000000
65111  37.077  -28.252  55.583 0.0000000000
65109  38.621  -28.061  56.476 0.0000000000
66216  37.769  -27.810  55.805 0.0000000000
66215  38.357  -27.546  56.164 0.0000000000
67293  38.236  -26.780  55.904 0.0000000000
67277  39.393  -26.821  56.936 0.0000000000
66200  39.555  -27.655  57.465 0.0000000000
65066  40.653  -28.710  59.508 0.0000000000
83314  48.718  -12.383  51.324 0.0000000000
84488  52.837  -10.236  48.400 0.0000000000
84489  51.784  -10.677  48.244 0.0000000000
84505  50.813  -11.648  46.954 0.0000000000
84518  51.511  -11.872  46.347 0.0000000000
81218  51.189  -14.157  46.713 0.0000000000
78894  45.044  -16.149  49.156 0.0000000000
77691  44.627  -16.993  49.547 0.0000000000
76443  44.795  -18.603  50.285 0.0000000000
78881  42.433  -16.572  50.603 0.0000000000
76415  43.354  -19.295  50.794 0.0000000000
76414  44.445  -19.383  50.773 0.0000000000
75224  44.948  -20.744  51.631 0.0000000000
73965  43.813  -21.269  52.191 0.0000000000
73947  44.391  -21.425  52.692 0.0000000000
72817  44.706  -21.589  53.287 0.0000000000
77644  39.362  -17.414  52.428 0.0000000000
76418  40.176  -18.309  51.555 0.0000000000
75228  38.134  -19.452  52.430 0.0000000000
73968  41.096  -20.810  52.122 0.0000000000
73987  41.013  -20.002  51.588 0.0000000000
73967  42.184  -21.028  52.039 0.0000000000
59239  34.607  -33.658  58.605 0.0000000000
56721  35.118  -35.118  60.923 0.0000000000
57963  34.882  -34.558  60.270 0.0000000000
82214  45.826  -13.465  51.335 0.0000000000
82215  45.308  -13.610  51.166 0.0000000000
81174  44.478  -14.615  49.922 0.0000000000
80042  44.965  -15.185  49.305 0.0000000000
49636  20.156  -41.809  65.036 0.0000000000
49635  21.048  -41.602  65.318 0.0000000000
45927  13.588  -45.680  71.604 0.0000000000
51728  12.519  -39.129  69.161 0.0000000000
50671  12.572  -39.501  71.004 0.0000000000
49549  10.722  -40.908  69.870 0.0000000000
49567  10.821  -41.492  69.115 0.0000000000
49551  9.647  -41.495  71.219 0.0000000000
48394  9.619  -42.303  70.500 0.0000000000
47206  9.407  -43.482  70.807 0.0000000000
48348  9.240  -41.709  73.517 0.0000000000
48366  8.412  -42.652  72.665 0.0000000000
47186  8.359  -43.916  72.069 0.0000000000
45955  8.647  -44.359  71.842 0.0000000000
44712  8.250  -46.187  73.093 0.0000000000
44711  8.874  -46.295  72.952 0.0000000000
43632  8.811  -46.736  73.529 0.0000000000
43612  7.177  -46.967  74.512 0.0000000000
42532  7.511  -47.660  74.955 0.0000000000
41417  7.434  -48.499  75.660 0.0000000000
45861  6.321  -44.925  75.623 0.0000000000
43586  5.070  -46.513  78.287 0.0000000000
45784  6.385  -43.716  79.254 0.0000000000
45785  5.922  -43.949  79.558 0.0000000000
44647  5.386  -44.755  79.486 0.0000000000
43550  5.274  -45.001  79.756 0.0000000000
43562  5.072  -45.433  79.210 0.0000000000
43551  4.660  -45.169  79.703 0.0000000000
44636  4.511  -44.879  79.945 0.0000000000
62763  33.581  -29.940  56.665 0.0000000000
61649  31.668  -31.481  56.581 0.0000000000
62765  31.949  -30.923  56.484 0.0000000000
61648  32.426  -31.288  56.284 0.0000000000
60531  32.319  -32.009  56.477 0.0000000000
60508  32.940  -32.566  56.738 0.0000000000
60509  32.068  -32.586  56.824 0.0000000000
59273  31.319  -33.705  57.862 0.0000000000
59272  32.300  -33.735  57.851 0.0000000000
57997  32.526  -34.732  59.113 0.0000000000
57998  31.496  -34.880  58.929 0.0000000000
59275  29.256  -33.243  58.182 0.0000000000
58027  29.343  -33.921  58.485 0.0000000000
56749  29.938  -35.505  59.323 0.0000000000
55426  31.030  -36.699  60.547 0.0000000000
55427  30.398  -36.665  60.528 0.0000000000
61545  24.989  -31.516  60.233 0.0000000000
61567  25.099  -31.782  59.842 0.0000000000
58004  24.905  -34.210  59.935 0.0000000000
59244  25.122  -33.558  59.671 0.0000000000
59217  25.549  -34.026  59.996 0.0000000000
59216  26.022  -34.174  60.205 0.0000000000
55406  24.504  -36.541  61.827 0.0000000000
56700  24.339  -36.255  61.342 0.0000000000
55377  26.542  -36.745  62.626 0.0000000000
56672  25.954  -36.333  62.026 0.0000000000
56671  26.608  -36.339  61.893 0.0000000000
56697  26.632  -35.986  61.168 0.0000000000
77541  34.970  -16.876  56.820 0.0000000000
77542  34.464  -17.442  57.298 0.0000000000
76354  33.676  -19.333  55.544 0.0000000000
76353  34.480  -18.375  55.381 0.0000000000
73933  34.765  -20.635  54.338 0.0000000000
69377  32.654  -24.203  58.952 0.0000000000
69394  32.415  -23.979  58.237 0.0000000000
70560  32.700  -23.548  56.985 0.0000000000
69409  32.403  -23.649  57.566 0.0000000000
70578  32.658  -23.005  56.864 0.0000000000
70573  37.243  -24.104  56.497 0.0000000000
70574  36.248  -23.809  56.532 0.0000000000
71663  35.560  -22.591  56.448 0.0000000000
71664  34.637  -22.674  56.178 0.0000000000
71677  33.714  -21.788  55.477 0.0000000000
72789  33.555  -21.314  55.341 0.0000000000
71676  34.445  -22.173  55.588 0.0000000000
72766  36.590  -22.005  56.380 0.0000000000
72808  35.632  -21.587  54.571 0.0000000000
72785  37.459  -21.861  55.563 0.0000000000
72765  37.476  -21.636  56.568 0.0000000000
73897  38.097  -21.187  57.075 0.0000000000
59238  35.397  -33.620  58.884 0.0000000000
59268  36.012  -33.131  58.186 0.0000000000
59237  36.363  -33.515  59.161 0.0000000000
57959  38.400  -33.688  60.817 0.0000000000
59235  37.936  -33.025  59.574 0.0000000000
59213  38.402  -33.205  60.283 0.0000000000
60455  38.501  -32.342  59.535 0.0000000000
59212  39.042  -32.838  60.665 0.0000000000
60412  39.973  -32.080  61.300 0.0000000000
62670  40.537  -30.879  60.997 0.0000000000
85607  58.452  -10.473  43.550 0.0000000000
84551  58.422  -10.932  42.746 0.0000000000
84564  58.267  -11.727  42.251 0.0000000000
85556  53.039  -10.358  47.243 0.0000000000
85592  53.534  -11.118  45.211 0.0000000000
83393  54.828  -12.502  44.067 0.0000000000
84542  55.370  -11.792  43.658 0.0000000000
84541  55.855  -11.462  43.454 0.0000000000
85610  56.318  -11.165  43.334 0.0000000000
84554  55.906  -12.282  43.241 0.0000000000
78891  48.137  -17.105  49.014 0.0000000000
77670  48.052  -18.092  50.053 0.0000000000
61645  35.221  -30.969  55.965 0.0000000000
61622  35.953  -31.512  56.572 0.0000000000
81172  45.857  -13.806  49.318 0.0000000000
82237  46.326  -13.483  49.151 0.0000000000
81183  46.124  -14.239  48.731 0.0000000000
81182  47.401  -14.332  47.929 0.0000000000
41372  4.870  -48.516  77.926 0.0000000000
78827  42.112  -15.470  53.543 0.0000000000
77626  42.005  -15.613  54.333 0.0000000000
78828  41.125  -16.000  53.242 0.0000000000
78829  40.596  -16.193  53.037 0.0000000000
72824  38.071  -21.876  53.921 0.0000000000
49603  13.838  -41.944  66.811 0.0000000000
48455  13.049  -42.096  67.371 0.0000000000
47248  13.140  -43.222  68.222 0.0000000000
47249  12.519  -43.080  68.369 0.0000000000
48410  12.101  -42.830  68.412 0.0000000000
47092  8.792  -41.577  75.751 0.0000000000
53003  22.436  -38.898  63.102 0.0000000000
54150  23.039  -38.340  63.266 0.0000000000
52983  22.963  -39.069  63.871 0.0000000000
72714  32.425  -21.720  60.046 0.0000000000
67262  41.025  -26.655  58.778 0.0000000000
68359  40.804  -25.751  58.378 0.0000000000
68358  41.341  -25.976  58.875 0.0000000000
78802  36.400  -16.482  55.553 0.0000000000
77564  35.806  -16.843  55.781 0.0000000000
51829  20.081  -40.040  62.808 0.0000000000
51843  19.559  -39.303  62.376 0.0000000000
51844  18.621  -39.211  62.572 0.0000000000
51845  17.815  -39.062  62.791 0.0000000000
52984  16.653  -37.707  64.362 0.0000000000
52960  16.938  -37.349  65.461 0.0000000000
52961  15.987  -37.858  65.087 0.0000000000
52962  15.457  -38.855  64.948 0.0000000000
52963  15.082  -39.296  65.239 0.0000000000
56655  20.277  -34.313  63.840 0.0000000000
56702  20.417  -36.205  61.334 0.0000000000
54188  20.716  -37.662  61.376 0.0000000000
68360  34.030  -26.025  58.842 0.0000000000
67265  34.471  -26.489  58.431 0.0000000000
66217  35.935  -27.362  55.755 0.0000000000
62758  38.088  -30.058  56.809 0.0000000000
63931  38.062  -29.435  56.416 0.0000000000
63916  38.518  -29.515  56.995 0.0000000000
65096  38.420  -29.020  56.624 0.0000000000
65095  38.920  -28.583  56.954 0.0000000000
65081  39.500  -28.620  57.958 0.0000000000
63898  40.101  -29.116  59.072 0.0000000000
63861  40.524  -29.588  59.990 0.0000000000
83371  50.326  -12.362  46.831 0.0000000000
80074  49.973  -15.129  47.356 0.0000000000
80072  51.694  -15.411  47.576 0.0000000000
81196  52.177  -14.889  47.132 0.0000000000
78895  44.166  -16.186  49.554 0.0000000000
78896  43.770  -16.276  49.825 0.0000000000
73984  43.434  -20.752  51.561 0.0000000000
72830  43.351  -21.397  52.461 0.0000000000
76393  38.959  -18.276  52.303 0.0000000000
72833  40.930  -21.529  52.899 0.0000000000
57996  33.542  -34.460  59.375 0.0000000000
56745  33.663  -34.726  60.008 0.0000000000
79987  43.849  -14.461  52.923 0.0000000000
81145  44.384  -14.161  52.508 0.0000000000
81161  44.314  -14.099  51.419 0.0000000000
81165  44.845  -13.844  50.825 0.0000000000
80027  43.933  -14.907  50.223 0.0000000000
49637  19.088  -42.160  65.031 0.0000000000
49619  19.635  -42.286  65.891 0.0000000000
45928  13.145  -45.903  71.705 0.0000000000
44739  12.145  -45.710  71.382 0.0000000000
43637  10.684  -46.576  73.002 0.0000000000
50653  11.493  -40.070  71.671 0.0000000000
50673  10.652  -40.542  71.177 0.0000000000
48350  8.141  -42.852  72.877 0.0000000000
45930  8.071  -44.552  72.412 0.0000000000
44729  7.956  -45.769  72.930 0.0000000000
43633  8.082  -46.573  73.496 0.0000000000
42548  8.017  -47.380  74.424 0.0000000000
43624  7.518  -46.696  73.972 0.0000000000
43625  6.858  -46.395  74.353 0.0000000000
45844  6.848  -43.797  76.725 0.0000000000
45845  6.425  -44.570  76.519 0.0000000000
44657  5.735  -44.739  78.667 0.0000000000
45771  4.686  -44.536  80.170 0.0000000000
60510  31.100  -32.219  56.935 0.0000000000
59241  28.318  -33.458  58.820 0.0000000000
56750  29.020  -35.385  59.462 0.0000000000
56726  29.525  -36.024  59.965 0.0000000000
56693  29.946  -36.524  60.451 0.0000000000
56694  29.257  -36.398  60.678 0.0000000000
60444  23.773  -32.933  59.717 0.0000000000
60461  24.504  -33.046  59.510 0.0000000000
59246  23.738  -33.620  59.684 0.0000000000
58005  24.093  -34.258  59.792 0.0000000000
55352  25.661  -36.889  63.585 0.0000000000
76442  45.872  -18.690  50.291 0.0000000000
76441  46.868  -18.642  50.394 0.0000000000
76298  33.536  -18.687  58.422 0.0000000000
76331  34.094  -18.185  56.752 0.0000000000
75182  33.498  -19.869  55.368 0.0000000000
69423  33.340  -23.926  56.678 0.0000000000
70557  37.189  -23.281  57.293 0.0000000000
71649  36.176  -22.571  56.790 0.0000000000
72748  36.087  -22.362  56.596 0.0000000000
72767  35.891  -22.193  56.342 0.0000000000
57961  36.766  -34.158  60.458 0.0000000000
59215  36.873  -33.632  59.722 0.0000000000
57934  37.469  -34.658  61.638 0.0000000000
57933  38.419  -34.031  61.365 0.0000000000
85608  57.604  -10.600  43.383 0.0000000000
85580  52.812  -10.862  45.976 0.0000000000
84516  53.046  -11.214  45.582 0.0000000000
82287  55.683  -13.427  43.875 0.0000000000
82286  56.215  -13.494  43.571 0.0000000000
55382  19.029  -36.601  62.747 0.0000000000
54151  18.488  -36.892  63.038 0.0000000000
54127  18.158  -36.600  64.178 0.0000000000
78878  50.167  -17.600  49.911 0.0000000000
78879  49.573  -17.717  49.858 0.0000000000
65113  35.204  -28.287  56.322 0.0000000000
62760  36.699  -29.942  56.101 0.0000000000
62759  37.493  -30.008  56.415 0.0000000000
62738  37.598  -30.627  56.987 0.0000000000
83334  47.623  -12.821  50.639 0.0000000000
83349  47.615  -12.677  50.099 0.0000000000
83372  49.563  -12.435  47.264 0.0000000000
80076  48.293  -14.569  47.575 0.0000000000
80075  49.019  -14.923  47.389 0.0000000000
40206  6.118  -49.017  76.870 0.0000000000
80013  42.610  -15.280  51.439 0.0000000000
78862  42.038  -15.956  51.102 0.0000000000
78882  41.835  -16.555  50.867 0.0000000000
77631  37.747  -17.467  53.447 0.0000000000
76380  38.004  -17.830  52.911 0.0000000000
73948  39.509  -21.371  53.011 0.0000000000
55400  33.590  -36.663  61.423 0.0000000000
55370  33.151  -37.275  61.833 0.0000000000
49622  16.447  -41.854  65.859 0.0000000000
48471  16.805  -42.728  66.277 0.0000000000
48472  15.800  -42.379  66.305 0.0000000000
47265  15.367  -43.364  67.294 0.0000000000
47266  14.784  -43.039  67.158 0.0000000000
47246  15.565  -43.861  68.037 0.0000000000
45974  12.860  -44.848  70.016 0.0000000000
45975  11.951  -44.836  70.291 0.0000000000
48332  9.008  -42.089  73.953 0.0000000000
47150  8.376  -42.368  73.909 0.0000000000
47134  7.150  -43.502  74.221 0.0000000000
45881  6.592  -44.584  74.658 0.0000000000
45859  7.102  -43.246  76.306 0.0000000000
47093  7.949  -42.365  76.375 0.0000000000
47094  7.464  -42.892  76.326 0.0000000000
61582  30.266  -31.057  59.231 0.0000000000
61602  29.488  -31.703  58.362 0.0000000000
61625  29.770  -32.031  57.775 0.0000000000
59276  28.589  -32.863  58.502 0.0000000000
60457  28.128  -32.434  58.783 0.0000000000
57966  27.329  -35.226  60.219 0.0000000000
55428  23.242  -36.324  60.728 0.0000000000
55380  24.154  -37.001  62.453 0.0000000000
54149  23.672  -37.871  63.635 0.0000000000
55354  23.990  -37.367  63.099 0.0000000000
55353  24.582  -37.182  63.736 0.0000000000
75223  46.671  -20.728  52.133 0.0000000000
75135  32.538  -20.019  58.570 0.0000000000
69419  37.382  -24.880  56.081 0.0000000000
69418  38.298  -24.950  56.417 0.0000000000
69407  38.921  -24.661  57.017 0.0000000000
69405  40.312  -25.123  58.056 0.0000000000
70555  39.099  -24.270  57.471 0.0000000000
70535  39.442  -23.672  58.299 0.0000000000
70536  38.154  -23.119  57.936 0.0000000000
82269  52.784  -13.514  45.765 0.0000000000
77588  40.211  -15.771  55.050 0.0000000000
77590  38.065  -16.142  55.308 0.0000000000
76367  37.182  -17.619  53.590 0.0000000000
77614  36.387  -17.364  54.424 0.0000000000
73952  35.934  -19.948  53.522 0.0000000000
50748  22.046  -40.513  64.292 0.0000000000
50763  19.597  -40.639  63.332 0.0000000000
49650  18.563  -41.689  64.395 0.0000000000
49651  17.684  -41.388  64.566 0.0000000000
54171  18.347  -37.718  62.631 0.0000000000
53022  17.596  -38.525  62.902 0.0000000000
51832  17.225  -39.325  63.307 0.0000000000
53007  16.698  -38.895  63.588 0.0000000000
50766  16.881  -39.916  63.917 0.0000000000
50738  16.503  -40.840  64.875 0.0000000000
50726  15.277  -40.937  65.569 0.0000000000
51790  14.385  -39.858  65.783 0.0000000000
49625  13.604  -40.989  66.510 0.0000000000
50716  13.260  -40.555  66.709 0.0000000000
50717  12.629  -40.430  67.283 0.0000000000
61522  25.680  -31.039  61.271 0.0000000000
60422  24.288  -31.591  60.774 0.0000000000
57971  22.238  -34.663  60.243 0.0000000000
57923  21.274  -33.752  62.321 0.0000000000
59201  21.473  -33.758  61.731 0.0000000000
57941  21.670  -34.229  60.719 0.0000000000
55429  22.508  -36.438  60.637 0.0000000000
54201  22.279  -37.022  60.841 0.0000000000
53036  22.103  -37.932  61.405 0.0000000000
53037  21.510  -38.184  61.508 0.0000000000
53017  22.249  -38.334  61.992 0.0000000000
70491  33.044  -23.650  60.357 0.0000000000
69376  33.213  -24.679  59.413 0.0000000000
68377  33.351  -25.253  57.522 0.0000000000
68391  36.721  -25.678  55.643 0.0000000000
66234  36.549  -27.336  55.552 0.0000000000
66233  37.282  -27.436  55.541 0.0000000000
67311  36.583  -26.800  55.534 0.0000000000
68405  37.315  -26.255  55.531 0.0000000000
68390  37.736  -25.623  55.810 0.0000000000
68389  38.520  -25.982  56.153 0.0000000000
68388  39.117  -26.188  56.644 0.0000000000
67276  39.918  -26.710  57.566 0.0000000000
66188  39.954  -27.955  58.183 0.0000000000
83379  50.818  -13.024  46.528 0.0000000000
82259  50.801  -13.718  46.658 0.0000000000
82257  52.235  -13.502  46.122 0.0000000000
78893  46.016  -16.785  48.949 0.0000000000
73982  45.657  -20.681  51.681 0.0000000000
73945  45.790  -21.306  53.309 0.0000000000
73964  44.634  -21.159  52.094 0.0000000000
73946  45.065  -21.394  52.816 0.0000000000
77643  40.078  -16.440  52.715 0.0000000000
75251  39.898  -19.072  51.726 0.0000000000
73966  43.027  -21.145  52.009 0.0000000000
59295  34.511  -32.835  57.353 0.0000000000
57994  35.723  -33.966  59.880 0.0000000000
82224  46.094  -13.344  50.692 0.0000000000
82230  45.606  -13.558  50.187 0.0000000000
51752  12.988  -38.815  68.116 0.0000000000
51753  12.108  -39.740  68.198 0.0000000000
50704  11.605  -40.349  68.505 0.0000000000
51730  11.533  -40.038  68.838 0.0000000000
48412  10.716  -42.340  69.353 0.0000000000
48393  10.219  -42.279  69.877 0.0000000000
47228  10.548  -42.842  69.594 0.0000000000
49509  9.568  -41.435  72.548 0.0000000000
47167  8.452  -42.806  72.280 0.0000000000
44742  9.999  -45.839  71.875 0.0000000000
43638  10.247  -46.496  72.930 0.0000000000
41418  6.839  -48.544  75.911 0.0000000000
44701  6.448  -45.747  74.669 0.0000000000
44692  6.142  -45.818  75.387 0.0000000000
41404  6.333  -48.627  76.338 0.0000000000
41386  5.716  -48.460  76.980 0.0000000000
42505  4.915  -47.909  77.692 0.0000000000
42473  4.579  -46.491  78.944 0.0000000000
45797  6.706  -43.639  78.799 0.0000000000
44645  6.154  -44.155  78.884 0.0000000000
44633  5.606  -44.312  79.632 0.0000000000
69356  34.331  -24.963  60.654 0.0000000000
61646  34.177  -30.786  55.895 0.0000000000
60529  34.001  -31.654  56.064 0.0000000000
59296  33.576  -33.045  57.293 0.0000000000
59271  33.253  -33.629  57.902 0.0000000000
58023  32.923  -34.201  58.506 0.0000000000
59300  29.943  -32.941  57.696 0.0000000000
59274  30.323  -33.606  57.904 0.0000000000
57999  30.409  -34.854  58.818 0.0000000000
55425  31.961  -36.628  60.600 0.0000000000
61544  25.664  -31.181  60.361 0.0000000000
61566  25.568  -31.615  59.861 0.0000000000
60460  25.309  -32.791  59.447 0.0000000000
56730  24.026  -35.830  60.721 0.0000000000
56729  24.687  -35.568  60.866 0.0000000000
57939  25.414  -35.342  60.914 0.0000000000
56673  25.526  -36.476  62.155 0.0000000000
57938  26.141  -35.271  60.850 0.0000000000
57937  26.747  -35.472  60.650 0.0000000000
56696  27.402  -36.098  60.833 0.0000000000
56669  27.894  -36.582  61.388 0.0000000000
76440  47.752  -18.536  50.495 0.0000000000
75222  47.464  -20.495  52.423 0.0000000000
77565  35.225  -17.227  56.074 0.0000000000
77594  34.903  -17.676  55.743 0.0000000000
76352  35.029  -17.982  54.884 0.0000000000
75195  35.281  -19.594  53.823 0.0000000000
70492  32.567  -23.022  59.886 0.0000000000
71624  32.250  -22.476  59.611 0.0000000000
70538  32.005  -23.220  58.089 0.0000000000
71635  31.895  -22.461  58.718 0.0000000000
72734  31.839  -21.521  58.286 0.0000000000
72749  32.013  -21.356  57.149 0.0000000000
72769  32.439  -21.477  56.461 0.0000000000
70576  33.997  -23.309  56.388 0.0000000000
70558  36.188  -23.054  56.895 0.0000000000
73899  32.518  -20.766  56.414 0.0000000000
73898  32.903  -20.667  55.812 0.0000000000
73917  33.448  -20.607  55.270 0.0000000000
73916  34.079  -20.588  54.792 0.0000000000
73895  39.175  -20.916  57.243 0.0000000000
59294  35.383  -32.740  57.519 0.0000000000
60481  36.592  -32.706  58.127 0.0000000000
59236  37.261  -33.171  59.154 0.0000000000
60480  37.304  -32.345  58.297 0.0000000000
60479  38.104  -32.134  58.797 0.0000000000
61599  38.664  -31.430  58.879 0.0000000000
61578  38.971  -31.632  59.575 0.0000000000
59174  39.022  -33.621  61.698 0.0000000000
59193  39.469  -32.863  61.315 0.0000000000
60434  39.469  -32.046  60.631 0.0000000000
61577  39.475  -31.338  60.002 0.0000000000
62686  39.921  -30.896  60.155 0.0000000000
62685  40.406  -30.447  60.474 0.0000000000
85566  53.524  -10.269  46.559 0.0000000000
85565  54.417  -9.945  46.786 0.0000000000
85577  55.202  -10.038  45.890 0.0000000000
83385  53.421  -12.738  45.046 0.0000000000
83395  53.663  -12.268  44.833 0.0000000000
84528  53.879  -11.397  44.827 0.0000000000
84543  54.259  -11.698  44.510 0.0000000000
85604  54.325  -11.253  44.576 0.0000000000
85609  56.710  -10.920  43.300 0.0000000000
83402  56.458  -12.823  43.004 0.0000000000
84566  56.943  -12.294  42.680 0.0000000000
84565  57.414  -12.079  42.480 0.0000000000
48454  13.611  -42.262  67.128 0.0000000000
49641  15.532  -41.046  65.475 0.0000000000
49652  17.244  -41.151  64.718 0.0000000000
50654  10.998  -40.347  71.539 0.0000000000
50737  17.007  -41.038  64.783 0.0000000000
50740  14.870  -40.203  65.508 0.0000000000
51754  11.738  -39.931  68.634 0.0000000000
51818  16.163  -39.392  64.233 0.0000000000
51827  21.966  -39.643  63.336 0.0000000000
51833  16.570  -39.324  63.830 0.0000000000
51846  17.380  -38.811  63.035 0.0000000000
52939  14.618  -38.989  65.682 0.0000000000
54108  17.168  -37.257  64.554 0.0000000000
54153  17.445  -37.594  63.500 0.0000000000
55408  23.018  -36.823  60.964 0.0000000000
56692  33.230  -36.377  61.008 0.0000000000
57922  21.651  -33.358  62.403 0.0000000000
57936  35.852  -34.986  61.237 0.0000000000
57940  24.962  -35.458  60.922 0.0000000000
58003  26.387  -34.155  60.126 0.0000000000
59185  21.626  -33.454  61.989 0.0000000000
59214  37.522  -33.534  59.983 0.0000000000
59301  29.536  -32.756  57.871 0.0000000000
60435  38.894  -32.492  60.222 0.0000000000
60441  25.914  -31.867  59.577 0.0000000000
60462  24.080  -33.305  59.582 0.0000000000
60512  29.740  -32.479  57.740 0.0000000000
61534  40.040  -31.584  60.926 0.0000000000
61554  40.300  -31.123  60.842 0.0000000000
61598  39.231  -31.086  59.411 0.0000000000
61600  38.027  -31.702  58.361 0.0000000000
62709  30.496  -30.828  58.574 0.0000000000
63879  40.095  -29.656  59.416 0.0000000000
63880  39.679  -30.044  59.172 0.0000000000
65125  36.890  -27.721  55.471 0.0000000000
66187  40.581  -27.638  58.729 0.0000000000
67294  36.017  -26.618  55.717 0.0000000000
67309  37.631  -26.805  55.620 0.0000000000
67310  37.025  -26.839  55.477 0.0000000000
68404  37.935  -26.272  55.712 0.0000000000
69392  40.099  -24.486  58.166 0.0000000000
70561  32.332  -23.027  57.281 0.0000000000
71647  37.270  -22.689  57.765 0.0000000000
73981  46.168  -20.785  52.059 0.0000000000
75225  44.458  -20.807  51.611 0.0000000000
79995  43.981  -14.384  52.777 0.0000000000
83415  56.753  -12.443  42.791 0.0000000000
84544  53.824  -12.057  44.711 0.0000000000
