#!ascii label  , from subject MOT01 vox2ras=TkReg
2010
73792  55.279  -20.431  63.597 0.0000000000
47289  40.332  -43.006  65.063 0.0000000000
44790  25.407  -44.796  66.598 0.0000000000
42588  18.503  -48.502  70.736 0.0000000000
45916  34.626  -42.705  72.345 0.0000000000
47349  32.159  -43.533  60.642 0.0000000000
70482  50.331  -22.850  59.975 0.0000000000
75153  55.262  -19.274  56.232 0.0000000000
69280  48.881  -25.300  66.061 0.0000000000
57991  42.022  -34.549  59.959 0.0000000000
53107  31.931  -39.027  55.781 0.0000000000
48377  25.267  -42.726  71.109 0.0000000000
43665  21.602  -45.978  68.694 0.0000000000
43618  24.834  -46.273  73.978 0.0000000000
49560  30.204  -41.463  69.486 0.0000000000
74953  49.279  -19.582  70.075 0.0000000000
47172  42.985  -41.331  70.940 0.0000000000
51759  45.450  -39.132  67.712 0.0000000000
57856  45.923  -34.311  65.360 0.0000000000
52995  41.302  -38.744  62.706 0.0000000000
54230  37.479  -37.440  57.306 0.0000000000
50789  36.717  -40.604  60.872 0.0000000000
49720  25.824  -41.253  59.442 0.0000000000
48683  28.384  -42.343  54.328 0.0000000000
76272  51.939  -18.819  60.342 0.0000000000
72756  50.685  -21.129  56.548 0.0000000000
46099  22.075  -44.007  61.976 0.0000000000
44850  18.825  -45.559  62.923 0.0000000000
44767  37.879  -44.469  68.529 0.0000000000
43747  35.583  -45.841  62.939 0.0000000000
47274  34.569  -42.886  66.264 0.0000000000
47295  28.889  -42.665  64.307 0.0000000000
71530  53.898  -22.220  64.019 0.0000000000
41363  21.083  -47.343  77.595 0.0000000000
42560  16.093  -47.650  72.927 0.0000000000
79889  54.726  -15.560  62.335 0.0000000000
77427  54.357  -17.646  66.063 0.0000000000
75032  50.690  -19.389  65.617 0.0000000000
71547  47.730  -22.453  62.981 0.0000000000
66169  46.841  -27.083  60.244 0.0000000000
63764  50.355  -29.394  68.624 0.0000000000
62645  46.539  -30.839  63.113 0.0000000000
62735  42.678  -30.630  57.196 0.0000000000
60544  38.754  -32.984  54.989 0.0000000000
46210  32.559  -44.106  56.988 0.0000000000
49481  25.846  -41.220  72.901 0.0000000000
45918  25.518  -44.651  72.439 0.0000000000
47107  25.107  -43.872  74.571 0.0000000000
50630  27.391  -40.147  72.248 0.0000000000
47234  41.839  -42.788  68.035 0.0000000000
49629  43.251  -40.934  66.295 0.0000000000
52945  43.450  -38.703  65.085 0.0000000000
50761  40.707  -40.631  63.202 0.0000000000
50786  39.206  -40.075  61.505 0.0000000000
49670  38.739  -41.523  62.720 0.0000000000
48611  22.196  -42.482  57.429 0.0000000000
49795  23.682  -41.428  56.086 0.0000000000
75088  53.316  -19.973  62.189 0.0000000000
73833  52.232  -20.680  60.406 0.0000000000
73818  54.689  -21.196  62.004 0.0000000000
46053  24.311  -44.290  64.827 0.0000000000
44864  20.386  -45.160  62.294 0.0000000000
44810  22.637  -45.427  65.180 0.0000000000
43656  20.297  -46.511  69.791 0.0000000000
42621  18.068  -46.833  66.897 0.0000000000
42615  16.665  -48.430  67.782 0.0000000000
39096  16.641  -50.638  68.789 0.0000000000
45910  38.574  -43.487  71.792 0.0000000000
44737  36.259  -43.562  71.288 0.0000000000
46006  36.278  -44.137  67.942 0.0000000000
47213  34.958  -42.757  69.424 0.0000000000
48443  27.361  -42.517  67.261 0.0000000000
49615  29.297  -41.939  66.290 0.0000000000
46029  27.518  -43.658  65.732 0.0000000000
47309  26.102  -43.397  63.857 0.0000000000
71587  51.721  -22.592  61.546 0.0000000000
70462  53.435  -23.845  61.764 0.0000000000
69350  52.360  -24.079  60.392 0.0000000000
41414  14.342  -48.363  75.171 0.0000000000
75000  53.036  -18.852  66.394 0.0000000000
76136  51.427  -17.703  68.271 0.0000000000
71499  49.068  -23.170  68.141 0.0000000000
72627  48.321  -21.550  65.863 0.0000000000
70418  48.295  -23.603  64.930 0.0000000000
68303  47.605  -25.344  62.094 0.0000000000
67209  48.188  -26.403  63.054 0.0000000000
57916  43.939  -34.368  62.480 0.0000000000
60347  46.528  -32.426  64.550 0.0000000000
60410  44.597  -32.750  61.647 0.0000000000
62682  45.027  -30.689  60.215 0.0000000000
60477  42.527  -32.382  58.405 0.0000000000
61643  41.132  -31.691  56.054 0.0000000000
59292  40.557  -33.372  57.081 0.0000000000
56787  35.664  -36.097  54.957 0.0000000000
44878  33.803  -45.301  61.744 0.0000000000
44896  34.255  -44.995  60.342 0.0000000000
44932  32.446  -44.784  58.330 0.0000000000
46279  28.279  -43.863  52.393 0.0000000000
75201  57.281  -19.705  53.609 0.0000000000
73923  54.776  -20.111  54.479 0.0000000000
45989  26.107  -44.733  69.056 0.0000000000
43675  23.635  -45.690  67.449 0.0000000000
43646  25.242  -46.242  70.364 0.0000000000
42573  24.101  -46.787  71.330 0.0000000000
42565  21.656  -46.970  72.513 0.0000000000
48322  32.058  -41.359  72.976 0.0000000000
47179  32.190  -42.427  71.245 0.0000000000
48357  30.406  -40.997  71.960 0.0000000000
49540  27.725  -40.961  70.219 0.0000000000
77373  50.578  -17.182  69.572 0.0000000000
70351  49.707  -23.747  69.720 0.0000000000
55290  45.957  -36.296  66.834 0.0000000000
55323  43.433  -36.802  63.971 0.0000000000
55423  41.416  -36.387  61.095 0.0000000000
56759  40.187  -35.481  58.778 0.0000000000
54199  39.512  -38.116  60.011 0.0000000000
51890  37.161  -39.134  58.679 0.0000000000
51894  33.884  -39.650  58.404 0.0000000000
49703  28.894  -41.448  60.049 0.0000000000
48607  30.243  -42.884  57.537 0.0000000000
49776  27.085  -40.859  56.568 0.0000000000
76308  53.274  -18.808  57.935 0.0000000000
75176  52.957  -19.794  55.926 0.0000000000
75131  51.487  -19.847  58.616 0.0000000000
43712  20.219  -45.787  65.826 0.0000000000
44745  40.424  -43.396  69.839 0.0000000000
46025  39.553  -44.441  66.591 0.0000000000
47292  38.017  -44.095  64.333 0.0000000000
43686  37.059  -45.418  65.536 0.0000000000
44803  35.188  -45.210  64.736 0.0000000000
47306  33.366  -43.484  63.666 0.0000000000
49576  32.274  -41.583  68.324 0.0000000000
48482  31.863  -41.763  65.077 0.0000000000
48520  30.520  -41.980  62.476 0.0000000000
48537  27.346  -41.877  61.712 0.0000000000
48557  24.373  -42.354  60.731 0.0000000000
72641  55.332  -21.438  64.392 0.0000000000
71543  56.037  -22.635  63.257 0.0000000000
70427  54.938  -23.651  63.562 0.0000000000
41375  23.017  -46.588  76.046 0.0000000000
41431  19.982  -48.211  74.005 0.0000000000
41411  18.847  -48.024  75.545 0.0000000000
40233  17.914  -49.366  72.391 0.0000000000
77498  54.779  -17.532  59.680 0.0000000000
77479  53.316  -17.287  61.494 0.0000000000
77449  53.763  -17.571  63.545 0.0000000000
76219  54.896  -19.216  64.915 0.0000000000
73752  54.401  -20.312  65.314 0.0000000000
72645  52.578  -21.031  64.039 0.0000000000
73807  50.339  -20.817  62.751 0.0000000000
74979  50.066  -18.750  67.703 0.0000000000
73779  48.644  -20.795  64.477 0.0000000000
71590  48.720  -22.167  61.060 0.0000000000
70485  47.632  -23.704  60.057 0.0000000000
67259  46.678  -25.867  58.634 0.0000000000
66089  49.895  -27.541  67.256 0.0000000000
60323  48.282  -32.361  66.653 0.0000000000
62628  48.236  -30.238  65.734 0.0000000000
65009  48.453  -28.033  64.430 0.0000000000
65037  46.705  -28.863  61.468 0.0000000000
65078  45.181  -28.610  58.772 0.0000000000
58049  37.996  -34.991  56.025 0.0000000000
47329  36.017  -43.434  62.004 0.0000000000
48570  33.670  -42.743  59.024 0.0000000000
49773  32.187  -41.619  56.337 0.0000000000
46233  30.046  -44.499  55.088 0.0000000000
47504  31.058  -43.869  53.807 0.0000000000
48324  25.562  -41.903  73.719 0.0000000000
49466  25.470  -41.768  73.885 0.0000000000
47271  41.278  -42.982  66.384 0.0000000000
47269  42.319  -42.092  67.198 0.0000000000
48487  41.504  -42.124  65.289 0.0000000000
49646  42.273  -41.193  65.197 0.0000000000
48501  40.615  -42.166  64.292 0.0000000000
49660  39.846  -41.716  63.393 0.0000000000
48503  39.080  -42.503  63.812 0.0000000000
75073  54.356  -19.679  63.341 0.0000000000
73806  53.693  -20.127  62.357 0.0000000000
73804  55.415  -21.252  62.605 0.0000000000
44825  24.826  -44.467  65.507 0.0000000000
44828  22.979  -45.104  64.776 0.0000000000
43708  23.794  -45.192  65.824 0.0000000000
42587  19.086  -47.670  70.629 0.0000000000
43668  18.654  -47.147  69.264 0.0000000000
42596  17.531  -48.694  69.395 0.0000000000
40283  16.677  -50.003  68.222 0.0000000000
40275  17.330  -49.825  69.518 0.0000000000
47103  34.554  -42.176  73.811 0.0000000000
45870  35.511  -42.837  72.914 0.0000000000
45913  36.409  -43.436  72.096 0.0000000000
45937  35.685  -43.284  71.640 0.0000000000
45963  35.828  -43.452  70.831 0.0000000000
47176  34.783  -42.843  71.378 0.0000000000
46021  26.963  -44.230  66.937 0.0000000000
47277  27.425  -43.673  66.367 0.0000000000
44804  26.525  -44.332  66.364 0.0000000000
46052  24.991  -44.207  64.991 0.0000000000
71604  51.534  -22.855  60.943 0.0000000000
70480  52.405  -23.785  60.781 0.0000000000
70506  51.478  -23.855  59.662 0.0000000000
79772  52.332  -16.370  68.013 0.0000000000
77387  52.615  -17.189  67.760 0.0000000000
78595  51.826  -16.628  68.453 0.0000000000
70392  49.178  -24.128  67.558 0.0000000000
70406  48.505  -23.524  65.920 0.0000000000
69281  48.706  -24.628  65.598 0.0000000000
68291  48.227  -25.689  63.486 0.0000000000
68283  48.718  -26.249  64.863 0.0000000000
57932  42.810  -34.864  61.470 0.0000000000
59191  44.332  -33.499  61.998 0.0000000000
59211  43.029  -33.714  60.632 0.0000000000
60452  43.365  -32.509  59.790 0.0000000000
59264  42.389  -33.247  59.048 0.0000000000
59291  41.261  -33.141  57.691 0.0000000000
58020  40.928  -34.523  58.698 0.0000000000
47348  32.656  -44.222  60.897 0.0000000000
44914  33.028  -45.084  59.622 0.0000000000
46117  32.245  -44.190  59.653 0.0000000000
75189  55.928  -19.658  55.046 0.0000000000
75174  54.733  -19.618  55.629 0.0000000000
48390  25.477  -42.634  70.043 0.0000000000
44761  25.793  -45.401  69.523 0.0000000000
45966  25.666  -44.702  70.634 0.0000000000
43628  25.185  -46.094  73.257 0.0000000000
43636  25.392  -46.079  72.030 0.0000000000
42563  23.666  -46.715  72.406 0.0000000000
42564  22.695  -46.750  72.508 0.0000000000
42554  23.083  -46.716  73.422 0.0000000000
49464  31.235  -40.719  73.266 0.0000000000
48339  30.867  -40.889  72.500 0.0000000000
49479  29.946  -40.576  72.630 0.0000000000
49519  26.427  -40.998  71.377 0.0000000000
49518  27.397  -40.715  71.048 0.0000000000
49542  25.757  -41.758  70.716 0.0000000000
48406  25.785  -42.392  69.039 0.0000000000
50707  45.546  -39.787  68.515 0.0000000000
51735  46.421  -39.034  68.904 0.0000000000
54048  47.063  -37.383  68.713 0.0000000000
55264  47.087  -36.798  68.289 0.0000000000
54061  45.410  -37.698  67.125 0.0000000000
52973  42.362  -38.641  63.971 0.0000000000
52971  43.686  -37.981  64.992 0.0000000000
54136  42.632  -37.352  63.393 0.0000000000
55364  42.398  -36.545  62.432 0.0000000000
54160  41.482  -37.544  62.157 0.0000000000
54198  40.005  -37.607  60.303 0.0000000000
53035  40.238  -38.505  61.145 0.0000000000
50787  38.264  -40.453  61.350 0.0000000000
51868  38.484  -39.486  60.260 0.0000000000
51870  37.184  -39.689  59.811 0.0000000000
51892  35.656  -39.251  58.499 0.0000000000
50814  35.577  -40.025  59.630 0.0000000000
49719  26.882  -41.145  59.285 0.0000000000
49734  28.384  -41.250  58.113 0.0000000000
49736  26.111  -40.993  58.402 0.0000000000
76293  52.467  -18.724  58.685 0.0000000000
75130  51.874  -19.300  58.207 0.0000000000
76281  51.852  -18.903  59.516 0.0000000000
72719  51.833  -21.366  59.202 0.0000000000
46141  21.581  -43.958  60.418 0.0000000000
46119  21.177  -44.483  60.734 0.0000000000
43663  23.563  -45.684  68.411 0.0000000000
43692  22.108  -45.985  66.701 0.0000000000
43677  21.871  -45.948  67.686 0.0000000000
42631  16.631  -47.604  65.791 0.0000000000
42630  17.202  -46.927  65.341 0.0000000000
44748  38.428  -43.986  70.330 0.0000000000
45935  39.449  -43.308  71.186 0.0000000000
45984  39.297  -44.210  69.031 0.0000000000
46002  40.177  -43.904  68.133 0.0000000000
44774  39.064  -44.586  67.411 0.0000000000
44799  38.264  -45.090  65.857 0.0000000000
44776  37.654  -44.835  67.310 0.0000000000
46020  35.294  -43.546  66.882 0.0000000000
46027  35.953  -44.527  66.189 0.0000000000
46038  34.574  -43.934  64.901 0.0000000000
47305  33.894  -44.096  63.986 0.0000000000
47293  33.957  -43.494  64.596 0.0000000000
48404  31.224  -41.780  70.052 0.0000000000
48402  32.657  -42.172  69.568 0.0000000000
49559  30.989  -41.566  69.283 0.0000000000
48484  29.611  -42.363  65.004 0.0000000000
49634  30.608  -41.719  65.649 0.0000000000
48494  30.588  -42.173  64.268 0.0000000000
48506  31.544  -42.226  63.488 0.0000000000
48508  29.638  -42.199  63.358 0.0000000000
48535  29.124  -41.809  61.814 0.0000000000
48510  28.042  -42.349  63.200 0.0000000000
47323  23.795  -43.474  62.874 0.0000000000
47333  24.903  -42.584  61.784 0.0000000000
47335  22.874  -43.521  61.846 0.0000000000
72642  54.754  -21.695  64.566 0.0000000000
71528  55.261  -22.461  64.280 0.0000000000
71544  54.320  -23.126  63.616 0.0000000000
69330  54.612  -24.850  62.164 0.0000000000
41361  22.275  -47.070  76.885 0.0000000000
41409  21.423  -47.443  75.464 0.0000000000
41410  20.696  -47.674  75.709 0.0000000000
42527  16.601  -47.273  75.301 0.0000000000
42558  17.429  -47.794  74.202 0.0000000000
40219  18.395  -48.664  73.975 0.0000000000
41434  17.212  -48.316  72.892 0.0000000000
40242  16.731  -49.622  71.280 0.0000000000
41450  16.163  -48.794  71.374 0.0000000000
76291  54.968  -18.091  58.877 0.0000000000
78694  54.476  -16.562  61.149 0.0000000000
78681  53.823  -16.728  61.879 0.0000000000
77463  53.249  -17.552  62.561 0.0000000000
78667  53.850  -16.715  62.886 0.0000000000
78629  54.262  -16.987  65.826 0.0000000000
77438  54.425  -17.493  65.199 0.0000000000
76205  54.541  -18.421  65.536 0.0000000000
75029  54.524  -19.883  65.451 0.0000000000
74998  54.361  -19.351  65.692 0.0000000000
75001  52.010  -18.879  66.432 0.0000000000
73754  52.555  -19.853  65.137 0.0000000000
73755  51.852  -19.699  65.004 0.0000000000
73794  51.468  -20.739  63.535 0.0000000000
73777  50.285  -20.044  64.082 0.0000000000
76116  49.820  -18.580  69.786 0.0000000000
76138  50.197  -18.459  68.917 0.0000000000
74964  49.317  -19.282  68.984 0.0000000000
71531  47.949  -22.542  64.318 0.0000000000
73757  48.538  -20.871  65.307 0.0000000000
72668  48.255  -21.463  63.786 0.0000000000
72686  48.852  -21.186  62.595 0.0000000000
71570  48.215  -22.104  61.902 0.0000000000
71608  47.817  -23.175  60.450 0.0000000000
70446  47.514  -23.591  61.945 0.0000000000
67220  47.416  -26.468  61.243 0.0000000000
68341  47.156  -25.391  59.807 0.0000000000
67245  46.748  -26.366  59.389 0.0000000000
66183  46.144  -27.310  59.088 0.0000000000
64958  50.353  -28.473  68.139 0.0000000000
57823  47.498  -34.508  67.107 0.0000000000
59069  49.036  -33.127  67.751 0.0000000000
59086  47.527  -33.237  66.283 0.0000000000
61501  46.311  -31.496  63.311 0.0000000000
61485  47.398  -31.325  65.125 0.0000000000
62637  47.519  -30.262  64.561 0.0000000000
63790  48.260  -29.226  65.069 0.0000000000
63805  47.533  -29.311  63.465 0.0000000000
65023  47.531  -28.333  62.663 0.0000000000
63823  46.709  -29.916  62.200 0.0000000000
62718  43.854  -30.830  58.707 0.0000000000
63877  45.138  -29.576  59.430 0.0000000000
63896  44.182  -29.806  58.304 0.0000000000
65093  44.003  -28.570  57.381 0.0000000000
63929  43.040  -29.331  56.678 0.0000000000
62779  42.074  -30.176  56.053 0.0000000000
60543  39.454  -32.503  55.138 0.0000000000
61673  40.113  -30.975  54.734 0.0000000000
55458  38.577  -36.442  57.586 0.0000000000
56769  38.594  -35.533  57.004 0.0000000000
55466  37.593  -36.412  56.608 0.0000000000
58067  35.769  -34.901  54.285 0.0000000000
46060  36.457  -44.995  63.260 0.0000000000
47317  36.696  -43.553  62.750 0.0000000000
46077  35.701  -44.728  62.160 0.0000000000
46162  33.345  -44.471  58.548 0.0000000000
47347  34.449  -43.713  59.942 0.0000000000
47403  33.065  -43.407  57.709 0.0000000000
49732  33.169  -41.570  58.095 0.0000000000
47404  32.742  -43.158  57.138 0.0000000000
48627  29.169  -42.414  55.925 0.0000000000
47405  30.398  -43.536  56.883 0.0000000000
48649  29.455  -43.429  55.325 0.0000000000
44994  30.220  -45.122  53.427 0.0000000000
48681  30.612  -42.391  53.588 0.0000000000
73890  51.262  -20.453  56.371 0.0000000000
73910  53.098  -20.194  55.139 0.0000000000
71584  56.187  -22.795  61.966 0.0000000000
49498  25.638  -41.882  72.515 0.0000000000
47180  25.302  -43.706  71.674 0.0000000000
48342  25.476  -42.631  73.008 0.0000000000
45895  25.488  -44.677  73.783 0.0000000000
45894  25.563  -45.033  74.439 0.0000000000
50631  26.559  -40.500  72.548 0.0000000000
45981  42.358  -42.434  69.207 0.0000000000
48384  43.643  -41.157  70.240 0.0000000000
47233  43.028  -41.877  68.400 0.0000000000
49590  43.982  -41.071  67.550 0.0000000000
50721  44.349  -40.049  67.094 0.0000000000
51778  44.289  -39.258  66.549 0.0000000000
50745  43.054  -40.127  65.180 0.0000000000
50759  41.966  -40.067  64.158 0.0000000000
50773  40.907  -40.020  63.026 0.0000000000
51841  40.391  -39.455  61.988 0.0000000000
50774  40.305  -40.271  62.567 0.0000000000
49681  38.517  -40.947  62.028 0.0000000000
49682  37.568  -41.316  61.920 0.0000000000
49738  23.918  -41.625  58.776 0.0000000000
49758  24.145  -41.137  57.722 0.0000000000
48629  22.637  -42.260  56.507 0.0000000000
75089  52.689  -19.531  61.859 0.0000000000
75107  51.683  -19.640  60.125 0.0000000000
73820  52.543  -20.151  61.251 0.0000000000
73832  53.069  -21.148  60.779 0.0000000000
46081  22.939  -44.086  63.125 0.0000000000
44880  21.720  -44.481  62.231 0.0000000000
44862  22.249  -44.642  63.096 0.0000000000
44847  21.807  -45.090  63.581 0.0000000000
44831  20.157  -45.439  64.216 0.0000000000
43655  21.306  -46.221  69.601 0.0000000000
43679  19.692  -46.382  67.937 0.0000000000
43680  18.697  -46.766  68.217 0.0000000000
42614  17.235  -47.631  67.681 0.0000000000
37917  15.898  -50.921  66.543 0.0000000000
44717  37.012  -43.585  71.645 0.0000000000
44750  37.258  -43.861  70.394 0.0000000000
44768  36.899  -44.401  68.090 0.0000000000
44760  36.563  -43.808  69.095 0.0000000000
47212  35.649  -43.226  69.046 0.0000000000
48419  34.554  -42.395  68.364 0.0000000000
49579  28.705  -41.186  68.200 0.0000000000
49578  30.035  -41.342  68.407 0.0000000000
48441  28.781  -42.176  66.367 0.0000000000
47276  28.122  -43.064  65.824 0.0000000000
47287  28.134  -43.125  65.178 0.0000000000
47308  27.317  -42.739  63.492 0.0000000000
47298  26.569  -43.563  64.462 0.0000000000
46064  25.353  -43.820  64.296 0.0000000000
71546  52.860  -22.196  63.144 0.0000000000
71566  53.213  -22.929  62.617 0.0000000000
70445  53.024  -23.067  62.241 0.0000000000
69349  53.004  -24.313  60.813 0.0000000000
42515  15.708  -47.325  75.940 0.0000000000
41426  15.008  -47.762  73.971 0.0000000000
41445  14.438  -48.345  71.698 0.0000000000
41428  13.737  -48.725  73.266 0.0000000000
78607  53.706  -17.134  67.023 0.0000000000
76183  53.592  -18.474  66.571 0.0000000000
76159  53.259  -18.038  67.074 0.0000000000
76160  52.708  -18.251  67.156 0.0000000000
74978  51.375  -18.521  67.215 0.0000000000
72587  48.871  -21.494  68.829 0.0000000000
73706  48.791  -20.408  68.493 0.0000000000
72599  48.574  -21.392  67.992 0.0000000000
71519  48.193  -22.559  65.395 0.0000000000
70429  47.945  -23.744  63.834 0.0000000000
70430  47.649  -23.646  62.847 0.0000000000
69303  47.858  -24.393  63.249 0.0000000000
68302  47.897  -25.582  62.755 0.0000000000
67210  47.777  -26.300  62.171 0.0000000000
57877  45.094  -34.472  64.408 0.0000000000
59106  46.470  -33.282  65.195 0.0000000000
59148  45.266  -33.555  63.783 0.0000000000
60386  45.303  -32.566  62.674 0.0000000000
61513  45.392  -32.034  62.156 0.0000000000
62667  45.714  -30.533  61.207 0.0000000000
61552  44.902  -31.605  60.902 0.0000000000
61576  43.525  -31.838  59.252 0.0000000000
61617  42.564  -31.464  57.681 0.0000000000
61642  41.663  -31.459  56.542 0.0000000000
60501  42.037  -32.163  57.619 0.0000000000
60503  40.839  -32.779  56.710 0.0000000000
59311  39.207  -33.634  55.891 0.0000000000
54231  36.604  -37.750  57.017 0.0000000000
55467  36.935  -36.629  56.309 0.0000000000
55478  35.239  -36.953  55.278 0.0000000000
55504  34.257  -36.325  54.040 0.0000000000
55521  33.269  -36.126  53.148 0.0000000000
42667  35.023  -46.063  62.721 0.0000000000
44877  34.604  -45.239  61.136 0.0000000000
43771  34.216  -45.362  60.881 0.0000000000
44913  33.208  -45.040  59.243 0.0000000000
44946  32.547  -44.750  57.881 0.0000000000
48707  28.360  -43.397  53.588 0.0000000000
47523  26.817  -43.471  52.313 0.0000000000
75187  57.068  -19.534  54.405 0.0000000000
73939  55.311  -20.125  54.067 0.0000000000
73940  54.553  -20.528  53.904 0.0000000000
46009  26.437  -44.468  68.020 0.0000000000
43673  24.991  -45.189  67.112 0.0000000000
43660  25.650  -45.452  68.587 0.0000000000
42590  24.741  -45.972  69.299 0.0000000000
42591  24.311  -46.086  69.751 0.0000000000
43635  25.540  -45.942  71.251 0.0000000000
42572  24.847  -46.661  70.900 0.0000000000
42593  23.091  -46.384  70.062 0.0000000000
42584  22.416  -46.470  70.662 0.0000000000
42576  21.023  -46.814  71.534 0.0000000000
42577  19.894  -47.380  71.453 0.0000000000
47126  33.075  -42.033  73.114 0.0000000000
47161  33.050  -42.584  72.003 0.0000000000
47145  32.336  -42.190  72.389 0.0000000000
48375  31.003  -41.774  71.494 0.0000000000
49538  30.031  -41.471  70.338 0.0000000000
49496  29.032  -40.432  72.232 0.0000000000
49517  28.585  -40.699  71.311 0.0000000000
49562  28.160  -41.117  69.219 0.0000000000
49580  27.532  -41.326  68.160 0.0000000000
48423  26.467  -42.563  67.894 0.0000000000
70532  49.785  -23.541  58.751 0.0000000000
70507  50.720  -23.589  59.309 0.0000000000
69388  50.075  -24.045  58.256 0.0000000000
78581  50.612  -16.534  69.293 0.0000000000
74942  49.178  -19.791  70.729 0.0000000000
72586  49.158  -21.829  69.628 0.0000000000
70380  49.419  -23.790  68.278 0.0000000000
69254  49.626  -24.862  68.002 0.0000000000
55289  46.560  -35.767  67.022 0.0000000000
56599  45.791  -35.710  66.183 0.0000000000
54077  44.477  -37.654  65.899 0.0000000000
55302  44.778  -36.409  65.441 0.0000000000
56615  44.764  -35.807  65.048 0.0000000000
56651  43.567  -35.614  63.335 0.0000000000
56664  42.768  -35.720  62.270 0.0000000000
56718  41.549  -35.573  60.586 0.0000000000
57992  41.371  -34.764  59.476 0.0000000000
56719  40.836  -36.044  60.225 0.0000000000
55440  39.784  -36.793  59.397 0.0000000000
54221  38.410  -37.561  58.206 0.0000000000
51867  39.174  -39.307  60.588 0.0000000000
53056  38.715  -38.522  59.388 0.0000000000
53066  37.257  -38.541  57.978 0.0000000000
53067  36.159  -38.858  57.837 0.0000000000
53081  34.604  -38.749  57.682 0.0000000000
51914  33.170  -39.024  57.178 0.0000000000
48553  30.219  -41.928  60.007 0.0000000000
47368  31.044  -42.976  58.940 0.0000000000
48573  29.835  -41.982  58.456 0.0000000000
49754  28.785  -41.691  57.053 0.0000000000
49775  27.878  -41.328  56.304 0.0000000000
50854  25.412  -40.735  56.603 0.0000000000
50872  26.154  -40.714  55.243 0.0000000000
75141  53.862  -19.081  57.175 0.0000000000
75154  54.340  -19.371  56.390 0.0000000000
75142  52.869  -19.228  57.244 0.0000000000
75143  52.040  -19.445  57.458 0.0000000000
73874  51.235  -20.371  57.376 0.0000000000
73848  51.610  -20.622  59.234 0.0000000000
72726  51.500  -21.454  58.453 0.0000000000
43691  23.036  -45.956  66.591 0.0000000000
43711  21.416  -45.664  65.901 0.0000000000
43726  20.066  -45.624  65.009 0.0000000000
43713  19.249  -46.223  66.091 0.0000000000
43728  17.745  -46.401  64.608 0.0000000000
47191  41.443  -42.494  70.534 0.0000000000
44764  40.981  -43.431  68.750 0.0000000000
46014  40.890  -43.448  67.272 0.0000000000
46033  39.892  -43.874  65.767 0.0000000000
47291  38.674  -43.517  64.438 0.0000000000
46034  39.201  -44.351  65.661 0.0000000000
44820  37.283  -45.216  64.782 0.0000000000
43721  36.602  -45.571  64.711 0.0000000000
44777  36.912  -44.822  66.836 0.0000000000
43706  36.051  -45.643  65.115 0.0000000000
43736  35.515  -45.748  63.655 0.0000000000
44843  34.386  -45.272  63.217 0.0000000000
46078  33.616  -44.844  62.362 0.0000000000
47331  32.674  -43.899  61.527 0.0000000000
47193  33.804  -42.490  70.325 0.0000000000
48401  33.508  -42.276  69.445 0.0000000000
49591  33.642  -41.640  67.389 0.0000000000
49594  30.603  -41.282  67.246 0.0000000000
49612  32.513  -41.404  66.477 0.0000000000
48481  33.031  -41.959  65.502 0.0000000000
48492  32.801  -42.457  64.410 0.0000000000
48518  32.204  -42.584  62.907 0.0000000000
48533  31.401  -42.438  61.510 0.0000000000
48534  30.179  -41.823  61.354 0.0000000000
49687  27.989  -41.561  60.989 0.0000000000
49705  26.533  -41.346  60.198 0.0000000000
48525  26.049  -42.319  62.248 0.0000000000
48555  25.827  -42.016  60.979 0.0000000000
49721  24.797  -41.617  59.673 0.0000000000
48591  23.136  -42.160  58.931 0.0000000000
72663  55.588  -21.081  63.910 0.0000000000
73791  55.679  -21.341  63.293 0.0000000000
72640  55.607  -21.923  64.011 0.0000000000
70443  54.630  -23.995  62.922 0.0000000000
69301  55.182  -24.348  63.151 0.0000000000
69386  51.729  -24.620  59.036 0.0000000000
49434  24.816  -42.825  74.755 0.0000000000
47106  25.152  -44.121  75.115 0.0000000000
43606  25.044  -45.944  75.168 0.0000000000
42494  24.205  -46.105  76.440 0.0000000000
42523  23.852  -46.730  75.158 0.0000000000
42541  22.503  -46.907  74.331 0.0000000000
42543  20.848  -47.641  74.122 0.0000000000
42568  19.137  -48.522  72.266 0.0000000000
40189  19.989  -47.615  76.703 0.0000000000
40217  19.535  -48.349  74.869 0.0000000000
40231  19.093  -48.971  73.418 0.0000000000
40252  18.055  -49.528  71.322 0.0000000000
39068  17.274  -50.128  70.779 0.0000000000
76306  55.492  -18.492  57.766 0.0000000000
76307  54.377  -18.659  57.949 0.0000000000
76292  53.660  -18.316  58.767 0.0000000000
76280  52.804  -18.033  59.842 0.0000000000
77487  55.082  -16.870  60.330 0.0000000000
77488  54.323  -17.124  60.526 0.0000000000
77490  52.904  -17.678  60.874 0.0000000000
76247  52.697  -18.355  62.271 0.0000000000
76233  53.534  -18.440  63.305 0.0000000000
75062  54.775  -19.437  63.988 0.0000000000
77448  54.208  -17.601  64.318 0.0000000000
76220  54.672  -18.640  64.769 0.0000000000
75061  55.171  -19.886  64.346 0.0000000000
73751  54.953  -20.420  65.001 0.0000000000
72625  54.861  -20.976  64.891 0.0000000000
72643  53.956  -21.554  64.477 0.0000000000
73730  53.829  -19.662  65.709 0.0000000000
73753  53.640  -20.460  65.081 0.0000000000
72665  52.913  -21.742  63.624 0.0000000000
72682  52.438  -21.842  63.098 0.0000000000
71568  51.424  -21.852  62.148 0.0000000000
71588  50.681  -21.824  61.611 0.0000000000
76114  50.975  -17.417  68.927 0.0000000000
76162  50.984  -18.147  67.994 0.0000000000
75003  49.813  -19.329  66.338 0.0000000000
73733  48.711  -20.402  66.237 0.0000000000
73732  49.260  -19.823  65.888 0.0000000000
75055  49.784  -19.929  64.731 0.0000000000
73796  49.684  -20.412  63.509 0.0000000000
72699  49.745  -21.396  61.833 0.0000000000
71606  49.528  -22.421  60.410 0.0000000000
71621  48.683  -22.913  59.665 0.0000000000
69370  48.223  -23.640  58.807 0.0000000000
69351  47.391  -24.678  60.511 0.0000000000
68356  47.063  -25.128  58.661 0.0000000000
69253  49.959  -25.338  68.409 0.0000000000
67174  49.634  -26.712  66.939 0.0000000000
61469  49.312  -31.129  67.537 0.0000000000
60334  47.554  -32.308  65.825 0.0000000000
61476  48.365  -31.368  66.351 0.0000000000
62620  49.040  -30.214  66.730 0.0000000000
64981  49.383  -28.434  66.449 0.0000000000
66110  49.147  -27.797  65.942 0.0000000000
67196  48.799  -26.762  65.184 0.0000000000
66127  48.456  -27.350  64.008 0.0000000000
66138  47.986  -27.312  62.902 0.0000000000
65049  46.810  -27.965  61.040 0.0000000000
62681  45.490  -30.170  60.509 0.0000000000
63876  45.647  -29.016  59.800 0.0000000000
66171  46.021  -27.931  59.362 0.0000000000
66185  45.072  -28.015  58.309 0.0000000000
62781  40.944  -30.433  55.202 0.0000000000
62803  40.195  -29.932  53.943 0.0000000000
58021  40.243  -34.878  58.138 0.0000000000
58047  39.279  -34.311  56.668 0.0000000000
59322  38.168  -33.608  55.227 0.0000000000
56785  36.980  -35.565  55.570 0.0000000000
58065  37.037  -34.390  54.986 0.0000000000
48504  38.297  -42.708  63.619 0.0000000000
48517  37.168  -42.652  62.767 0.0000000000
49684  35.728  -41.889  61.202 0.0000000000
46114  35.174  -44.403  61.032 0.0000000000
48551  34.700  -42.781  60.370 0.0000000000
50803  34.737  -41.140  60.223 0.0000000000
50816  33.707  -41.137  59.184 0.0000000000
50836  33.031  -40.595  57.823 0.0000000000
51928  32.101  -39.631  56.262 0.0000000000
46165  31.550  -44.277  57.938 0.0000000000
46187  31.854  -44.623  57.576 0.0000000000
46231  31.354  -44.555  55.322 0.0000000000
46248  29.410  -44.597  54.177 0.0000000000
44973  30.818  -44.994  54.522 0.0000000000
46230  31.618  -44.172  55.177 0.0000000000
48647  31.697  -42.697  54.980 0.0000000000
49789  31.367  -41.633  54.953 0.0000000000
75175  53.810  -19.749  55.763 0.0000000000
73924  53.887  -20.496  54.408 0.0000000000
73941  53.697  -20.832  53.626 0.0000000000
72681  55.665  -21.864  62.584 0.0000000000
47281  41.180  -42.804  65.858 0.0000000000
48488  40.923  -42.445  64.914 0.0000000000
48502  40.044  -42.305  63.983 0.0000000000
48489  40.199  -42.733  64.619 0.0000000000
73793  54.765  -19.991  63.460 0.0000000000
73805  54.453  -20.341  62.730 0.0000000000
44806  25.217  -44.528  65.909 0.0000000000
44807  24.513  -44.717  65.830 0.0000000000
43688  24.914  -44.937  66.582 0.0000000000
42595  18.085  -47.991  69.814 0.0000000000
41468  17.608  -49.108  69.830 0.0000000000
41467  18.025  -48.842  70.334 0.0000000000
47125  34.300  -42.340  73.380 0.0000000000
47124  35.214  -42.567  73.372 0.0000000000
47142  35.104  -42.585  73.224 0.0000000000
45892  35.472  -42.912  72.590 0.0000000000
45915  35.309  -42.948  72.214 0.0000000000
45938  34.915  -42.870  71.803 0.0000000000
45939  34.245  -42.765  71.806 0.0000000000
44788  26.612  -44.452  66.853 0.0000000000
44805  25.968  -44.415  66.125 0.0000000000
71605  50.763  -22.495  60.823 0.0000000000
70481  51.632  -23.413  60.413 0.0000000000
79773  51.867  -16.237  68.342 0.0000000000
79763  51.434  -16.339  68.696 0.0000000000
69266  49.045  -24.809  66.783 0.0000000000
69267  48.756  -24.153  66.291 0.0000000000
68274  48.711  -25.189  64.969 0.0000000000
68273  48.818  -25.829  65.429 0.0000000000
57957  42.587  -34.481  60.777 0.0000000000
57956  43.114  -33.946  61.032 0.0000000000
57990  42.444  -34.229  60.199 0.0000000000
59233  42.669  -33.622  59.914 0.0000000000
59234  42.124  -33.856  59.288 0.0000000000
58019  41.664  -34.257  59.159 0.0000000000
46116  32.710  -44.586  60.246 0.0000000000
47367  31.562  -43.496  59.317 0.0000000000
75173  55.564  -19.567  55.381 0.0000000000
47196  25.451  -43.887  70.468 0.0000000000
42552  24.507  -46.455  73.657 0.0000000000
42553  23.907  -46.683  73.416 0.0000000000
50574  31.299  -40.411  74.112 0.0000000000
49478  30.719  -40.644  72.995 0.0000000000
50613  30.169  -40.473  73.040 0.0000000000
49520  25.620  -41.795  71.685 0.0000000000
50708  45.227  -39.951  67.951 0.0000000000
51736  45.954  -39.407  68.668 0.0000000000
51758  45.955  -39.114  68.349 0.0000000000
52899  46.476  -38.348  68.514 0.0000000000
52900  46.061  -38.337  67.916 0.0000000000
54059  46.605  -37.428  68.122 0.0000000000
52901  45.446  -38.352  67.426 0.0000000000
52994  41.932  -38.223  63.276 0.0000000000
54159  41.912  -37.447  62.631 0.0000000000
53014  41.463  -38.087  62.585 0.0000000000
53034  40.693  -38.047  61.472 0.0000000000
53015  40.869  -38.504  61.987 0.0000000000
50788  37.424  -40.611  61.154 0.0000000000
50800  37.289  -40.082  60.445 0.0000000000
50801  36.362  -40.115  60.134 0.0000000000
50802  35.298  -40.673  60.279 0.0000000000
47336  22.194  -43.757  61.518 0.0000000000
46100  21.486  -44.353  61.540 0.0000000000
43664  22.742  -45.856  68.691 0.0000000000
45962  38.185  -44.138  69.925 0.0000000000
44747  39.159  -44.057  69.944 0.0000000000
45985  38.765  -44.306  69.080 0.0000000000
46004  38.874  -44.403  68.352 0.0000000000
44766  38.426  -44.503  68.261 0.0000000000
44775  38.539  -44.642  67.621 0.0000000000
47273  34.921  -43.253  66.510 0.0000000000
47284  35.059  -43.672  65.887 0.0000000000
47285  34.571  -43.302  65.605 0.0000000000
48480  33.852  -42.726  65.347 0.0000000000
49537  30.670  -41.606  69.991 0.0000000000
47286  28.830  -42.703  64.725 0.0000000000
48495  29.579  -42.393  64.164 0.0000000000
48496  28.999  -42.542  63.939 0.0000000000
48509  28.697  -42.341  63.426 0.0000000000
47324  23.017  -43.735  62.624 0.0000000000
47352  22.223  -43.573  60.882 0.0000000000
71529  54.501  -22.622  64.078 0.0000000000
71545  53.561  -22.657  63.364 0.0000000000
42479  22.370  -46.814  77.362 0.0000000000
41362  21.779  -47.250  77.233 0.0000000000
41393  21.345  -47.410  76.209 0.0000000000
41378  21.250  -47.476  76.892 0.0000000000
42545  16.653  -47.469  74.442 0.0000000000
42544  17.327  -47.540  74.830 0.0000000000
42559  16.883  -47.747  73.486 0.0000000000
41433  17.739  -48.393  73.605 0.0000000000
42569  16.717  -48.008  72.725 0.0000000000
41443  16.780  -48.602  72.121 0.0000000000
42570  16.345  -47.983  72.396 0.0000000000
77496  55.868  -17.143  58.825 0.0000000000
78679  54.801  -15.827  61.628 0.0000000000
78680  54.553  -16.060  62.104 0.0000000000
76181  54.509  -19.078  65.584 0.0000000000
76182  54.216  -18.484  66.204 0.0000000000
75031  51.722  -19.347  65.657 0.0000000000
75053  51.313  -19.639  65.061 0.0000000000
75054  50.588  -19.764  64.841 0.0000000000
72646  48.240  -21.592  64.849 0.0000000000
71571  47.669  -22.756  62.080 0.0000000000
71548  47.584  -23.092  62.460 0.0000000000
67232  47.126  -26.418  60.385 0.0000000000
67246  46.381  -26.925  59.175 0.0000000000
57839  46.310  -34.757  66.021 0.0000000000
57838  46.885  -34.233  66.311 0.0000000000
61500  46.614  -30.976  63.478 0.0000000000
61492  46.805  -31.323  64.176 0.0000000000
62644  46.921  -30.349  63.248 0.0000000000
62654  46.798  -30.076  62.532 0.0000000000
62734  43.106  -30.674  57.709 0.0000000000
63897  43.538  -30.250  57.845 0.0000000000
63913  43.248  -29.745  57.207 0.0000000000
63914  42.728  -30.157  56.849 0.0000000000
63930  42.666  -29.644  56.414 0.0000000000
60553  38.984  -32.016  54.528 0.0000000000
54229  38.137  -37.065  57.554 0.0000000000
55465  38.215  -36.170  56.935 0.0000000000
44857  36.093  -45.442  63.017 0.0000000000
44858  35.894  -44.870  62.475 0.0000000000
46186  33.059  -44.263  57.818 0.0000000000
47384  33.440  -43.805  58.388 0.0000000000
47432  32.781  -43.784  57.238 0.0000000000
47433  32.474  -43.520  56.522 0.0000000000
49790  28.731  -42.169  55.415 0.0000000000
48626  29.541  -43.077  55.816 0.0000000000
48650  29.035  -42.904  54.998 0.0000000000
73912  50.806  -20.973  55.500 0.0000000000
49482  25.698  -41.934  72.977 0.0000000000
48325  25.287  -42.761  73.927 0.0000000000
47146  25.269  -43.704  73.326 0.0000000000
47128  25.127  -43.938  74.062 0.0000000000
45872  25.389  -44.505  74.483 0.0000000000
50617  26.411  -40.390  73.047 0.0000000000
49497  26.081  -41.118  72.199 0.0000000000
46013  42.068  -42.581  68.127 0.0000000000
45980  42.923  -42.062  68.943 0.0000000000
46012  42.331  -42.311  68.016 0.0000000000
49610  42.944  -41.453  66.523 0.0000000000
48458  42.925  -41.681  67.081 0.0000000000
49609  43.620  -40.958  66.984 0.0000000000
49608  44.242  -40.638  67.410 0.0000000000
50722  43.758  -40.224  66.448 0.0000000000
50732  43.278  -40.404  65.764 0.0000000000
49658  41.362  -41.199  64.098 0.0000000000
50746  42.415  -40.437  64.715 0.0000000000
50760  41.383  -40.390  63.619 0.0000000000
49661  39.219  -41.819  63.161 0.0000000000
49669  39.611  -41.082  62.758 0.0000000000
49671  38.020  -41.579  62.499 0.0000000000
48610  22.773  -42.078  58.162 0.0000000000
49759  23.238  -41.646  57.854 0.0000000000
49780  22.770  -41.893  57.258 0.0000000000
73819  53.481  -20.643  61.578 0.0000000000
72697  54.363  -21.455  61.354 0.0000000000
46066  23.344  -44.225  63.818 0.0000000000
44861  22.850  -44.496  63.677 0.0000000000
44845  23.315  -44.575  64.337 0.0000000000
44829  22.221  -45.240  64.448 0.0000000000
44830  21.299  -45.325  64.270 0.0000000000
43666  20.530  -46.260  68.795 0.0000000000
43667  19.513  -46.640  69.004 0.0000000000
42606  17.233  -48.409  68.700 0.0000000000
42605  17.885  -47.389  68.570 0.0000000000
42623  16.730  -47.996  66.820 0.0000000000
41493  16.214  -48.918  67.024 0.0000000000
41494  15.833  -49.026  66.284 0.0000000000
37907  16.165  -50.969  66.918 0.0000000000
37897  16.234  -51.375  67.944 0.0000000000
47122  36.762  -42.740  73.504 0.0000000000
44718  36.434  -43.517  71.685 0.0000000000
44736  36.827  -43.676  71.131 0.0000000000
44735  37.441  -43.723  71.055 0.0000000000
44759  37.147  -44.092  69.381 0.0000000000
44751  36.562  -43.683  70.323 0.0000000000
45988  35.373  -43.097  70.447 0.0000000000
45987  35.888  -43.379  69.720 0.0000000000
47237  35.079  -42.931  68.093 0.0000000000
49596  27.958  -41.668  67.331 0.0000000000
48442  28.062  -42.446  66.741 0.0000000000
46039  27.507  -43.474  65.106 0.0000000000
46049  27.442  -43.333  64.706 0.0000000000
46050  26.928  -43.598  64.865 0.0000000000
46065  24.166  -44.048  64.243 0.0000000000
46080  23.625  -43.901  63.577 0.0000000000
71567  52.500  -22.493  62.435 0.0000000000
71586  52.296  -22.806  61.826 0.0000000000
69367  52.723  -24.546  60.201 0.0000000000
68327  53.165  -24.810  60.341 0.0000000000
41398  15.014  -47.890  75.590 0.0000000000
41413  15.002  -47.841  74.625 0.0000000000
41427  14.239  -48.222  74.023 0.0000000000
77401  53.677  -17.493  66.964 0.0000000000
77402  53.254  -17.352  67.342 0.0000000000
76135  52.198  -17.651  67.776 0.0000000000
76161  51.864  -18.140  67.609 0.0000000000
71489  48.776  -22.060  68.352 0.0000000000
71500  48.711  -22.578  67.685 0.0000000000
69302  48.223  -24.864  63.767 0.0000000000
57899  44.471  -34.447  63.535 0.0000000000
57898  44.916  -34.086  63.825 0.0000000000
59149  44.837  -33.888  63.532 0.0000000000
59209  44.172  -33.162  61.415 0.0000000000
60387  44.805  -32.924  62.234 0.0000000000
60409  45.072  -32.336  61.939 0.0000000000
61531  45.382  -31.578  61.601 0.0000000000
60432  44.298  -32.451  60.924 0.0000000000
60453  42.786  -32.781  59.250 0.0000000000
60476  43.113  -32.217  59.050 0.0000000000
61596  43.296  -31.527  58.624 0.0000000000
61597  42.869  -31.653  58.200 0.0000000000
61618  41.962  -31.750  57.180 0.0000000000
59310  39.991  -33.255  56.312 0.0000000000
59293  39.754  -33.812  56.678 0.0000000000
54243  35.813  -37.495  56.420 0.0000000000
54258  35.488  -37.086  55.766 0.0000000000
54259  35.083  -37.365  55.861 0.0000000000
55505  33.617  -36.326  53.726 0.0000000000
43749  34.331  -45.518  62.034 0.0000000000
43760  34.095  -45.440  61.341 0.0000000000
43785  33.291  -45.113  59.639 0.0000000000
44931  32.739  -44.852  58.636 0.0000000000
44930  33.083  -44.835  58.457 0.0000000000
44947  32.346  -44.777  58.020 0.0000000000
73922  55.558  -19.770  54.707 0.0000000000
73921  55.870  -19.743  54.584 0.0000000000
44771  25.776  -45.271  68.120 0.0000000000
44770  26.046  -45.210  68.585 0.0000000000
43645  25.515  -45.848  69.912 0.0000000000
43652  25.578  -45.617  69.128 0.0000000000
43653  25.198  -45.983  69.552 0.0000000000
42581  24.816  -46.316  70.047 0.0000000000
45917  25.643  -44.997  71.615 0.0000000000
44720  25.592  -45.466  71.668 0.0000000000
42562  24.657  -46.523  72.261 0.0000000000
43641  25.287  -46.329  71.217 0.0000000000
42582  24.293  -46.560  70.407 0.0000000000
42583  23.526  -46.659  70.621 0.0000000000
42574  23.157  -46.702  71.524 0.0000000000
42575  22.145  -46.626  71.668 0.0000000000
42566  20.585  -47.361  72.472 0.0000000000
49447  32.164  -40.978  73.973 0.0000000000
49433  32.281  -40.875  74.190 0.0000000000
48303  32.780  -41.456  73.617 0.0000000000
47105  33.265  -41.772  73.499 0.0000000000
48321  32.518  -41.457  73.385 0.0000000000
47127  32.471  -41.893  72.856 0.0000000000
48356  31.035  -41.431  72.062 0.0000000000
48376  30.568  -41.343  71.594 0.0000000000
48389  30.468  -41.507  71.103 0.0000000000
49516  29.807  -41.142  71.261 0.0000000000
50615  28.525  -39.975  72.628 0.0000000000
49480  29.286  -40.295  72.648 0.0000000000
50629  28.150  -40.168  71.878 0.0000000000
49539  28.925  -41.185  70.315 0.0000000000
49563  26.744  -41.423  69.110 0.0000000000
47240  25.845  -43.093  68.711 0.0000000000
48424  26.031  -42.777  68.400 0.0000000000
47239  26.322  -43.626  68.341 0.0000000000
73694  49.142  -20.959  70.307 0.0000000000
71479  49.513  -23.030  69.782 0.0000000000
70368  49.719  -23.819  69.109 0.0000000000
69237  49.725  -24.346  68.600 0.0000000000
48398  44.346  -40.876  69.532 0.0000000000
55277  46.145  -36.750  67.325 0.0000000000
55276  46.880  -36.274  67.637 0.0000000000
51795  43.946  -38.983  65.994 0.0000000000
52923  44.416  -38.314  66.243 0.0000000000
52944  43.923  -38.321  65.596 0.0000000000
54116  43.683  -37.213  64.502 0.0000000000
54093  44.263  -37.308  65.278 0.0000000000
55303  44.324  -36.435  64.788 0.0000000000
55322  43.818  -36.246  64.074 0.0000000000
56634  44.494  -35.502  64.453 0.0000000000
55395  42.160  -36.276  61.910 0.0000000000
55363  42.863  -35.987  62.713 0.0000000000
56685  42.294  -35.633  61.533 0.0000000000
56686  41.764  -36.061  61.240 0.0000000000
54210  39.818  -37.154  59.737 0.0000000000
54211  39.288  -37.636  59.298 0.0000000000
54220  39.067  -37.133  58.589 0.0000000000
51858  39.487  -39.465  61.109 0.0000000000
51857  39.921  -39.398  61.429 0.0000000000
51880  37.573  -39.239  59.213 0.0000000000
51879  38.265  -39.089  59.575 0.0000000000
53058  37.545  -38.907  58.619 0.0000000000
53057  38.077  -38.572  58.719 0.0000000000
53079  36.465  -38.270  57.387 0.0000000000
51893  34.656  -39.370  58.505 0.0000000000
53069  34.849  -38.965  58.078 0.0000000000
51903  34.045  -39.157  58.053 0.0000000000
53082  33.903  -38.889  57.651 0.0000000000
51904  33.396  -39.510  57.717 0.0000000000
48554  29.742  -41.781  59.245 0.0000000000
49755  27.667  -41.069  57.283 0.0000000000
49778  24.409  -40.972  56.651 0.0000000000
49777  24.992  -40.801  56.817 0.0000000000
50874  24.854  -40.799  56.198 0.0000000000
49793  25.037  -41.098  55.024 0.0000000000
49812  25.466  -41.425  54.393 0.0000000000
49811  26.682  -41.185  54.430 0.0000000000
75144  51.481  -19.846  57.818 0.0000000000
75157  51.595  -19.907  57.109 0.0000000000
73861  51.307  -20.553  58.162 0.0000000000
73834  51.646  -20.191  59.824 0.0000000000
44863  21.374  -44.943  62.621 0.0000000000
44881  20.928  -44.863  61.433 0.0000000000
44882  19.862  -45.281  61.272 0.0000000000
43674  24.364  -45.459  67.357 0.0000000000
43690  23.753  -45.543  66.531 0.0000000000
43693  21.053  -45.808  66.808 0.0000000000
43694  19.971  -46.216  66.885 0.0000000000
43695  18.750  -46.610  66.981 0.0000000000
42637  17.041  -46.821  64.649 0.0000000000
43714  18.211  -46.510  65.879 0.0000000000
45865  38.501  -42.666  72.959 0.0000000000
45887  38.905  -42.841  72.530 0.0000000000
44731  39.967  -43.275  70.479 0.0000000000
45934  40.347  -42.757  71.119 0.0000000000
45959  40.645  -43.004  70.315 0.0000000000
44744  40.893  -43.160  69.829 0.0000000000
44754  41.197  -43.094  69.545 0.0000000000
44755  40.868  -43.388  69.374 0.0000000000
46016  39.560  -44.366  67.433 0.0000000000
46015  40.358  -43.849  67.088 0.0000000000
47272  40.629  -43.528  66.421 0.0000000000
46024  40.054  -43.957  66.179 0.0000000000
44800  37.409  -45.312  65.437 0.0000000000
44819  37.907  -45.016  65.321 0.0000000000
44821  36.590  -45.468  64.245 0.0000000000
43704  36.926  -45.525  65.246 0.0000000000
46018  36.407  -44.398  67.132 0.0000000000
46036  35.694  -44.877  65.550 0.0000000000
44787  35.985  -45.083  65.651 0.0000000000
44802  35.648  -45.355  65.137 0.0000000000
43722  35.897  -45.727  64.524 0.0000000000
43723  35.243  -45.585  64.152 0.0000000000
43737  34.795  -45.726  63.373 0.0000000000
44823  34.910  -45.366  64.090 0.0000000000
46061  33.952  -44.646  63.326 0.0000000000
46062  33.357  -44.189  62.795 0.0000000000
46079  33.183  -44.332  62.004 0.0000000000
47318  32.717  -43.395  62.598 0.0000000000
47178  32.852  -42.507  71.076 0.0000000000
48422  32.275  -41.865  69.087 0.0000000000
48421  32.940  -41.954  68.853 0.0000000000
48420  33.831  -41.919  68.559 0.0000000000
49575  33.214  -41.661  68.115 0.0000000000
49595  29.144  -41.453  66.947 0.0000000000
49633  31.053  -41.541  65.663 0.0000000000
49613  31.319  -41.324  66.420 0.0000000000
49632  31.959  -41.442  65.773 0.0000000000
48463  33.285  -41.708  66.242 0.0000000000
48493  31.660  -42.078  64.296 0.0000000000
48519  31.608  -42.324  62.564 0.0000000000
47319  32.265  -42.779  62.458 0.0000000000
48536  28.243  -41.808  61.838 0.0000000000
49688  27.023  -41.615  60.910 0.0000000000
47321  26.426  -42.670  62.918 0.0000000000
48540  24.817  -42.441  61.291 0.0000000000
48539  25.481  -42.297  61.611 0.0000000000
48556  25.156  -42.112  60.768 0.0000000000
49707  25.088  -41.843  60.267 0.0000000000
48574  24.728  -42.011  60.272 0.0000000000
48590  23.740  -42.009  59.385 0.0000000000
48576  23.311  -42.391  59.799 0.0000000000
70417  55.235  -23.182  64.051 0.0000000000
70416  55.680  -23.090  63.974 0.0000000000
70426  55.646  -23.725  63.718 0.0000000000
70444  53.694  -23.558  62.439 0.0000000000
70428  54.250  -23.412  63.217 0.0000000000
69314  54.994  -24.747  62.683 0.0000000000
69313  55.461  -24.833  63.012 0.0000000000
69387  51.013  -24.367  58.593 0.0000000000
69369  51.415  -24.143  59.255 0.0000000000
68354  51.839  -25.308  58.481 0.0000000000
50577  24.928  -41.508  74.355 0.0000000000
48286  24.766  -44.015  75.422 0.0000000000
47086  24.875  -44.295  75.566 0.0000000000
45849  25.201  -44.740  75.423 0.0000000000
44680  24.860  -45.239  75.864 0.0000000000
42509  23.956  -46.511  76.054 0.0000000000
42511  23.372  -46.677  75.515 0.0000000000
42524  23.306  -46.802  75.028 0.0000000000
41407  22.804  -46.909  75.159 0.0000000000
41423  20.611  -47.850  74.875 0.0000000000
41422  21.500  -47.460  74.766 0.0000000000
42557  20.258  -47.791  73.322 0.0000000000
41439  19.674  -48.354  73.249 0.0000000000
41412  18.285  -47.631  75.888 0.0000000000
42512  18.295  -46.985  76.765 0.0000000000
41396  19.052  -47.496  76.564 0.0000000000
41380  19.893  -47.363  77.174 0.0000000000
40200  19.342  -47.992  75.821 0.0000000000
40210  19.702  -48.095  75.554 0.0000000000
40211  19.221  -48.240  75.196 0.0000000000
40227  18.193  -48.962  73.211 0.0000000000
40226  18.773  -48.941  73.707 0.0000000000
40232  18.568  -49.105  72.845 0.0000000000
41441  18.626  -49.051  72.309 0.0000000000
40240  18.239  -49.438  72.005 0.0000000000
40253  17.628  -49.739  70.679 0.0000000000
40241  17.516  -49.734  71.395 0.0000000000
39069  16.730  -50.272  70.456 0.0000000000
41461  14.357  -48.774  70.477 0.0000000000
76305  56.650  -18.227  57.457 0.0000000000
77513  55.313  -17.637  59.252 0.0000000000
76278  54.665  -17.842  59.349 0.0000000000
76279  54.126  -17.863  59.422 0.0000000000
77499  53.819  -17.553  60.084 0.0000000000
78711  55.502  -16.447  59.657 0.0000000000
78695  53.895  -16.930  61.129 0.0000000000
77489  53.580  -17.323  60.732 0.0000000000
77480  52.694  -17.904  61.820 0.0000000000
75063  54.079  -19.113  63.541 0.0000000000
76232  54.154  -18.482  63.998 0.0000000000
78652  54.045  -16.891  63.710 0.0000000000
78651  54.212  -16.585  64.318 0.0000000000
75052  54.949  -19.403  64.645 0.0000000000
73773  55.284  -20.491  64.393 0.0000000000
75051  55.007  -19.720  64.871 0.0000000000
72626  54.375  -20.992  64.896 0.0000000000
74999  53.936  -19.127  66.087 0.0000000000
73731  53.184  -19.595  65.632 0.0000000000
73775  52.893  -20.658  64.579 0.0000000000
73774  53.473  -21.008  64.615 0.0000000000
72666  52.049  -21.178  63.499 0.0000000000
73795  50.701  -20.583  63.307 0.0000000000
72667  51.394  -21.033  63.121 0.0000000000
72684  50.873  -21.201  62.561 0.0000000000
72698  50.424  -21.358  62.057 0.0000000000
77372  51.165  -17.046  69.019 0.0000000000
76163  50.524  -18.323  68.398 0.0000000000
72612  48.424  -21.465  66.955 0.0000000000
73715  48.652  -20.419  67.447 0.0000000000
73756  49.047  -20.156  65.158 0.0000000000
75033  49.823  -19.666  65.407 0.0000000000
73778  49.332  -20.268  64.238 0.0000000000
72700  48.983  -21.663  61.658 0.0000000000
71589  49.719  -21.935  61.187 0.0000000000
71620  49.134  -22.645  59.876 0.0000000000
71607  48.461  -22.653  60.309 0.0000000000
70484  48.097  -23.196  59.841 0.0000000000
70510  47.895  -23.550  59.531 0.0000000000
69371  47.615  -24.037  59.150 0.0000000000
69317  47.643  -24.614  62.538 0.0000000000
69333  47.495  -24.593  61.567 0.0000000000
67154  50.215  -26.673  68.161 0.0000000000
67155  49.911  -26.373  67.587 0.0000000000
68251  49.947  -25.795  68.019 0.0000000000
60315  48.627  -32.689  67.302 0.0000000000
59068  49.347  -32.448  67.878 0.0000000000
60314  48.944  -32.086  67.409 0.0000000000
61468  49.734  -31.077  68.259 0.0000000000
59126  45.868  -33.345  64.461 0.0000000000
60335  46.892  -32.631  65.301 0.0000000000
62629  47.714  -30.772  65.327 0.0000000000
61484  47.868  -31.311  65.773 0.0000000000
62621  48.623  -30.768  66.431 0.0000000000
63772  49.618  -29.206  67.104 0.0000000000
62627  48.723  -29.688  66.152 0.0000000000
64997  48.607  -28.429  65.114 0.0000000000
64982  48.944  -28.488  65.832 0.0000000000
66111  48.871  -27.929  65.437 0.0000000000
66121  48.889  -27.385  65.493 0.0000000000
66122  48.687  -27.514  64.868 0.0000000000
67197  48.633  -26.681  64.502 0.0000000000
63840  46.816  -29.045  61.769 0.0000000000
65036  46.990  -28.353  61.646 0.0000000000
62668  45.305  -31.127  60.959 0.0000000000
63895  44.804  -29.165  58.680 0.0000000000
65063  46.029  -28.505  59.934 0.0000000000
65064  45.621  -28.548  59.339 0.0000000000
66184  45.668  -27.678  58.671 0.0000000000
65106  43.795  -28.033  56.757 0.0000000000
61661  41.324  -31.091  55.972 0.0000000000
61662  40.680  -31.201  55.440 0.0000000000
61674  39.370  -31.294  54.274 0.0000000000
62794  39.970  -30.520  54.228 0.0000000000
56760  39.678  -35.514  58.091 0.0000000000
56776  38.092  -35.561  56.495 0.0000000000
58039  39.033  -34.879  57.035 0.0000000000
58048  38.602  -34.665  56.354 0.0000000000
59312  38.569  -34.108  55.782 0.0000000000
58057  38.190  -34.432  55.759 0.0000000000
55476  36.594  -36.263  55.739 0.0000000000
56786  36.216  -35.672  55.017 0.0000000000
58076  35.942  -34.331  54.100 0.0000000000
58066  36.402  -34.654  54.589 0.0000000000
59332  36.325  -34.006  54.213 0.0000000000
47302  38.394  -43.066  63.946 0.0000000000
47303  37.634  -43.621  63.659 0.0000000000
47316  37.272  -43.013  63.137 0.0000000000
48531  36.740  -42.416  62.186 0.0000000000
48532  35.918  -42.582  61.602 0.0000000000
44895  34.764  -44.899  60.891 0.0000000000
46115  34.626  -44.419  60.400 0.0000000000
48569  34.161  -42.810  59.666 0.0000000000
49700  35.096  -41.707  60.675 0.0000000000
49701  34.392  -41.798  60.090 0.0000000000
49715  33.842  -41.808  59.480 0.0000000000
49752  32.550  -41.517  57.015 0.0000000000
49751  32.838  -41.340  57.547 0.0000000000
50852  32.326  -40.601  56.663 0.0000000000
48588  30.312  -42.575  58.143 0.0000000000
47386  30.926  -43.433  58.162 0.0000000000
46213  30.652  -44.239  56.098 0.0000000000
46188  31.191  -44.158  57.193 0.0000000000
46212  31.623  -44.430  56.523 0.0000000000
46232  30.830  -44.648  55.272 0.0000000000
47506  28.248  -43.686  53.164 0.0000000000
46249  28.993  -44.278  53.941 0.0000000000
46264  28.844  -44.267  53.459 0.0000000000
46261  30.752  -44.556  53.539 0.0000000000
44983  30.738  -45.082  53.800 0.0000000000
46247  31.186  -44.473  54.376 0.0000000000
46246  31.469  -44.061  54.697 0.0000000000
47486  31.662  -43.634  54.871 0.0000000000
48679  31.529  -43.247  54.542 0.0000000000
49809  30.568  -41.799  53.848 0.0000000000
49808  30.959  -41.687  54.410 0.0000000000
50887  30.974  -40.743  54.739 0.0000000000
75216  57.558  -19.601  52.744 0.0000000000
75155  53.360  -19.458  56.495 0.0000000000
73925  52.723  -20.813  54.173 0.0000000000
72680  55.792  -22.028  62.988 0.0000000000
73803  55.698  -21.595  62.883 0.0000000000
49465  25.672  -41.211  73.437 0.0000000000
48341  25.634  -41.934  73.388 0.0000000000
47255  41.388  -43.114  67.248 0.0000000000
47254  41.984  -42.522  67.655 0.0000000000
48460  41.763  -42.449  66.410 0.0000000000
48477  42.238  -41.974  66.054 0.0000000000
49630  42.554  -41.461  65.852 0.0000000000
49631  41.957  -41.725  65.391 0.0000000000
49647  41.668  -41.472  64.767 0.0000000000
49659  40.694  -41.431  63.715 0.0000000000
49668  40.226  -41.009  63.140 0.0000000000
48515  38.653  -42.178  63.278 0.0000000000
75074  53.528  -19.425  62.769 0.0000000000
44826  24.279  -44.521  65.236 0.0000000000
44827  23.612  -44.797  65.073 0.0000000000
43724  23.682  -45.007  65.442 0.0000000000
44809  23.063  -45.364  65.235 0.0000000000
43657  19.354  -47.150  69.959 0.0000000000
43658  18.733  -47.470  69.770 0.0000000000
42607  16.706  -48.804  68.314 0.0000000000
41476  17.242  -49.240  69.192 0.0000000000
40276  17.045  -49.945  68.928 0.0000000000
39095  17.081  -50.240  69.287 0.0000000000
47123  35.959  -42.706  73.473 0.0000000000
45868  36.531  -43.122  73.034 0.0000000000
45891  35.920  -43.193  72.560 0.0000000000
45914  35.913  -43.318  72.101 0.0000000000
45964  35.253  -43.085  71.203 0.0000000000
47192  34.745  -42.794  70.769 0.0000000000
47260  27.181  -43.480  67.196 0.0000000000
47259  27.839  -43.131  66.430 0.0000000000
46030  26.990  -44.112  66.313 0.0000000000
46040  26.699  -43.994  65.621 0.0000000000
46041  25.717  -44.252  65.492 0.0000000000
46042  25.194  -44.374  65.491 0.0000000000
70464  51.882  -23.059  61.107 0.0000000000
69368  52.073  -24.361  59.737 0.0000000000
40212  13.828  -49.030  75.682 0.0000000000
79782  52.740  -16.234  67.577 0.0000000000
78593  52.903  -16.902  67.662 0.0000000000
78594  52.380  -16.650  68.033 0.0000000000
77388  51.760  -17.098  68.443 0.0000000000
70381  49.023  -23.477  67.730 0.0000000000
70393  48.784  -23.616  66.917 0.0000000000
69292  48.470  -24.615  64.560 0.0000000000
68284  48.535  -25.706  64.415 0.0000000000
67201  48.413  -26.480  63.803 0.0000000000
57917  43.408  -34.782  62.165 0.0000000000
57931  43.377  -34.293  61.584 0.0000000000
59192  43.888  -33.662  61.577 0.0000000000
59210  43.595  -33.380  61.018 0.0000000000
60433  43.683  -32.722  60.489 0.0000000000
59232  43.248  -33.174  60.382 0.0000000000
60478  41.739  -32.698  57.873 0.0000000000
59265  41.716  -33.489  58.504 0.0000000000
59266  40.993  -33.741  57.967 0.0000000000
44879  33.537  -45.044  61.197 0.0000000000
44898  33.367  -45.017  60.513 0.0000000000
46139  32.565  -44.724  59.247 0.0000000000
46140  32.092  -44.394  58.912 0.0000000000
75172  56.278  -19.430  55.364 0.0000000000
73908  55.056  -19.748  55.002 0.0000000000
47215  25.842  -44.280  69.588 0.0000000000
45965  25.818  -45.067  70.141 0.0000000000
44752  25.640  -45.622  70.193 0.0000000000
44704  25.517  -45.404  73.341 0.0000000000
44721  25.500  -45.583  72.552 0.0000000000
42555  22.168  -46.966  73.417 0.0000000000
48305  31.760  -40.941  73.281 0.0000000000
48323  31.500  -40.917  72.946 0.0000000000
48340  30.242  -40.769  72.310 0.0000000000
50644  26.697  -40.563  72.017 0.0000000000
50643  27.288  -40.413  71.654 0.0000000000
49541  26.597  -41.156  70.359 0.0000000000
49564  25.905  -41.737  69.802 0.0000000000
47216  25.685  -43.380  69.326 0.0000000000
49573  45.006  -40.529  68.826 0.0000000000
50696  45.784  -39.689  68.897 0.0000000000
51712  46.298  -39.085  69.553 0.0000000000
54060  46.046  -37.420  67.548 0.0000000000
54075  45.708  -37.081  67.109 0.0000000000
51814  42.442  -39.380  64.347 0.0000000000
52972  43.036  -38.324  64.473 0.0000000000
52993  42.606  -37.963  63.829 0.0000000000
54117  43.075  -37.326  63.945 0.0000000000
55341  43.130  -36.407  63.332 0.0000000000
54137  42.331  -37.300  62.948 0.0000000000
55365  41.884  -37.039  62.257 0.0000000000
55397  41.146  -36.970  61.246 0.0000000000
54184  40.661  -37.574  61.077 0.0000000000
53047  39.648  -38.570  60.464 0.0000000000
50798  38.655  -39.855  60.865 0.0000000000
50799  38.027  -39.986  60.682 0.0000000000
51881  36.730  -39.515  59.278 0.0000000000
51891  36.522  -39.204  58.515 0.0000000000
51882  35.994  -39.542  59.101 0.0000000000
51883  35.247  -39.684  59.092 0.0000000000
50826  34.071  -39.970  58.823 0.0000000000
49718  27.982  -41.338  59.131 0.0000000000
49735  27.250  -41.042  58.275 0.0000000000
49756  26.424  -40.797  57.280 0.0000000000
76294  51.753  -19.238  58.864 0.0000000000
72710  52.897  -21.481  60.345 0.0000000000
73847  51.923  -21.127  59.670 0.0000000000
43676  22.842  -45.919  67.568 0.0000000000
42622  17.516  -47.152  66.551 0.0000000000
43696  18.103  -46.722  66.587 0.0000000000
42638  16.350  -47.438  64.482 0.0000000000
44715  38.361  -43.647  71.241 0.0000000000
45936  38.856  -43.598  71.139 0.0000000000
44733  38.681  -43.773  70.737 0.0000000000
44732  39.318  -43.639  70.592 0.0000000000
44746  39.845  -43.713  69.910 0.0000000000
44756  40.339  -43.727  69.088 0.0000000000
45983  39.847  -44.051  68.772 0.0000000000
46003  39.498  -44.250  68.229 0.0000000000
44783  39.027  -44.775  66.999 0.0000000000
44798  38.899  -44.832  66.339 0.0000000000
44784  38.310  -45.012  66.704 0.0000000000
44785  37.392  -45.225  66.172 0.0000000000
46019  35.716  -43.788  67.391 0.0000000000
46028  35.387  -43.844  66.327 0.0000000000
46037  35.164  -44.436  65.295 0.0000000000
46048  34.450  -44.554  64.316 0.0000000000
48387  31.681  -42.106  70.488 0.0000000000
48386  32.446  -42.321  70.318 0.0000000000
48403  31.854  -41.904  69.696 0.0000000000
49558  31.720  -41.651  68.950 0.0000000000
48465  29.067  -42.297  65.783 0.0000000000
49614  30.160  -41.696  66.065 0.0000000000
48464  29.867  -42.086  65.518 0.0000000000
48483  30.646  -41.878  65.181 0.0000000000
48507  30.580  -42.140  63.405 0.0000000000
48521  29.455  -41.973  62.540 0.0000000000
48522  28.532  -42.055  62.600 0.0000000000
48523  27.609  -42.162  62.614 0.0000000000
47322  25.195  -42.836  62.608 0.0000000000
47334  24.107  -42.828  61.590 0.0000000000
47350  23.837  -42.627  60.835 0.0000000000
47351  23.056  -42.857  60.637 0.0000000000
69348  53.649  -24.605  61.187 0.0000000000
69331  53.988  -24.460  61.782 0.0000000000
68313  54.056  -24.934  61.295 0.0000000000
42497  22.556  -46.850  76.769 0.0000000000
41376  22.521  -46.839  76.373 0.0000000000
41392  22.070  -47.100  75.941 0.0000000000
42514  16.640  -47.033  76.184 0.0000000000
42526  17.512  -47.340  75.523 0.0000000000
41425  18.210  -48.023  74.761 0.0000000000
41424  18.837  -48.256  74.992 0.0000000000
41442  17.581  -48.862  72.682 0.0000000000
40234  17.340  -49.284  71.960 0.0000000000
40243  16.036  -49.278  70.802 0.0000000000
76290  55.976  -18.047  58.210 0.0000000000
77512  55.725  -17.647  58.829 0.0000000000
78693  54.991  -16.072  61.060 0.0000000000
78640  54.216  -16.618  65.220 0.0000000000
76204  54.742  -19.013  65.048 0.0000000000
75028  54.669  -19.566  65.350 0.0000000000
74997  54.517  -19.370  65.506 0.0000000000
73729  54.131  -19.751  65.666 0.0000000000
75030  52.537  -19.293  65.861 0.0000000000
73776  51.663  -20.259  64.272 0.0000000000
76095  50.056  -17.910  70.155 0.0000000000
76115  50.441  -17.900  69.445 0.0000000000
74965  49.043  -19.572  67.954 0.0000000000
73797  48.912  -20.718  63.599 0.0000000000
71591  47.821  -22.783  61.200 0.0000000000
70465  47.557  -23.747  60.948 0.0000000000
68314  47.474  -25.533  61.377 0.0000000000
68328  47.317  -25.717  60.663 0.0000000000
67260  46.209  -26.497  58.330 0.0000000000
66051  50.469  -27.570  68.543 0.0000000000
66069  50.244  -27.556  67.857 0.0000000000
57822  48.202  -34.132  67.587 0.0000000000
57837  47.720  -33.725  66.884 0.0000000000
59085  47.941  -33.057  66.667 0.0000000000
61493  46.463  -31.940  63.943 0.0000000000
60346  47.008  -31.985  65.021 0.0000000000
63779  48.648  -29.198  65.702 0.0000000000
62636  47.917  -29.703  64.966 0.0000000000
63791  47.894  -29.207  64.390 0.0000000000
64998  48.256  -28.618  64.540 0.0000000000
65010  48.066  -28.212  63.721 0.0000000000
63822  47.038  -29.392  62.358 0.0000000000
63841  46.482  -29.547  61.581 0.0000000000
62700  44.377  -30.739  59.313 0.0000000000
62699  44.801  -30.275  59.531 0.0000000000
63878  44.629  -30.097  59.150 0.0000000000
65079  44.653  -28.659  58.210 0.0000000000
63912  43.743  -29.286  57.515 0.0000000000
65094  43.525  -29.036  57.153 0.0000000000
65107  43.203  -28.619  56.406 0.0000000000
63950  41.511  -29.616  55.156 0.0000000000
60542  40.233  -32.000  55.358 0.0000000000
61663  39.991  -31.620  54.978 0.0000000000
55457  39.159  -36.136  58.042 0.0000000000
56794  35.325  -35.684  54.303 0.0000000000
56793  35.937  -35.247  54.540 0.0000000000
56805  34.999  -35.243  53.657 0.0000000000
46059  36.884  -44.706  63.740 0.0000000000
47304  36.747  -44.342  63.231 0.0000000000
46076  36.197  -44.689  62.713 0.0000000000
46094  36.020  -44.168  62.249 0.0000000000
46161  33.623  -44.494  59.054 0.0000000000
46138  34.122  -44.474  59.660 0.0000000000
47383  33.570  -44.206  58.758 0.0000000000
47365  33.839  -43.757  59.129 0.0000000000
49716  33.475  -41.772  58.806 0.0000000000
48587  33.333  -42.743  58.299 0.0000000000
48605  32.874  -42.346  57.504 0.0000000000
48606  32.529  -42.493  56.723 0.0000000000
48608  29.627  -42.591  56.789 0.0000000000
47406  29.938  -43.368  56.242 0.0000000000
47435  29.833  -43.767  55.592 0.0000000000
46214  30.220  -44.092  55.690 0.0000000000
46263  29.522  -44.670  53.282 0.0000000000
47505  30.596  -43.892  53.261 0.0000000000
48705  30.854  -43.414  53.555 0.0000000000
75156  52.275  -19.655  56.579 0.0000000000
73889  52.226  -20.026  55.762 0.0000000000
71565  56.119  -22.616  62.653 0.0000000000
48358  25.306  -42.689  72.121 0.0000000000
47163  25.309  -43.491  72.542 0.0000000000
44703  25.490  -45.430  74.104 0.0000000000
43617  25.130  -46.030  74.354 0.0000000000
50616  27.323  -39.985  72.726 0.0000000000
47211  42.445  -42.295  69.758 0.0000000000
47210  43.188  -41.776  69.665 0.0000000000
47232  43.442  -41.650  68.804 0.0000000000
48418  43.784  -41.437  68.486 0.0000000000
47253  42.840  -41.880  67.855 0.0000000000
48437  43.894  -41.343  68.065 0.0000000000
48436  44.470  -40.947  68.276 0.0000000000
49589  44.533  -40.724  67.871 0.0000000000
50709  44.671  -40.247  67.562 0.0000000000
50720  44.934  -39.733  67.500 0.0000000000
51777  44.885  -39.154  67.208 0.0000000000
51779  43.751  -39.657  66.038 0.0000000000
51796  43.509  -39.391  65.487 0.0000000000
50733  42.723  -40.747  65.330 0.0000000000
51813  43.020  -39.417  64.864 0.0000000000
51826  41.374  -39.375  63.154 0.0000000000
51840  40.883  -39.431  62.540 0.0000000000
53016  40.376  -39.005  61.611 0.0000000000
50785  39.859  -39.897  61.966 0.0000000000
50775  39.637  -40.419  62.202 0.0000000000
49683  36.563  -41.458  61.466 0.0000000000
49737  25.000  -41.161  58.602 0.0000000000
49779  23.358  -41.482  56.872 0.0000000000
48628  23.158  -41.883  56.124 0.0000000000
47466  22.544  -42.773  55.948 0.0000000000
76271  52.334  -18.518  61.111 0.0000000000
75106  52.088  -19.570  60.924 0.0000000000
72709  53.782  -21.674  60.648 0.0000000000
46098  22.605  -43.916  62.475 0.0000000000
46082  22.302  -44.247  62.606 0.0000000000
44846  22.573  -44.877  63.970 0.0000000000
44848  20.829  -45.229  63.326 0.0000000000
44849  19.799  -45.372  63.104 0.0000000000
44832  19.237  -45.608  63.783 0.0000000000
42613  17.995  -47.021  67.479 0.0000000000
41501  16.187  -48.369  66.137 0.0000000000
40291  16.227  -49.879  67.409 0.0000000000
39116  15.947  -50.504  66.724 0.0000000000
45889  37.058  -43.358  72.515 0.0000000000
45911  37.505  -43.542  71.988 0.0000000000
44716  37.792  -43.648  71.457 0.0000000000
44734  38.064  -43.752  70.926 0.0000000000
44749  37.842  -43.925  70.443 0.0000000000
44758  37.750  -44.160  69.689 0.0000000000
44769  36.458  -44.029  68.436 0.0000000000
46007  36.049  -43.644  68.577 0.0000000000
47257  35.365  -43.331  67.800 0.0000000000
47258  35.166  -43.278  67.324 0.0000000000
48439  34.685  -42.692  67.273 0.0000000000
49561  29.348  -41.253  69.339 0.0000000000
48466  28.378  -42.673  66.202 0.0000000000
47275  28.699  -42.687  65.287 0.0000000000
47296  28.105  -42.882  64.330 0.0000000000
47307  28.054  -42.587  63.651 0.0000000000
47297  27.095  -43.273  64.323 0.0000000000
46051  26.065  -43.874  64.730 0.0000000000
46063  25.867  -43.747  64.285 0.0000000000
47310  24.788  -43.551  63.613 0.0000000000
70463  52.628  -23.366  61.524 0.0000000000
69332  53.340  -24.108  61.404 0.0000000000
42500  16.709  -47.024  77.127 0.0000000000
42528  15.763  -47.472  74.976 0.0000000000
42546  15.769  -47.460  73.937 0.0000000000
41444  15.609  -47.960  72.035 0.0000000000
41435  15.141  -47.735  73.254 0.0000000000
41436  14.428  -48.198  72.769 0.0000000000
40228  13.304  -49.465  72.987 0.0000000000
77416  53.980  -17.601  66.637 0.0000000000
76158  53.706  -17.914  66.829 0.0000000000
76184  53.178  -18.407  66.807 0.0000000000
77386  52.948  -17.132  67.608 0.0000000000
77403  52.830  -17.694  67.445 0.0000000000
74976  52.709  -18.517  66.830 0.0000000000
74977  52.308  -18.510  66.953 0.0000000000
75002  50.938  -18.941  66.481 0.0000000000
73705  48.977  -20.561  69.479 0.0000000000
71508  48.398  -22.558  66.461 0.0000000000
69316  47.932  -25.047  63.183 0.0000000000
66156  47.107  -27.359  60.997 0.0000000000
62612  50.085  -30.251  68.428 0.0000000000
57857  45.320  -34.854  65.080 0.0000000000
57876  45.601  -33.993  64.641 0.0000000000
59127  45.467  -33.839  64.327 0.0000000000
59147  45.663  -33.009  63.896 0.0000000000
59171  44.745  -33.519  62.939 0.0000000000
59170  45.221  -33.104  63.200 0.0000000000
60364  45.544  -32.794  63.426 0.0000000000
60385  45.793  -32.179  63.140 0.0000000000
61512  45.753  -31.637  62.461 0.0000000000
62655  46.341  -30.599  62.401 0.0000000000
61553  44.466  -31.626  60.309 0.0000000000
60451  43.968  -32.181  60.247 0.0000000000
61575  44.019  -31.633  59.692 0.0000000000
62683  44.489  -31.177  59.879 0.0000000000
61595  43.822  -31.316  59.114 0.0000000000
61616  43.071  -31.211  58.091 0.0000000000
62756  42.269  -30.582  56.600 0.0000000000
61641  42.237  -31.190  57.035 0.0000000000
60525  41.215  -32.052  56.390 0.0000000000
60502  41.348  -32.460  56.993 0.0000000000
60526  40.586  -32.481  56.080 0.0000000000
60527  39.827  -32.983  55.843 0.0000000000
59321  38.938  -33.225  55.267 0.0000000000
54242  36.732  -37.190  56.645 0.0000000000
54241  37.189  -36.930  56.711 0.0000000000
55468  36.351  -36.806  56.162 0.0000000000
55477  35.856  -36.629  55.501 0.0000000000
55487  35.362  -36.421  54.922 0.0000000000
55488  34.717  -36.670  54.626 0.0000000000
56795  34.688  -36.098  54.076 0.0000000000
42666  35.076  -46.021  62.460 0.0000000000
43758  35.171  -45.724  62.438 0.0000000000
43759  34.720  -45.600  61.912 0.0000000000
43783  33.867  -45.174  60.174 0.0000000000
43772  33.760  -45.218  60.521 0.0000000000
43784  33.526  -45.093  59.795 0.0000000000
44912  33.590  -44.889  59.447 0.0000000000
44945  32.590  -44.585  57.586 0.0000000000
49835  27.264  -42.222  53.433 0.0000000000
48682  28.618  -43.136  54.041 0.0000000000
48708  27.767  -42.858  53.343 0.0000000000
47507  27.779  -43.472  52.861 0.0000000000
47521  27.977  -43.713  52.692 0.0000000000
46280  27.048  -43.724  51.797 0.0000000000
75188  56.213  -19.691  54.695 0.0000000000
73938  55.806  -19.836  54.362 0.0000000000
75202  56.105  -19.914  53.852 0.0000000000
75203  55.390  -20.155  53.650 0.0000000000
73957  54.987  -20.364  53.578 0.0000000000
73958  54.399  -20.581  53.167 0.0000000000
72757  50.518  -21.593  56.005 0.0000000000
44779  26.266  -44.800  67.536 0.0000000000
44780  25.648  -45.097  67.424 0.0000000000
43661  25.108  -45.604  68.380 0.0000000000
42601  24.596  -45.756  68.802 0.0000000000
42602  24.224  -45.739  69.061 0.0000000000
42603  23.665  -45.837  69.314 0.0000000000
42604  23.163  -46.064  69.557 0.0000000000
45941  25.542  -44.563  71.313 0.0000000000
45940  25.684  -45.118  71.028 0.0000000000
43640  25.529  -45.990  70.609 0.0000000000
42592  23.737  -46.265  69.978 0.0000000000
43654  22.344  -46.160  69.623 0.0000000000
43647  21.834  -46.314  70.114 0.0000000000
43648  21.164  -46.453  70.590 0.0000000000
42585  21.707  -46.519  71.129 0.0000000000
43642  20.651  -46.696  71.027 0.0000000000
43643  20.395  -46.903  71.201 0.0000000000
42578  18.970  -48.336  71.594 0.0000000000
47104  33.794  -41.964  73.610 0.0000000000
47143  34.139  -42.529  72.861 0.0000000000
47160  33.895  -42.626  72.295 0.0000000000
47144  33.138  -42.377  72.687 0.0000000000
47162  32.242  -42.394  71.698 0.0000000000
48338  31.724  -41.505  72.586 0.0000000000
48355  31.588  -42.032  72.002 0.0000000000
48374  31.643  -42.194  71.239 0.0000000000
48388  30.941  -41.803  70.695 0.0000000000
50614  29.584  -40.273  72.957 0.0000000000
49495  29.676  -40.759  71.985 0.0000000000
50642  27.862  -40.451  71.458 0.0000000000
49597  27.174  -41.910  67.542 0.0000000000
48405  26.198  -42.106  68.404 0.0000000000
49598  26.771  -42.145  67.653 0.0000000000
47261  26.843  -42.979  67.589 0.0000000000
47238  26.751  -43.973  67.796 0.0000000000
46022  26.626  -44.485  67.376 0.0000000000
70531  50.409  -23.867  58.713 0.0000000000
69401  50.569  -24.608  57.906 0.0000000000
77356  50.012  -17.434  70.145 0.0000000000
76096  49.524  -18.708  70.517 0.0000000000
71488  49.182  -22.730  68.757 0.0000000000
72575  49.252  -22.139  70.196 0.0000000000
56583  47.596  -35.148  67.614 0.0000000000
56597  46.978  -35.213  67.050 0.0000000000
56598  46.371  -35.307  66.484 0.0000000000
56613  45.966  -35.118  65.925 0.0000000000
52922  44.889  -38.345  66.869 0.0000000000
54076  45.107  -37.347  66.498 0.0000000000
54092  44.765  -37.018  65.844 0.0000000000
55291  45.283  -36.374  66.068 0.0000000000
56614  45.348  -35.474  65.524 0.0000000000
56633  44.983  -35.213  64.924 0.0000000000
57878  44.495  -34.936  64.068 0.0000000000
56662  43.830  -35.015  63.178 0.0000000000
56663  43.304  -35.368  62.681 0.0000000000
56684  43.008  -35.112  61.943 0.0000000000
56717  42.133  -35.143  60.859 0.0000000000
57958  42.080  -34.928  60.540 0.0000000000
56743  41.437  -35.079  59.917 0.0000000000
56744  40.792  -35.474  59.648 0.0000000000
55448  40.068  -36.127  59.317 0.0000000000
55424  40.823  -36.665  60.655 0.0000000000
55439  40.271  -36.542  59.920 0.0000000000
55449  39.520  -36.456  58.715 0.0000000000
55450  38.950  -36.759  58.225 0.0000000000
51866  39.709  -39.087  60.917 0.0000000000
53048  39.183  -38.554  59.947 0.0000000000
51878  38.754  -38.990  59.968 0.0000000000
54212  38.634  -38.101  58.893 0.0000000000
53065  37.894  -38.187  58.191 0.0000000000
53078  36.955  -38.016  57.416 0.0000000000
54232  36.136  -37.991  56.982 0.0000000000
53080  35.588  -38.345  57.201 0.0000000000
53092  34.792  -38.243  56.892 0.0000000000
53093  33.754  -38.471  56.925 0.0000000000
48552  31.191  -42.543  60.352 0.0000000000
48571  31.003  -42.597  59.467 0.0000000000
48572  30.526  -42.393  58.887 0.0000000000
49717  29.009  -41.602  58.841 0.0000000000
49733  29.272  -41.700  57.931 0.0000000000
49753  29.412  -42.032  57.379 0.0000000000
48609  29.093  -42.109  56.471 0.0000000000
49774  28.644  -41.850  56.059 0.0000000000
49791  28.013  -41.635  55.114 0.0000000000
49757  25.273  -40.839  57.410 0.0000000000
50839  25.765  -40.741  57.039 0.0000000000
50853  26.218  -40.679  56.267 0.0000000000
50873  25.343  -40.751  55.673 0.0000000000
49792  27.078  -40.895  55.637 0.0000000000
49810  27.618  -41.817  53.885 0.0000000000
75140  54.882  -18.954  57.059 0.0000000000
76309  52.473  -19.067  57.894 0.0000000000
75120  51.586  -19.725  59.369 0.0000000000
44899  20.807  -44.848  60.673 0.0000000000
43689  24.413  -45.096  66.406 0.0000000000
43709  23.191  -45.595  65.739 0.0000000000
43710  22.389  -45.738  65.849 0.0000000000
44811  21.822  -45.456  65.113 0.0000000000
44812  20.828  -45.517  65.058 0.0000000000
43678  20.776  -46.020  67.794 0.0000000000
43727  19.140  -45.928  64.899 0.0000000000
43738  18.383  -45.968  63.746 0.0000000000
43750  17.959  -45.980  62.747 0.0000000000
45909  39.657  -42.785  71.834 0.0000000000
47174  41.277  -42.311  71.093 0.0000000000
47190  42.164  -42.225  70.357 0.0000000000
45957  41.987  -42.541  69.750 0.0000000000
45982  41.627  -42.834  69.360 0.0000000000
46000  41.693  -42.914  68.531 0.0000000000
44765  40.614  -43.624  68.471 0.0000000000
46001  40.950  -43.409  67.915 0.0000000000
47256  40.909  -43.406  66.871 0.0000000000
47282  40.521  -43.299  65.651 0.0000000000
47290  39.649  -43.457  65.073 0.0000000000
46044  38.938  -43.980  65.047 0.0000000000
46045  38.231  -44.479  64.942 0.0000000000
46035  38.386  -44.764  65.474 0.0000000000
46046  37.479  -44.581  64.291 0.0000000000
44840  36.883  -45.121  64.175 0.0000000000
43735  36.040  -45.808  63.805 0.0000000000
43687  36.897  -45.353  65.716 0.0000000000
46026  36.485  -44.730  66.496 0.0000000000
44786  36.564  -45.096  65.936 0.0000000000
43705  36.532  -45.525  65.269 0.0000000000
42646  35.515  -45.859  63.218 0.0000000000
42657  35.158  -45.989  62.999 0.0000000000
43748  34.750  -45.741  62.647 0.0000000000
44860  33.917  -45.095  62.660 0.0000000000
44824  34.463  -45.125  63.683 0.0000000000
46096  33.465  -44.875  61.671 0.0000000000
47177  34.062  -42.672  71.508 0.0000000000
48385  33.063  -42.432  70.018 0.0000000000
47214  34.141  -42.415  69.614 0.0000000000
48400  34.225  -42.306  69.115 0.0000000000
48440  34.229  -41.982  67.655 0.0000000000
48462  34.075  -42.244  66.416 0.0000000000
49577  31.224  -41.469  68.274 0.0000000000
49593  31.777  -41.372  67.375 0.0000000000
49592  32.798  -41.439  67.426 0.0000000000
49611  33.332  -41.544  66.762 0.0000000000
47294  33.457  -42.998  64.310 0.0000000000
48505  32.471  -42.608  63.524 0.0000000000
47332  32.224  -43.014  61.851 0.0000000000
49702  29.536  -41.653  60.777 0.0000000000
49685  29.439  -41.690  61.288 0.0000000000
49686  28.874  -41.623  61.145 0.0000000000
49704  27.559  -41.258  60.136 0.0000000000
47320  27.036  -42.440  62.865 0.0000000000
48524  26.804  -42.200  62.343 0.0000000000
48538  26.410  -42.002  61.517 0.0000000000
49689  26.290  -41.708  60.809 0.0000000000
49706  25.635  -41.638  60.344 0.0000000000
49739  23.265  -41.863  58.430 0.0000000000
48577  22.672  -42.628  59.355 0.0000000000
48592  22.296  -42.642  58.584 0.0000000000
48593  21.750  -42.984  57.957 0.0000000000
72662  55.669  -21.846  63.683 0.0000000000
71527  55.697  -22.499  63.890 0.0000000000
69315  54.410  -24.323  62.412 0.0000000000
69300  55.633  -24.428  63.337 0.0000000000
68340  52.241  -25.015  59.192 0.0000000000
49450  25.141  -42.006  74.327 0.0000000000
48307  25.022  -43.284  74.769 0.0000000000
45850  25.346  -44.454  74.901 0.0000000000
44694  25.407  -45.499  74.744 0.0000000000
42537  24.731  -46.322  75.036 0.0000000000
44659  24.427  -45.171  76.638 0.0000000000
43597  24.731  -45.790  75.742 0.0000000000
42522  24.211  -46.545  75.394 0.0000000000
42538  24.478  -46.471  74.583 0.0000000000
42540  23.296  -46.699  74.284 0.0000000000
41408  22.317  -47.198  75.131 0.0000000000
42542  21.713  -47.239  74.155 0.0000000000
42556  21.189  -47.299  73.371 0.0000000000
42567  19.641  -48.089  72.471 0.0000000000
41379  20.546  -47.500  77.057 0.0000000000
40198  20.232  -47.641  76.543 0.0000000000
40216  20.112  -48.103  75.278 0.0000000000
40224  19.896  -48.267  74.633 0.0000000000
40218  18.919  -48.587  74.547 0.0000000000
40225  19.389  -48.672  74.119 0.0000000000
41440  19.150  -48.782  72.788 0.0000000000
41448  18.829  -48.753  72.149 0.0000000000
42579  18.554  -48.808  71.215 0.0000000000
41459  17.774  -49.343  70.367 0.0000000000
40264  17.509  -49.709  70.056 0.0000000000
39082  17.154  -50.309  69.892 0.0000000000
39083  16.339  -50.803  69.458 0.0000000000
41451  15.297  -48.587  70.914 0.0000000000
75139  55.845  -18.794  56.845 0.0000000000
77497  55.491  -17.228  59.476 0.0000000000
77500  53.254  -17.606  60.369 0.0000000000
76260  52.485  -18.628  61.936 0.0000000000
75075  52.804  -18.895  62.373 0.0000000000
77464  52.815  -18.008  62.393 0.0000000000
76246  53.030  -18.440  62.693 0.0000000000
79868  54.587  -15.627  62.844 0.0000000000
72624  55.078  -20.947  64.804 0.0000000000
72664  53.535  -21.915  63.962 0.0000000000
72644  53.242  -21.336  64.240 0.0000000000
72683  51.798  -21.588  62.797 0.0000000000
78580  51.306  -16.621  68.885 0.0000000000
76137  50.746  -17.945  68.709 0.0000000000
74980  49.093  -19.570  66.997 0.0000000000
75004  49.155  -19.731  66.355 0.0000000000
73808  49.784  -20.680  62.888 0.0000000000
73809  49.264  -20.695  63.125 0.0000000000
72685  49.994  -20.954  62.338 0.0000000000
70483  49.621  -22.690  59.883 0.0000000000
70508  49.486  -23.023  59.364 0.0000000000
70509  48.440  -23.350  59.138 0.0000000000
69236  49.967  -24.879  68.904 0.0000000000
68252  49.581  -25.740  67.293 0.0000000000
68264  49.162  -25.886  66.423 0.0000000000
57855  46.571  -33.760  65.678 0.0000000000
59105  47.013  -33.252  65.759 0.0000000000
60324  47.841  -32.751  66.350 0.0000000000
60333  48.016  -31.842  66.160 0.0000000000
60322  48.627  -31.772  66.817 0.0000000000
61475  48.836  -31.231  66.879 0.0000000000
62613  49.689  -30.219  67.692 0.0000000000
63765  50.094  -29.387  67.934 0.0000000000
64959  50.011  -28.695  67.574 0.0000000000
64966  49.755  -28.270  67.087 0.0000000000
66090  49.510  -27.610  66.591 0.0000000000
67187  49.073  -26.870  66.022 0.0000000000
66137  48.330  -27.013  63.418 0.0000000000
66128  48.226  -27.471  63.500 0.0000000000
66147  47.514  -27.374  61.919 0.0000000000
66157  46.736  -27.689  60.600 0.0000000000
63859  45.388  -29.984  60.146 0.0000000000
63858  45.791  -29.467  60.448 0.0000000000
65050  46.518  -28.499  60.821 0.0000000000
66170  46.445  -27.545  59.829 0.0000000000
66198  44.703  -27.849  57.705 0.0000000000
62757  41.747  -30.731  56.163 0.0000000000
62780  41.442  -30.345  55.583 0.0000000000
62792  41.136  -29.986  55.024 0.0000000000
62793  40.603  -30.235  54.646 0.0000000000
58037  40.514  -34.220  57.844 0.0000000000
56768  39.118  -35.501  57.544 0.0000000000
58038  39.766  -34.551  57.395 0.0000000000
55475  37.143  -36.106  56.035 0.0000000000
56777  37.549  -35.559  56.044 0.0000000000
58059  36.840  -35.012  55.123 0.0000000000
58058  37.521  -34.701  55.491 0.0000000000
59323  37.429  -34.047  55.091 0.0000000000
48490  39.524  -42.884  64.423 0.0000000000
48516  37.870  -42.363  63.084 0.0000000000
48530  37.447  -42.026  62.528 0.0000000000
44876  35.222  -45.129  61.656 0.0000000000
46095  35.631  -44.293  61.685 0.0000000000
47330  35.517  -43.563  61.302 0.0000000000
47346  34.984  -43.659  60.646 0.0000000000
48550  35.307  -42.733  60.991 0.0000000000
49699  35.921  -41.005  60.885 0.0000000000
50815  34.422  -40.539  59.498 0.0000000000
50827  33.554  -40.557  58.604 0.0000000000
51905  32.881  -40.035  57.506 0.0000000000
51915  32.724  -39.550  56.979 0.0000000000
47385  31.644  -44.115  58.513 0.0000000000
46164  32.064  -44.648  58.258 0.0000000000
44962  32.150  -44.728  57.565 0.0000000000
44961  32.257  -44.651  57.151 0.0000000000
44960  32.359  -44.507  57.022 0.0000000000
47463  28.979  -43.594  54.401 0.0000000000
47462  29.395  -43.886  54.846 0.0000000000
44975  29.878  -44.948  54.450 0.0000000000
44995  29.958  -45.240  53.643 0.0000000000
44985  29.818  -45.200  54.019 0.0000000000
46211  32.086  -44.327  56.254 0.0000000000
47461  32.066  -43.575  55.560 0.0000000000
48625  32.207  -42.624  55.913 0.0000000000
48680  31.128  -42.808  54.043 0.0000000000
48648  31.307  -42.221  54.597 0.0000000000
49788  31.730  -41.691  55.637 0.0000000000
50871  31.416  -40.704  55.358 0.0000000000
51929  31.585  -39.696  55.634 0.0000000000
73909  54.239  -19.967  55.032 0.0000000000
73817  55.235  -21.589  62.027 0.0000000000
72694  55.885  -22.285  62.426 0.0000000000
72695  55.652  -22.122  61.862 0.0000000000
39054  17.300  -50.012  71.071 0.0000000000
39055  17.130  -50.124  71.063 0.0000000000
40188  20.184  -47.531  76.868 0.0000000000
40199  19.767  -47.807  76.263 0.0000000000
40209  20.195  -47.849  75.965 0.0000000000
41377  21.915  -47.237  76.625 0.0000000000
41390  23.203  -46.603  75.787 0.0000000000
41391  22.818  -46.770  75.638 0.0000000000
41394  20.699  -47.587  76.414 0.0000000000
41395  19.719  -47.581  76.661 0.0000000000
41421  22.040  -47.234  74.640 0.0000000000
41432  19.440  -48.657  73.538 0.0000000000
41449  18.509  -49.067  71.644 0.0000000000
41452  14.199  -48.735  70.870 0.0000000000
41458  18.197  -49.187  70.883 0.0000000000
41460  14.719  -48.743  70.399 0.0000000000
41477  16.821  -49.291  68.618 0.0000000000
41485  16.489  -49.231  67.931 0.0000000000
42481  21.131  -47.135  78.046 0.0000000000
42508  24.316  -46.171  76.166 0.0000000000
42510  23.560  -46.588  75.818 0.0000000000
42521  24.519  -46.259  75.594 0.0000000000
42525  22.859  -46.887  74.834 0.0000000000
42539  23.925  -46.692  74.380 0.0000000000
42586  19.644  -47.277  70.829 0.0000000000
42594  18.828  -47.585  70.039 0.0000000000
42645  35.782  -45.878  63.207 0.0000000000
42647  34.984  -45.995  63.210 0.0000000000
42655  35.586  -46.057  63.129 0.0000000000
42656  35.330  -45.947  62.853 0.0000000000
43588  24.404  -45.651  76.391 0.0000000000
43589  24.000  -46.214  76.712 0.0000000000
43627  25.360  -45.760  73.784 0.0000000000
43649  20.064  -46.852  70.704 0.0000000000
43650  19.549  -47.245  70.527 0.0000000000
43662  24.251  -45.601  68.279 0.0000000000
43707  24.145  -44.931  65.907 0.0000000000
43720  37.077  -45.511  65.058 0.0000000000
43725  23.382  -45.194  65.334 0.0000000000
43746  36.146  -45.727  63.293 0.0000000000
43773  33.399  -45.136  59.997 0.0000000000
44670  24.620  -45.108  76.281 0.0000000000
44687  25.216  -45.391  75.344 0.0000000000
44719  36.104  -43.461  71.717 0.0000000000
44738  25.626  -45.577  70.804 0.0000000000
44757  39.740  -43.998  69.370 0.0000000000
44763  41.286  -43.186  69.116 0.0000000000
44778  26.631  -44.534  67.128 0.0000000000
44789  26.117  -44.667  66.813 0.0000000000
44791  24.876  -44.773  66.262 0.0000000000
44801  36.165  -45.390  65.410 0.0000000000
44808  23.977  -44.840  65.559 0.0000000000
44822  35.421  -45.526  64.482 0.0000000000
44841  36.407  -45.414  63.652 0.0000000000
44842  34.687  -45.482  63.467 0.0000000000
44844  23.897  -44.427  64.762 0.0000000000
44859  34.591  -45.602  63.057 0.0000000000
44897  33.723  -45.256  61.045 0.0000000000
44929  33.363  -44.737  58.873 0.0000000000
44974  30.290  -45.025  54.522 0.0000000000
44984  30.321  -45.304  53.979 0.0000000000
44993  30.508  -44.933  53.365 0.0000000000
45832  24.780  -44.757  75.938 0.0000000000
45869  35.890  -43.002  72.994 0.0000000000
45871  25.501  -44.966  74.911 0.0000000000
45890  36.406  -43.313  72.540 0.0000000000
45893  34.946  -42.697  72.632 0.0000000000
45912  36.842  -43.478  72.116 0.0000000000
45958  41.351  -42.757  70.036 0.0000000000
45960  38.994  -44.232  69.456 0.0000000000
45961  38.646  -44.211  69.698 0.0000000000
45986  38.273  -44.303  69.274 0.0000000000
45998  42.978  -41.967  68.636 0.0000000000
45999  42.527  -42.272  68.452 0.0000000000
46005  38.439  -44.410  68.679 0.0000000000
46008  26.816  -44.179  67.453 0.0000000000
46017  39.112  -44.456  67.767 0.0000000000
46047  34.884  -44.967  64.630 0.0000000000
46097  33.109  -44.614  61.139 0.0000000000
46118  21.705  -43.972  61.223 0.0000000000
46163  32.426  -44.736  58.615 0.0000000000
47194  33.022  -42.494  70.446 0.0000000000
47195  25.712  -44.557  70.207 0.0000000000
47209  43.808  -41.295  69.562 0.0000000000
47231  43.845  -41.346  69.267 0.0000000000
47235  41.599  -43.010  67.866 0.0000000000
47236  35.495  -43.271  68.393 0.0000000000
47252  43.387  -41.628  68.315 0.0000000000
47270  41.802  -42.520  66.895 0.0000000000
47283  39.809  -43.767  65.553 0.0000000000
47311  24.076  -43.728  63.618 0.0000000000
47366  33.587  -43.310  58.686 0.0000000000
47369  22.732  -42.769  59.852 0.0000000000
47434  30.224  -43.815  56.094 0.0000000000
47487  31.393  -43.732  54.366 0.0000000000
47488  29.094  -44.087  54.249 0.0000000000
47489  28.726  -43.826  53.842 0.0000000000
47522  27.558  -43.613  52.427 0.0000000000
48287  24.649  -43.554  75.225 0.0000000000
48301  34.039  -41.729  73.868 0.0000000000
48302  33.418  -41.646  73.699 0.0000000000
48304  32.141  -41.134  73.503 0.0000000000
48306  24.917  -43.895  75.218 0.0000000000
48373  32.132  -42.379  70.882 0.0000000000
48399  43.838  -41.178  69.802 0.0000000000
48416  44.881  -40.625  68.979 0.0000000000
48438  43.452  -41.407  67.506 0.0000000000
48444  26.920  -42.444  67.528 0.0000000000
48459  42.280  -42.006  66.483 0.0000000000
48461  34.582  -42.775  66.607 0.0000000000
48478  41.783  -42.275  65.897 0.0000000000
48479  41.172  -42.598  65.522 0.0000000000
48491  33.447  -42.716  64.800 0.0000000000
48558  23.751  -42.449  60.395 0.0000000000
48575  24.124  -42.065  59.969 0.0000000000
48589  29.810  -42.280  57.714 0.0000000000
48651  28.580  -42.229  54.964 0.0000000000
48654  22.914  -42.423  55.863 0.0000000000
49432  32.777  -41.083  74.090 0.0000000000
49446  32.801  -41.296  73.972 0.0000000000
49448  31.518  -40.765  73.604 0.0000000000
49571  45.639  -39.768  69.440 0.0000000000
49574  33.775  -41.723  67.955 0.0000000000
49581  26.684  -41.756  68.001 0.0000000000
49587  45.366  -40.157  68.769 0.0000000000
49588  44.963  -40.486  68.419 0.0000000000
49648  41.079  -41.770  64.335 0.0000000000
49680  39.163  -40.805  62.230 0.0000000000
49722  24.139  -41.795  59.466 0.0000000000
49760  22.721  -41.989  57.676 0.0000000000
50559  32.473  -40.766  74.280 0.0000000000
50695  45.904  -39.566  69.302 0.0000000000
50747  41.767  -40.731  64.263 0.0000000000
50813  36.178  -39.789  59.534 0.0000000000
50837  32.675  -40.606  57.279 0.0000000000
50838  25.955  -40.704  56.810 0.0000000000
50855  24.911  -40.808  56.569 0.0000000000
50870  31.868  -40.664  56.006 0.0000000000
50889  25.949  -40.887  54.659 0.0000000000
50890  25.555  -40.866  54.954 0.0000000000
51711  46.582  -38.602  69.353 0.0000000000
51734  46.642  -38.544  69.116 0.0000000000
51757  46.322  -38.849  68.581 0.0000000000
51825  41.886  -39.349  63.776 0.0000000000
51869  37.847  -39.617  59.971 0.0000000000
52879  46.761  -38.191  68.969 0.0000000000
53068  35.266  -38.904  57.974 0.0000000000
53091  35.313  -38.013  56.681 0.0000000000
53094  33.022  -38.802  56.840 0.0000000000
54183  41.091  -37.556  61.625 0.0000000000
54222  37.764  -37.949  57.921 0.0000000000
55340  43.630  -35.920  63.641 0.0000000000
55342  42.646  -36.908  63.020 0.0000000000
55396  41.739  -36.660  61.737 0.0000000000
55459  38.008  -36.722  57.190 0.0000000000
56650  44.040  -35.386  63.762 0.0000000000
56807  33.731  -35.905  53.216 0.0000000000
57930  43.911  -33.970  61.886 0.0000000000
59070  48.286  -33.179  67.187 0.0000000000
60313  49.491  -31.884  68.039 0.0000000000
60363  46.032  -32.446  63.823 0.0000000000
60431  44.850  -32.137  61.407 0.0000000000
61530  45.789  -31.075  61.926 0.0000000000
62719  43.512  -30.719  58.216 0.0000000000
63778  49.069  -29.194  66.327 0.0000000000
64965  50.106  -28.113  67.565 0.0000000000
67173  50.025  -26.967  67.545 0.0000000000
68290  55.691  -25.002  63.096 0.0000000000
71478  49.639  -23.554  69.898 0.0000000000
71569  50.850  -21.554  62.084 0.0000000000
73891  50.660  -20.946  56.106 0.0000000000
73907  55.417  -19.683  55.012 0.0000000000
78609  52.830  -16.621  67.666 0.0000000000
79764  51.203  -16.236  68.799 0.0000000000
