#!ascii label  , from subject MOT01 vox2ras=TkReg
765
51607  25.448  -40.313  73.649 0.0000000000
75006  44.183  -19.988  66.293 0.0000000000
79774  51.282  -15.822  68.338 0.0000000000
59005  48.912  -32.829  70.483 0.0000000000
52833  33.334  -39.397  71.565 0.0000000000
50594  30.417  -40.329  73.453 0.0000000000
77404  47.383  -17.327  68.419 0.0000000000
72539  48.097  -21.988  71.599 0.0000000000
56488  45.333  -35.751  71.588 0.0000000000
49463  38.281  -41.185  73.348 0.0000000000
78732  56.175  -17.101  58.017 0.0000000000
81045  52.107  -14.781  62.317 0.0000000000
63760  45.696  -29.599  68.460 0.0000000000
68213  46.876  -25.405  70.455 0.0000000000
53998  29.369  -37.945  73.072 0.0000000000
51631  27.159  -39.415  73.161 0.0000000000
76164  45.341  -18.834  67.019 0.0000000000
76098  46.627  -18.788  70.420 0.0000000000
73683  45.906  -20.542  70.266 0.0000000000
48397  44.820  -40.597  69.228 0.0000000000
50556  34.013  -40.551  74.153 0.0000000000
51650  35.290  -40.419  73.123 0.0000000000
47101  36.211  -42.342  73.970 0.0000000000
79951  54.787  -16.085  57.893 0.0000000000
78711  55.502  -16.447  59.657 0.0000000000
79908  54.508  -14.919  60.459 0.0000000000
78630  49.367  -16.431  65.461 0.0000000000
79871  50.307  -16.131  62.732 0.0000000000
79808  51.534  -15.205  65.643 0.0000000000
80985  53.427  -15.097  65.018 0.0000000000
78608  53.282  -16.704  67.344 0.0000000000
57742  47.116  -34.604  71.543 0.0000000000
60292  45.892  -32.696  70.227 0.0000000000
61434  46.941  -31.581  71.037 0.0000000000
66031  46.535  -27.449  69.530 0.0000000000
63731  48.103  -29.356  71.119 0.0000000000
65964  49.112  -27.501  70.889 0.0000000000
61447  49.890  -30.995  69.824 0.0000000000
52781  31.517  -39.013  74.286 0.0000000000
77439  48.208  -17.607  64.489 0.0000000000
78597  48.869  -16.467  68.665 0.0000000000
77358  48.709  -17.677  70.817 0.0000000000
73681  49.078  -20.925  70.835 0.0000000000
51618  41.920  -39.334  72.377 0.0000000000
51664  44.631  -38.740  71.551 0.0000000000
52845  46.425  -38.015  70.489 0.0000000000
55249  47.686  -36.360  69.507 0.0000000000
57821  48.780  -34.051  68.293 0.0000000000
51666  39.464  -39.793  71.974 0.0000000000
48337  40.349  -41.786  72.393 0.0000000000
76289  56.354  -18.005  57.956 0.0000000000
79909  52.295  -15.175  60.151 0.0000000000
81043  53.827  -14.342  62.755 0.0000000000
78651  54.212  -16.585  64.318 0.0000000000
71480  45.447  -22.473  68.824 0.0000000000
70314  47.551  -23.353  71.530 0.0000000000
68199  49.770  -25.569  70.386 0.0000000000
50597  26.001  -40.457  73.407 0.0000000000
51632  26.161  -39.786  73.455 0.0000000000
50617  26.411  -40.390  73.047 0.0000000000
76186  44.626  -19.370  66.319 0.0000000000
74966  45.604  -19.519  69.002 0.0000000000
74981  44.806  -19.955  67.588 0.0000000000
48299  35.653  -41.861  74.278 0.0000000000
79952  53.919  -15.771  58.118 0.0000000000
79937  54.668  -15.629  58.646 0.0000000000
79938  53.738  -15.382  58.802 0.0000000000
79785  50.311  -15.680  67.301 0.0000000000
79809  50.739  -15.591  65.413 0.0000000000
79795  50.934  -15.396  66.467 0.0000000000
79793  52.802  -15.504  66.582 0.0000000000
57764  48.162  -34.385  70.819 0.0000000000
60254  47.116  -33.401  71.461 0.0000000000
60270  48.421  -32.165  71.082 0.0000000000
62583  47.846  -30.406  71.177 0.0000000000
61431  48.781  -31.109  71.057 0.0000000000
62589  49.093  -30.339  70.817 0.0000000000
59004  49.472  -32.430  69.884 0.0000000000
53997  30.031  -38.488  73.289 0.0000000000
51628  30.581  -39.699  73.976 0.0000000000
50573  32.100  -40.444  74.450 0.0000000000
77430  46.583  -18.363  65.683 0.0000000000
77440  47.302  -18.220  64.794 0.0000000000
77429  47.772  -17.443  65.881 0.0000000000
78632  48.403  -16.892  66.231 0.0000000000
78612  48.136  -16.862  68.002 0.0000000000
78583  48.707  -16.718  69.696 0.0000000000
78584  47.922  -17.006  69.944 0.0000000000
74933  47.407  -19.898  71.501 0.0000000000
76062  48.184  -19.350  71.538 0.0000000000
74917  48.649  -20.570  71.292 0.0000000000
72564  49.174  -21.930  70.596 0.0000000000
71459  49.259  -22.773  70.733 0.0000000000
48334  42.507  -40.928  71.999 0.0000000000
51643  43.622  -39.013  72.265 0.0000000000
49493  43.740  -40.080  71.462 0.0000000000
50677  45.716  -39.569  69.750 0.0000000000
54034  47.350  -37.247  69.799 0.0000000000
50610  37.104  -40.949  73.420 0.0000000000
51668  37.672  -40.488  72.198 0.0000000000
51621  39.121  -40.482  72.742 0.0000000000
50586  40.592  -40.309  72.667 0.0000000000
49462  39.083  -41.190  73.051 0.0000000000
78733  55.944  -16.731  57.879 0.0000000000
77511  56.278  -17.699  58.052 0.0000000000
78693  54.991  -16.072  61.060 0.0000000000
79870  50.866  -15.693  62.483 0.0000000000
78682  50.545  -16.242  61.447 0.0000000000
79892  50.891  -15.964  61.613 0.0000000000
79926  51.402  -15.740  60.119 0.0000000000
81064  51.974  -15.008  61.590 0.0000000000
81063  52.758  -14.654  61.511 0.0000000000
81044  52.980  -14.432  62.532 0.0000000000
79805  53.946  -16.371  65.895 0.0000000000
79822  54.042  -15.733  64.654 0.0000000000
55206  44.288  -36.660  71.422 0.0000000000
56528  44.808  -35.496  70.937 0.0000000000
61449  46.081  -31.650  69.848 0.0000000000
60306  45.338  -32.118  68.826 0.0000000000
67120  46.766  -26.407  70.048 0.0000000000
67138  46.386  -26.312  68.557 0.0000000000
68238  46.384  -25.409  68.901 0.0000000000
70382  45.551  -23.476  67.650 0.0000000000
69206  46.564  -24.424  70.120 0.0000000000
70334  46.482  -23.356  70.494 0.0000000000
68201  47.730  -25.329  71.270 0.0000000000
64934  50.035  -28.473  69.953 0.0000000000
67086  49.659  -26.481  70.588 0.0000000000
66030  50.502  -27.561  69.218 0.0000000000
67136  50.419  -26.657  68.910 0.0000000000
53969  28.642  -38.528  73.483 0.0000000000
51630  28.311  -39.481  73.151 0.0000000000
50615  28.525  -39.975  72.628 0.0000000000
50616  27.323  -39.985  72.726 0.0000000000
77406  46.058  -18.346  67.457 0.0000000000
77375  46.950  -18.001  69.777 0.0000000000
76117  46.282  -18.451  69.269 0.0000000000
76099  46.089  -19.298  70.047 0.0000000000
73682  46.446  -20.369  70.980 0.0000000000
51652  33.659  -39.508  73.216 0.0000000000
51672  33.890  -39.642  72.385 0.0000000000
50593  34.623  -40.589  74.028 0.0000000000
50568  36.067  -41.158  74.023 0.0000000000
48297  37.356  -41.802  74.058 0.0000000000
47119  38.792  -42.407  73.060 0.0000000000
45867  37.319  -43.087  73.025 0.0000000000
79936  55.519  -16.212  58.221 0.0000000000
79921  55.257  -15.771  59.259 0.0000000000
79907  54.834  -15.422  60.593 0.0000000000
81073  54.632  -14.993  61.607 0.0000000000
78654  48.934  -17.190  63.767 0.0000000000
79848  50.106  -16.277  63.684 0.0000000000
79847  50.734  -15.661  63.425 0.0000000000
79824  51.460  -15.156  64.339 0.0000000000
81006  52.555  -14.749  64.299 0.0000000000
80969  52.477  -15.073  65.834 0.0000000000
79792  53.503  -16.306  66.743 0.0000000000
56486  46.614  -35.197  71.645 0.0000000000
57720  45.807  -34.966  71.762 0.0000000000
58986  46.301  -33.799  71.522 0.0000000000
60285  46.666  -32.311  70.957 0.0000000000
62597  46.186  -30.517  69.823 0.0000000000
64954  46.018  -28.666  68.854 0.0000000000
63748  46.828  -29.625  70.472 0.0000000000
64917  47.531  -28.535  70.839 0.0000000000
65967  47.776  -27.556  70.936 0.0000000000
67072  47.958  -26.809  71.117 0.0000000000
64890  48.808  -28.442  70.898 0.0000000000
63747  49.758  -29.262  70.081 0.0000000000
62606  50.280  -30.257  69.000 0.0000000000
54023  30.102  -38.143  71.820 0.0000000000
52836  30.793  -38.429  72.205 0.0000000000
52799  32.207  -38.899  73.389 0.0000000000
51603  32.500  -39.554  74.521 0.0000000000
48285  33.046  -41.409  73.836 0.0000000000
78631  48.809  -16.786  65.612 0.0000000000
78610  49.504  -16.043  66.967 0.0000000000
79775  50.522  -15.838  68.307 0.0000000000
78582  49.827  -16.350  69.270 0.0000000000
77356  50.012  -17.434  70.145 0.0000000000
76096  49.524  -18.708  70.517 0.0000000000
77359  47.860  -17.838  70.772 0.0000000000
76077  49.082  -18.828  71.080 0.0000000000
52814  41.688  -38.668  71.439 0.0000000000
53967  42.961  -38.284  72.055 0.0000000000
53978  44.089  -37.602  72.107 0.0000000000
53993  44.806  -37.535  71.758 0.0000000000
49513  44.910  -39.868  70.336 0.0000000000
52829  45.551  -38.106  70.978 0.0000000000
53991  45.933  -37.053  71.403 0.0000000000
55220  47.057  -36.095  71.122 0.0000000000
56526  47.599  -35.489  70.851 0.0000000000
56554  48.610  -34.721  69.732 0.0000000000
57793  48.979  -34.023  69.511 0.0000000000
56568  48.333  -35.205  68.767 0.0000000000
52778  40.818  -39.595  72.482 0.0000000000
49459  41.735  -40.514  72.536 0.0000000000
47157  41.571  -41.697  71.741 0.0000000000
45886  39.443  -42.679  72.253 0.0000000000
47175  40.697  -42.480  71.307 0.0000000000
76305  56.650  -18.227  57.457 0.0000000000
79939  52.735  -15.498  58.735 0.0000000000
81083  53.535  -14.822  60.146 0.0000000000
81074  54.366  -14.663  61.122 0.0000000000
81060  54.647  -14.951  62.344 0.0000000000
81024  53.848  -14.680  63.566 0.0000000000
81023  54.216  -15.159  63.561 0.0000000000
78666  54.279  -16.215  63.263 0.0000000000
59039  45.136  -33.699  69.781 0.0000000000
72613  44.640  -21.799  66.579 0.0000000000
73716  44.565  -20.817  67.333 0.0000000000
72576  45.291  -21.530  69.153 0.0000000000
71461  46.557  -22.366  70.974 0.0000000000
71451  47.821  -22.226  71.576 0.0000000000
68188  48.179  -25.345  71.395 0.0000000000
69174  49.048  -24.398  71.221 0.0000000000
70292  49.060  -23.598  71.188 0.0000000000
69220  49.955  -24.888  69.594 0.0000000000
59036  49.667  -32.565  68.868 0.0000000000
60305  49.735  -31.840  68.615 0.0000000000
50575  25.654  -40.428  73.570 0.0000000000
49449  25.431  -41.099  73.697 0.0000000000
75005  44.562  -19.710  66.916 0.0000000000
74982  44.397  -20.181  66.967 0.0000000000
79953  53.302  -15.627  58.348 0.0000000000
79784  51.158  -15.486  67.485 0.0000000000
79783  51.993  -15.651  67.559 0.0000000000
59006  48.496  -33.554  70.769 0.0000000000
58984  48.229  -33.301  71.106 0.0000000000
58983  48.639  -32.567  70.879 0.0000000000
60269  48.869  -31.947  70.813 0.0000000000
60284  49.222  -31.750  70.556 0.0000000000
51629  29.565  -39.562  73.452 0.0000000000
52783  29.894  -39.039  73.640 0.0000000000
77418  46.739  -17.960  66.783 0.0000000000
77417  47.476  -17.354  67.308 0.0000000000
78598  48.020  -16.846  69.063 0.0000000000
73670  47.554  -20.600  71.581 0.0000000000
73658  48.338  -20.783  71.460 0.0000000000
73645  48.335  -21.294  71.434 0.0000000000
72555  49.082  -21.892  70.953 0.0000000000
72547  49.119  -21.934  71.063 0.0000000000
48353  42.652  -41.128  71.603 0.0000000000
49494  43.113  -40.584  71.722 0.0000000000
48352  43.253  -40.690  71.341 0.0000000000
51623  37.651  -40.946  73.340 0.0000000000
51648  37.348  -40.763  73.099 0.0000000000
51622  38.198  -40.802  73.098 0.0000000000
51647  38.476  -40.484  72.717 0.0000000000
50588  38.655  -40.875  73.050 0.0000000000
78755  56.157  -16.938  57.185 0.0000000000
78731  56.690  -17.285  57.625 0.0000000000
79846  51.444  -15.157  62.974 0.0000000000
79869  51.428  -15.285  62.023 0.0000000000
79891  51.555  -15.447  61.217 0.0000000000
78619  53.969  -16.905  66.497 0.0000000000
78629  54.262  -16.987  65.826 0.0000000000
56489  44.991  -36.239  71.647 0.0000000000
56512  44.740  -36.014  71.260 0.0000000000
56511  45.338  -35.379  71.449 0.0000000000
62603  45.692  -30.721  69.024 0.0000000000
62607  45.378  -30.489  68.075 0.0000000000
67105  47.208  -26.434  70.636 0.0000000000
68225  46.590  -25.383  69.694 0.0000000000
69221  46.264  -24.357  69.187 0.0000000000
69191  46.887  -24.390  70.846 0.0000000000
68202  47.290  -25.393  70.990 0.0000000000
64946  50.345  -28.478  69.452 0.0000000000
66008  50.265  -27.548  69.809 0.0000000000
64953  50.546  -28.494  68.889 0.0000000000
66051  50.469  -27.570  68.543 0.0000000000
53970  27.791  -38.382  73.316 0.0000000000
52785  27.927  -38.907  73.380 0.0000000000
52784  28.923  -38.997  73.437 0.0000000000
51653  27.995  -39.705  72.854 0.0000000000
51654  27.269  -39.770  73.009 0.0000000000
76185  45.228  -18.945  66.082 0.0000000000
76207  45.284  -19.122  65.347 0.0000000000
77419  45.930  -18.529  66.485 0.0000000000
77391  46.220  -18.233  68.230 0.0000000000
76140  45.626  -18.886  68.306 0.0000000000
74955  45.465  -20.082  69.088 0.0000000000
74954  45.797  -19.811  69.702 0.0000000000
50570  34.078  -40.307  74.148 0.0000000000
51625  34.228  -40.098  73.860 0.0000000000
50555  34.483  -40.648  74.006 0.0000000000
49444  35.898  -41.404  74.241 0.0000000000
48298  36.519  -41.862  74.264 0.0000000000
49443  36.747  -41.444  74.090 0.0000000000
47100  37.061  -42.308  73.925 0.0000000000
47121  37.555  -42.643  73.432 0.0000000000
79950  55.265  -16.432  57.778 0.0000000000
79922  54.339  -15.102  59.696 0.0000000000
78641  49.373  -16.557  64.934 0.0000000000
78653  49.468  -16.697  64.090 0.0000000000
79826  49.872  -16.334  64.486 0.0000000000
79825  50.470  -15.865  64.432 0.0000000000
80987  52.151  -14.925  65.192 0.0000000000
79782  52.740  -16.234  67.577 0.0000000000
79781  53.209  -16.412  67.264 0.0000000000
57718  46.517  -34.716  71.692 0.0000000000
58965  46.907  -34.024  71.594 0.0000000000
60272  46.793  -32.969  71.289 0.0000000000
61441  46.531  -31.608  70.612 0.0000000000
62596  46.538  -30.486  70.357 0.0000000000
63749  46.440  -29.643  69.992 0.0000000000
62591  46.897  -30.549  70.783 0.0000000000
63732  47.623  -29.467  71.014 0.0000000000
64892  47.869  -28.474  71.025 0.0000000000
64891  48.305  -28.411  71.028 0.0000000000
63730  48.513  -29.196  71.011 0.0000000000
62588  49.476  -29.868  70.394 0.0000000000
62595  49.817  -30.117  69.944 0.0000000000
62602  50.088  -30.208  69.460 0.0000000000
61455  50.066  -31.044  69.308 0.0000000000
53999  28.522  -37.784  72.668 0.0000000000
54011  29.365  -37.879  72.187 0.0000000000
52801  30.690  -38.852  73.748 0.0000000000
52820  30.745  -38.577  73.093 0.0000000000
52800  31.490  -38.826  73.638 0.0000000000
52819  31.529  -38.687  72.804 0.0000000000
52779  32.647  -39.141  73.722 0.0000000000
52766  32.011  -39.151  74.536 0.0000000000
77428  48.413  -17.200  65.166 0.0000000000
78611  48.882  -16.455  67.546 0.0000000000
78622  48.876  -16.553  66.548 0.0000000000
78596  49.665  -16.069  68.063 0.0000000000
78569  49.207  -17.033  70.264 0.0000000000
77357  49.401  -17.871  70.590 0.0000000000
77374  47.549  -17.567  70.155 0.0000000000
76097  47.281  -18.337  70.807 0.0000000000
74931  48.921  -19.931  71.086 0.0000000000
76078  48.506  -18.854  71.374 0.0000000000
74932  48.696  -19.345  71.332 0.0000000000
74942  49.178  -19.791  70.729 0.0000000000
52795  41.875  -38.788  71.959 0.0000000000
52794  42.658  -38.533  72.180 0.0000000000
52776  42.484  -38.688  72.116 0.0000000000
51665  44.094  -39.116  72.014 0.0000000000
52774  43.494  -38.088  72.153 0.0000000000
51642  44.312  -38.466  71.979 0.0000000000
52792  44.518  -37.845  71.890 0.0000000000
52813  44.797  -37.925  71.686 0.0000000000
48370  44.020  -40.621  70.402 0.0000000000
49557  44.639  -40.426  69.926 0.0000000000
51695  46.132  -38.886  70.123 0.0000000000
51696  45.663  -39.043  70.474 0.0000000000
52828  46.046  -37.928  70.774 0.0000000000
52811  45.877  -37.580  71.065 0.0000000000
54007  46.533  -37.049  71.029 0.0000000000
55204  46.510  -36.281  71.429 0.0000000000
54047  47.426  -36.974  69.199 0.0000000000
55234  47.727  -35.978  70.198 0.0000000000
55233  48.124  -35.562  69.986 0.0000000000
56540  48.315  -35.121  70.127 0.0000000000
55248  48.195  -35.530  69.571 0.0000000000
56567  48.615  -34.800  69.178 0.0000000000
55263  47.683  -36.055  68.709 0.0000000000
51671  34.726  -40.005  72.346 0.0000000000
51670  35.618  -40.321  72.297 0.0000000000
51683  38.855  -40.126  71.304 0.0000000000
51682  39.688  -39.715  71.254 0.0000000000
52816  40.083  -39.371  71.943 0.0000000000
52815  40.840  -38.980  71.794 0.0000000000
52796  40.540  -39.459  72.348 0.0000000000
48318  40.502  -41.178  72.667 0.0000000000
49460  41.030  -40.776  72.673 0.0000000000
48335  41.812  -41.257  72.155 0.0000000000
47138  41.323  -41.567  72.116 0.0000000000
47141  39.199  -42.450  72.712 0.0000000000
45933  41.014  -42.693  70.632 0.0000000000
77529  56.936  -18.102  57.775 0.0000000000
76306  55.492  -18.492  57.766 0.0000000000
78668  49.617  -16.773  63.002 0.0000000000
77465  49.249  -17.214  62.108 0.0000000000
78683  50.091  -16.434  61.716 0.0000000000
79910  51.712  -15.473  60.447 0.0000000000
78712  51.468  -15.782  59.341 0.0000000000
79925  51.757  -15.569  59.624 0.0000000000
79940  52.165  -15.494  59.115 0.0000000000
79924  52.501  -15.260  59.478 0.0000000000
81084  52.881  -14.964  59.930 0.0000000000
81062  53.693  -14.404  61.813 0.0000000000
81075  53.579  -14.543  60.904 0.0000000000
81061  54.334  -14.602  62.102 0.0000000000
81042  54.394  -14.654  62.916 0.0000000000
81005  53.302  -14.795  64.294 0.0000000000
81003  53.979  -15.354  64.135 0.0000000000
79845  54.320  -15.716  63.623 0.0000000000
59007  45.527  -34.154  71.027 0.0000000000
59023  45.212  -34.223  70.616 0.0000000000
59022  45.600  -33.493  70.492 0.0000000000
64948  46.378  -28.669  69.612 0.0000000000
68239  46.116  -25.300  68.083 0.0000000000
70369  45.682  -23.276  68.457 0.0000000000
71501  45.306  -22.901  67.403 0.0000000000
71490  45.228  -22.502  67.907 0.0000000000
72600  44.784  -21.624  67.173 0.0000000000
72589  44.884  -21.529  67.885 0.0000000000
72577  44.974  -21.236  68.537 0.0000000000
72588  45.077  -21.875  68.492 0.0000000000
70315  46.974  -23.365  71.180 0.0000000000
71471  46.083  -22.320  70.320 0.0000000000
71460  47.141  -22.353  71.407 0.0000000000
65965  48.581  -27.460  71.049 0.0000000000
67071  48.338  -26.444  71.229 0.0000000000
67070  48.943  -26.469  71.189 0.0000000000
68185  49.545  -25.898  70.758 0.0000000000
68186  49.272  -25.493  71.050 0.0000000000
68200  49.516  -25.211  70.711 0.0000000000
69188  49.566  -24.525  70.527 0.0000000000
70312  49.496  -23.932  70.563 0.0000000000
69205  49.798  -24.763  70.092 0.0000000000
68237  50.190  -25.832  68.620 0.0000000000
57807  48.996  -34.016  68.904 0.0000000000
59037  49.395  -33.283  69.178 0.0000000000
52786  26.830  -38.906  73.181 0.0000000000
51655  26.597  -39.955  73.253 0.0000000000
76208  44.708  -19.339  65.481 0.0000000000
76165  44.976  -19.325  67.361 0.0000000000
74967  45.205  -19.849  68.424 0.0000000000
48283  34.051  -41.367  74.025 0.0000000000
49429  34.580  -41.071  74.178 0.0000000000
47103  34.554  -42.176  73.811 0.0000000000
47102  35.355  -42.328  73.957 0.0000000000
79796  50.124  -15.822  66.255 0.0000000000
79810  49.902  -16.132  65.288 0.0000000000
80970  52.009  -15.048  65.822 0.0000000000
79794  51.852  -15.214  66.533 0.0000000000
57741  47.589  -34.405  71.291 0.0000000000
58985  47.423  -33.730  71.409 0.0000000000
60271  47.660  -32.644  71.307 0.0000000000
61433  47.443  -31.577  71.206 0.0000000000
62584  47.316  -30.515  71.037 0.0000000000
61432  48.144  -31.356  71.231 0.0000000000
62582  48.522  -30.201  71.085 0.0000000000
62590  48.842  -30.151  70.964 0.0000000000
61440  49.145  -31.223  70.790 0.0000000000
60283  49.543  -31.801  70.153 0.0000000000
60291  49.769  -31.770  69.589 0.0000000000
53982  30.073  -38.749  73.545 0.0000000000
52802  30.226  -38.906  73.708 0.0000000000
52782  30.910  -39.163  74.297 0.0000000000
52767  31.745  -39.249  74.603 0.0000000000
51605  31.380  -39.770  74.449 0.0000000000
77441  46.565  -18.648  64.821 0.0000000000
78623  48.249  -16.912  66.919 0.0000000000
78570  48.389  -17.202  70.388 0.0000000000
76080  46.873  -19.180  71.061 0.0000000000
76079  47.556  -18.929  71.314 0.0000000000
74919  47.859  -19.870  71.620 0.0000000000
74918  48.397  -19.959  71.460 0.0000000000
71470  49.385  -22.826  70.341 0.0000000000
71469  49.579  -23.497  70.121 0.0000000000
50609  42.160  -40.097  72.495 0.0000000000
51644  42.956  -39.133  72.487 0.0000000000
50608  42.861  -39.788  72.350 0.0000000000
50607  43.557  -39.691  72.067 0.0000000000
50628  44.030  -39.566  71.732 0.0000000000
49556  45.110  -40.186  69.645 0.0000000000
51694  46.512  -38.547  69.760 0.0000000000
52844  46.743  -38.006  70.071 0.0000000000
52860  46.806  -38.056  69.538 0.0000000000
54035  47.074  -37.681  69.249 0.0000000000
51649  36.264  -40.673  72.989 0.0000000000
51669  36.609  -40.520  72.261 0.0000000000
51685  36.918  -40.434  71.309 0.0000000000
51684  37.956  -40.433  71.305 0.0000000000
51667  38.683  -40.214  72.078 0.0000000000
51646  39.586  -39.955  72.506 0.0000000000
51645  40.107  -39.767  72.490 0.0000000000
50587  39.594  -40.601  72.736 0.0000000000
49461  40.107  -40.919  72.752 0.0000000000
48319  39.863  -41.585  72.719 0.0000000000
77510  56.758  -17.520  57.684 0.0000000000
79893  50.535  -16.075  62.150 0.0000000000
78696  50.652  -16.238  60.954 0.0000000000
79911  51.214  -15.858  60.686 0.0000000000
79890  52.176  -15.084  60.912 0.0000000000
81076  52.853  -14.802  60.571 0.0000000000
79806  53.550  -15.604  65.677 0.0000000000
79823  53.728  -15.364  64.930 0.0000000000
78640  54.216  -16.618  65.220 0.0000000000
55207  43.902  -36.809  71.286 0.0000000000
60298  45.481  -32.606  69.420 0.0000000000
61456  45.581  -31.720  69.091 0.0000000000
61462  45.240  -31.529  68.325 0.0000000000
66052  46.514  -26.908  68.966 0.0000000000
67137  46.551  -26.314  69.296 0.0000000000
69238  46.196  -24.814  68.616 0.0000000000
70394  45.484  -23.818  66.988 0.0000000000
69239  45.958  -24.202  68.310 0.0000000000
69222  45.949  -23.775  68.803 0.0000000000
70353  45.893  -23.272  69.244 0.0000000000
70335  46.053  -22.996  69.929 0.0000000000
70352  46.251  -23.676  69.818 0.0000000000
69190  47.379  -24.366  71.300 0.0000000000
65985  49.393  -27.635  70.657 0.0000000000
67087  49.469  -27.121  70.698 0.0000000000
65984  49.763  -27.590  70.375 0.0000000000
67104  50.073  -26.568  70.137 0.0000000000
67119  50.321  -26.620  69.539 0.0000000000
68212  50.092  -25.673  69.853 0.0000000000
53984  28.566  -38.021  73.382 0.0000000000
50595  29.160  -39.896  73.111 0.0000000000
50596  28.498  -39.778  72.986 0.0000000000
77431  45.780  -18.778  65.769 0.0000000000
77405  46.738  -17.835  67.844 0.0000000000
77390  46.710  -17.922  68.812 0.0000000000
76118  45.942  -19.074  69.491 0.0000000000
74934  46.960  -19.703  71.272 0.0000000000
73671  47.032  -20.545  71.459 0.0000000000
72548  47.708  -21.272  71.582 0.0000000000
47189  43.031  -41.571  70.586 0.0000000000
52817  33.104  -39.232  72.443 0.0000000000
51651  34.446  -39.961  73.125 0.0000000000
50592  35.275  -40.736  73.813 0.0000000000
50569  35.043  -40.904  74.116 0.0000000000
50612  35.989  -40.842  73.467 0.0000000000
50591  36.392  -41.036  73.784 0.0000000000
50566  37.366  -41.233  73.662 0.0000000000
49442  37.594  -41.393  73.706 0.0000000000
49441  38.365  -41.463  73.435 0.0000000000
47099  37.802  -42.210  73.708 0.0000000000
45866  38.081  -42.872  72.967 0.0000000000
45888  37.910  -43.281  72.486 0.0000000000
79935  55.817  -16.660  58.218 0.0000000000
78710  55.772  -16.819  58.793 0.0000000000
79920  55.672  -16.512  58.696 0.0000000000
79888  54.778  -15.482  61.787 0.0000000000
78669  48.993  -17.373  62.951 0.0000000000
81026  52.270  -14.691  63.325 0.0000000000
80986  52.874  -14.819  65.098 0.0000000000
79807  53.073  -15.146  65.681 0.0000000000
79791  53.818  -16.536  66.405 0.0000000000
56487  46.024  -35.580  71.755 0.0000000000
57719  46.006  -34.858  71.764 0.0000000000
58967  46.127  -34.309  71.754 0.0000000000
60273  46.298  -33.497  71.340 0.0000000000
60255  46.822  -33.619  71.532 0.0000000000
61442  46.245  -32.259  70.445 0.0000000000
61448  46.338  -31.041  70.211 0.0000000000
63755  46.022  -29.628  69.328 0.0000000000
64936  46.710  -28.958  70.158 0.0000000000
63743  47.233  -29.546  70.807 0.0000000000
64935  47.096  -28.566  70.525 0.0000000000
66009  46.973  -27.444  70.317 0.0000000000
65986  47.438  -27.514  70.728 0.0000000000
67089  47.657  -26.443  71.007 0.0000000000
65966  48.112  -27.524  71.073 0.0000000000
64889  49.042  -28.102  70.827 0.0000000000
63742  48.841  -29.536  70.901 0.0000000000
64916  49.010  -28.941  70.814 0.0000000000
64915  49.259  -28.364  70.659 0.0000000000
63754  50.068  -29.338  69.640 0.0000000000
63759  50.346  -29.383  69.194 0.0000000000
52834  32.524  -38.997  71.641 0.0000000000
54010  30.076  -38.155  72.660 0.0000000000
52835  31.623  -38.709  71.821 0.0000000000
52818  32.324  -38.882  72.563 0.0000000000
52798  32.876  -39.131  73.244 0.0000000000
51602  33.278  -39.791  74.362 0.0000000000
50571  33.358  -40.103  74.456 0.0000000000
50572  32.692  -40.139  74.554 0.0000000000
50558  32.808  -40.662  74.326 0.0000000000
49431  33.435  -41.022  74.139 0.0000000000
78642  48.868  -16.995  64.676 0.0000000000
78621  49.420  -16.278  66.020 0.0000000000
79764  51.203  -16.236  68.799 0.0000000000
79765  50.728  -16.089  68.901 0.0000000000
78581  50.612  -16.534  69.293 0.0000000000
78568  50.004  -16.982  70.001 0.0000000000
77389  47.404  -17.402  69.391 0.0000000000
78571  47.931  -17.345  70.363 0.0000000000
77347  48.351  -18.252  71.168 0.0000000000
77346  48.885  -18.258  71.053 0.0000000000
77345  49.100  -18.276  70.944 0.0000000000
53981  42.417  -38.356  71.582 0.0000000000
53980  42.895  -38.163  71.800 0.0000000000
52775  43.028  -38.348  72.211 0.0000000000
53965  43.340  -37.973  72.001 0.0000000000
53979  43.515  -37.743  71.820 0.0000000000
55191  44.277  -36.975  71.794 0.0000000000
55190  45.074  -36.803  71.941 0.0000000000
55189  45.281  -36.520  71.693 0.0000000000
48371  43.463  -40.848  70.820 0.0000000000
49492  44.188  -39.869  71.107 0.0000000000
50641  44.699  -39.396  70.949 0.0000000000
50658  45.492  -39.504  70.156 0.0000000000
50640  45.097  -39.432  70.571 0.0000000000
51663  45.114  -38.460  71.108 0.0000000000
52812  45.305  -37.851  71.325 0.0000000000
53992  45.235  -37.167  71.661 0.0000000000
55205  45.932  -36.383  71.658 0.0000000000
56510  46.428  -35.750  71.619 0.0000000000
56509  47.049  -35.370  71.460 0.0000000000
54019  47.040  -37.151  70.576 0.0000000000
55219  47.277  -36.274  70.746 0.0000000000
56508  47.577  -35.045  71.188 0.0000000000
57779  48.328  -34.679  70.442 0.0000000000
57778  48.712  -34.096  70.228 0.0000000000
59021  49.220  -33.187  69.788 0.0000000000
56581  48.611  -34.621  68.685 0.0000000000
56582  48.183  -35.009  68.233 0.0000000000
55275  47.631  -35.642  68.038 0.0000000000
51688  34.132  -39.777  71.521 0.0000000000
51686  35.899  -40.301  71.391 0.0000000000
52777  41.449  -39.270  72.301 0.0000000000
51620  40.183  -39.966  72.586 0.0000000000
51619  41.083  -39.718  72.554 0.0000000000
50585  41.553  -40.019  72.606 0.0000000000
49476  42.262  -40.598  72.310 0.0000000000
48354  42.144  -41.292  71.882 0.0000000000
47156  42.203  -41.421  71.632 0.0000000000
48320  38.887  -41.829  73.299 0.0000000000
47118  39.319  -42.144  72.864 0.0000000000
47159  39.944  -42.481  71.948 0.0000000000
47139  40.765  -41.853  72.119 0.0000000000
47174  41.277  -42.311  71.093 0.0000000000
50576  25.163  -40.864  73.850 0.0000000000
76323  56.596  -18.711  56.514 0.0000000000
79923  53.297  -15.094  59.433 0.0000000000
81082  54.125  -14.736  60.447 0.0000000000
79867  54.729  -15.257  62.578 0.0000000000
81025  53.169  -14.498  63.480 0.0000000000
81004  53.758  -15.174  64.284 0.0000000000
81022  54.545  -15.028  63.238 0.0000000000
79844  54.587  -15.243  63.138 0.0000000000
73734  43.886  -20.642  65.833 0.0000000000
57743  45.386  -34.938  71.321 0.0000000000
57766  45.020  -34.864  70.846 0.0000000000
70383  45.333  -23.204  67.078 0.0000000000
72614  44.166  -21.415  66.122 0.0000000000
73717  44.189  -20.688  66.588 0.0000000000
73707  44.889  -20.645  68.125 0.0000000000
73696  45.156  -20.645  68.841 0.0000000000
73695  45.523  -20.662  69.518 0.0000000000
71472  45.720  -22.342  69.594 0.0000000000
72566  45.722  -21.463  69.968 0.0000000000
72565  46.175  -21.404  70.702 0.0000000000
72557  46.721  -21.404  71.275 0.0000000000
72556  47.038  -21.410  71.438 0.0000000000
67088  47.961  -26.079  71.254 0.0000000000
69176  47.893  -24.377  71.547 0.0000000000
67069  49.380  -26.452  70.882 0.0000000000
68187  48.724  -25.426  71.325 0.0000000000
69175  48.466  -24.414  71.478 0.0000000000
70294  48.164  -23.432  71.608 0.0000000000
70293  48.725  -23.543  71.414 0.0000000000
71449  48.991  -22.788  71.181 0.0000000000
71458  49.450  -23.471  70.471 0.0000000000
70350  49.751  -24.078  69.909 0.0000000000
68224  50.249  -25.740  69.255 0.0000000000
59020  49.601  -32.501  69.394 0.0000000000
60297  49.848  -31.807  69.106 0.0000000000
59069  49.036  -33.127  67.751 0.0000000000
59052  49.540  -32.560  68.297 0.0000000000
61461  50.032  -31.073  68.814 0.0000000000
45865  38.501  -42.666  72.959 0.0000000000
45887  38.905  -42.841  72.530 0.0000000000
45908  40.123  -42.617  71.540 0.0000000000
45934  40.347  -42.757  71.119 0.0000000000
47098  38.381  -42.164  73.470 0.0000000000
47120  38.206  -42.510  73.290 0.0000000000
47140  39.789  -42.315  72.325 0.0000000000
47158  40.461  -42.362  71.678 0.0000000000
47173  42.375  -41.618  71.171 0.0000000000
48282  34.371  -41.303  74.118 0.0000000000
48284  33.570  -41.269  74.007 0.0000000000
48296  38.091  -41.785  73.706 0.0000000000
48300  34.728  -41.694  74.162 0.0000000000
48336  40.940  -41.397  72.428 0.0000000000
48372  42.943  -41.148  71.205 0.0000000000
48383  44.180  -40.769  70.023 0.0000000000
48417  44.386  -41.054  68.787 0.0000000000
49430  33.983  -41.007  74.146 0.0000000000
49445  35.198  -41.381  74.263 0.0000000000
49474  43.515  -40.095  71.814 0.0000000000
49475  43.008  -40.344  72.077 0.0000000000
49477  41.600  -40.966  72.465 0.0000000000
49514  44.348  -40.085  70.712 0.0000000000
49515  43.761  -40.288  71.098 0.0000000000
49535  45.010  -40.007  70.023 0.0000000000
49536  44.534  -40.305  70.241 0.0000000000
49555  45.461  -39.916  69.519 0.0000000000
49572  45.364  -40.153  69.191 0.0000000000
50557  33.401  -40.549  74.302 0.0000000000
50567  36.907  -41.250  73.858 0.0000000000
50584  42.339  -39.515  72.450 0.0000000000
50589  37.841  -41.079  73.418 0.0000000000
50590  37.201  -41.075  73.593 0.0000000000
50611  36.742  -40.927  73.446 0.0000000000
50627  44.377  -39.443  71.346 0.0000000000
50657  45.818  -39.336  70.019 0.0000000000
50678  45.350  -39.814  69.897 0.0000000000
51601  33.722  -39.880  74.220 0.0000000000
51604  31.971  -39.702  74.646 0.0000000000
51606  25.661  -40.091  73.601 0.0000000000
51616  43.273  -38.560  72.326 0.0000000000
51617  42.658  -38.890  72.384 0.0000000000
51624  34.785  -40.338  73.527 0.0000000000
51626  33.200  -39.479  73.957 0.0000000000
51627  32.799  -39.490  74.301 0.0000000000
51678  45.967  -38.539  70.559 0.0000000000
51679  45.381  -38.726  70.801 0.0000000000
51680  44.806  -38.926  71.112 0.0000000000
52768  31.517  -39.388  74.547 0.0000000000
52780  32.304  -39.126  74.134 0.0000000000
52793  44.021  -38.091  72.154 0.0000000000
52797  39.914  -39.597  72.305 0.0000000000
52861  46.818  -38.055  69.252 0.0000000000
52878  46.713  -38.296  69.244 0.0000000000
53966  43.141  -38.143  72.083 0.0000000000
53976  45.080  -36.971  71.789 0.0000000000
53977  44.682  -37.266  71.797 0.0000000000
54006  47.004  -36.657  70.905 0.0000000000
54020  46.536  -37.547  70.734 0.0000000000
55192  43.992  -37.115  71.621 0.0000000000
55262  48.283  -35.431  69.052 0.0000000000
56527  47.330  -35.508  71.191 0.0000000000
56541  48.059  -35.138  70.522 0.0000000000
57744  45.068  -35.215  71.104 0.0000000000
57763  48.588  -33.708  70.593 0.0000000000
57765  45.192  -34.722  71.031 0.0000000000
57780  44.808  -34.597  70.263 0.0000000000
58966  46.477  -34.049  71.607 0.0000000000
58987  45.924  -34.089  71.476 0.0000000000
59008  45.195  -34.498  70.815 0.0000000000
59038  45.569  -33.139  69.996 0.0000000000
59053  49.358  -33.310  68.544 0.0000000000
60286  46.204  -33.039  70.903 0.0000000000
61439  49.524  -30.888  70.404 0.0000000000
62581  48.845  -30.456  71.018 0.0000000000
63740  49.463  -29.101  70.421 0.0000000000
63741  49.175  -29.374  70.682 0.0000000000
64914  49.669  -28.564  70.298 0.0000000000
64947  46.751  -28.233  70.062 0.0000000000
66032  46.256  -28.073  69.151 0.0000000000
67068  49.534  -26.263  70.768 0.0000000000
69189  49.378  -24.657  70.869 0.0000000000
70313  49.337  -23.750  70.847 0.0000000000
70333  49.619  -24.015  70.297 0.0000000000
70367  49.838  -24.277  69.486 0.0000000000
71441  48.643  -22.235  71.348 0.0000000000
71442  48.246  -22.081  71.501 0.0000000000
71443  47.868  -22.088  71.564 0.0000000000
71450  48.456  -22.710  71.493 0.0000000000
71491  44.967  -22.027  67.495 0.0000000000
71502  45.070  -22.450  66.975 0.0000000000
72538  48.490  -21.691  71.370 0.0000000000
72540  47.926  -21.466  71.577 0.0000000000
72601  44.426  -21.262  66.782 0.0000000000
73644  48.568  -21.455  71.299 0.0000000000
73646  48.003  -21.122  71.814 0.0000000000
73657  48.767  -21.039  71.199 0.0000000000
73659  47.994  -20.700  71.624 0.0000000000
73669  49.147  -21.004  70.852 0.0000000000
74943  46.578  -19.508  70.883 0.0000000000
74944  46.192  -19.683  70.425 0.0000000000
76061  48.460  -19.332  71.430 0.0000000000
76139  46.178  -18.349  68.663 0.0000000000
76141  45.130  -19.465  67.926 0.0000000000
77360  47.236  -18.066  70.441 0.0000000000
78620  53.659  -16.756  66.948 0.0000000000
81041  54.673  -14.971  62.989 0.0000000000
