#!ascii label  , from subject MOT01 vox2ras=TkReg
1125
60198  12.323  -32.145  77.683 0.0000000000
50730  5.384  -40.391  66.217 0.0000000000
57632  5.332  -35.517  77.619 0.0000000000
63719  2.246  -30.168  75.045 0.0000000000
67150  6.398  -26.478  69.169 0.0000000000
60239  7.236  -32.275  75.222 0.0000000000
62528  4.706  -30.126  77.652 0.0000000000
60193  16.729  -32.355  77.126 0.0000000000
58979  11.339  -33.398  72.982 0.0000000000
55103  8.159  -36.927  78.496 0.0000000000
68121  6.635  -26.147  78.245 0.0000000000
66006  2.454  -28.019  71.240 0.0000000000
69162  10.039  -25.312  74.588 0.0000000000
50546  4.634  -40.867  77.363 0.0000000000
55186  5.228  -36.770  74.185 0.0000000000
58924  2.818  -33.192  76.516 0.0000000000
65898  4.241  -27.927  80.050 0.0000000000
57792  6.505  -33.927  70.989 0.0000000000
60331  4.480  -31.959  66.463 0.0000000000
63836  2.702  -29.890  62.867 0.0000000000
66080  10.035  -27.080  67.299 0.0000000000
62569  10.087  -30.593  75.178 0.0000000000
62542  8.408  -29.960  76.637 0.0000000000
60195  14.703  -32.356  77.548 0.0000000000
61423  14.287  -31.797  73.597 0.0000000000
61415  12.390  -31.437  74.298 0.0000000000
58961  9.369  -33.054  74.354 0.0000000000
68144  8.044  -25.754  76.839 0.0000000000
53922  5.535  -37.991  77.776 0.0000000000
55137  3.948  -36.231  76.493 0.0000000000
57649  4.129  -35.189  77.380 0.0000000000
63623  7.021  -29.152  80.559 0.0000000000
63647  4.736  -29.197  79.602 0.0000000000
56351  6.984  -36.844  78.444 0.0000000000
52722  6.603  -39.921  80.313 0.0000000000
52737  5.753  -39.136  79.203 0.0000000000
50535  4.681  -41.030  78.956 0.0000000000
57740  3.021  -33.970  73.832 0.0000000000
55217  5.733  -36.100  72.512 0.0000000000
59019  3.540  -32.456  72.766 0.0000000000
67116  4.642  -26.604  70.742 0.0000000000
62605  2.642  -29.597  69.136 0.0000000000
64964  2.432  -28.958  67.194 0.0000000000
62634  3.000  -30.443  65.328 0.0000000000
64994  4.285  -28.441  65.801 0.0000000000
57659  6.054  -34.588  77.118 0.0000000000
60225  4.626  -32.506  76.549 0.0000000000
62559  5.588  -31.160  75.940 0.0000000000
62512  7.759  -29.720  78.782 0.0000000000
58932  20.212  -33.249  76.308 0.0000000000
56436  18.819  -35.596  74.697 0.0000000000
60259  17.283  -32.896  73.572 0.0000000000
57755  13.961  -34.202  72.578 0.0000000000
57675  9.471  -35.214  75.960 0.0000000000
57677  7.820  -34.576  76.344 0.0000000000
67038  3.831  -26.961  76.732 0.0000000000
64912  2.685  -28.674  73.403 0.0000000000
68159  5.338  -26.304  75.115 0.0000000000
67081  6.584  -26.485  73.265 0.0000000000
68209  8.582  -25.974  71.738 0.0000000000
58875  14.509  -32.870  80.346 0.0000000000
53926  22.449  -35.088  77.187 0.0000000000
57626  22.918  -33.637  79.452 0.0000000000
58885  19.453  -32.326  79.165 0.0000000000
58888  16.206  -32.938  79.691 0.0000000000
50565  3.290  -41.801  76.272 0.0000000000
51639  3.942  -40.001  74.174 0.0000000000
52764  5.118  -38.610  75.775 0.0000000000
56465  3.379  -35.119  75.235 0.0000000000
61406  2.403  -31.840  75.885 0.0000000000
61370  3.564  -31.391  76.889 0.0000000000
62516  3.059  -30.145  77.819 0.0000000000
64802  2.531  -28.860  77.307 0.0000000000
67012  5.232  -26.416  79.054 0.0000000000
52842  4.825  -39.351  72.188 0.0000000000
54046  6.132  -38.473  70.840 0.0000000000
54058  7.442  -37.510  68.528 0.0000000000
61445  3.953  -30.702  70.970 0.0000000000
59067  5.294  -32.355  68.820 0.0000000000
57872  6.794  -35.464  65.928 0.0000000000
57893  4.697  -34.414  64.688 0.0000000000
59186  3.816  -33.612  62.755 0.0000000000
70291  11.914  -24.036  73.433 0.0000000000
69218  9.740  -25.202  70.630 0.0000000000
69233  11.248  -24.352  69.213 0.0000000000
67168  8.277  -26.591  68.435 0.0000000000
63785  6.488  -29.398  65.034 0.0000000000
61401  10.792  -31.287  76.461 0.0000000000
61385  10.554  -31.254  77.084 0.0000000000
60186  11.336  -31.617  78.592 0.0000000000
60197  13.061  -32.232  77.559 0.0000000000
60236  13.404  -31.918  75.518 0.0000000000
61383  11.692  -31.778  76.170 0.0000000000
61416  11.097  -31.115  74.667 0.0000000000
49628  4.240  -41.328  65.337 0.0000000000
51807  4.949  -39.301  65.314 0.0000000000
55105  5.414  -37.186  77.798 0.0000000000
57634  4.563  -35.647  77.446 0.0000000000
57633  5.031  -35.470  77.561 0.0000000000
52761  19.936  -36.279  75.139 0.0000000000
56372  5.920  -36.215  77.991 0.0000000000
55092  6.282  -37.641  78.578 0.0000000000
55093  5.873  -37.528  78.167 0.0000000000
53921  5.778  -38.379  78.413 0.0000000000
60268  2.833  -32.470  74.093 0.0000000000
57762  3.255  -33.583  73.532 0.0000000000
61430  2.692  -31.785  73.781 0.0000000000
67133  5.543  -26.415  69.961 0.0000000000
67153  3.508  -27.412  68.531 0.0000000000
66066  3.709  -27.544  67.926 0.0000000000
66108  3.378  -28.183  66.608 0.0000000000
66085  4.727  -27.653  67.356 0.0000000000
60222  6.781  -32.839  75.705 0.0000000000
60223  5.921  -32.610  75.899 0.0000000000
61403  6.137  -31.699  75.601 0.0000000000
63681  7.730  -29.815  77.827 0.0000000000
63601  8.417  -29.670  81.342 0.0000000000
60191  18.714  -32.288  76.985 0.0000000000
60231  18.732  -32.734  75.165 0.0000000000
60232  17.648  -32.368  75.163 0.0000000000
61436  12.685  -31.979  72.662 0.0000000000
60278  14.287  -32.653  72.687 0.0000000000
57757  12.345  -33.895  72.741 0.0000000000
57714  10.030  -34.023  74.692 0.0000000000
60238  8.082  -32.498  74.812 0.0000000000
57696  8.512  -34.123  75.659 0.0000000000
58948  7.302  -33.076  75.598 0.0000000000
58918  6.782  -34.425  76.757 0.0000000000
67021  5.140  -26.443  77.760 0.0000000000
67047  3.969  -26.731  75.642 0.0000000000
68147  5.781  -26.224  76.148 0.0000000000
68166  9.490  -25.463  75.605 0.0000000000
68168  7.603  -25.836  74.810 0.0000000000
68181  8.116  -25.879  73.831 0.0000000000
67098  7.245  -26.636  72.893 0.0000000000
68180  8.906  -25.687  73.629 0.0000000000
58897  20.435  -32.643  78.052 0.0000000000
50553  4.044  -41.307  76.782 0.0000000000
51599  4.112  -40.958  75.967 0.0000000000
52765  5.145  -38.904  76.314 0.0000000000
56419  3.490  -34.832  76.675 0.0000000000
55158  3.479  -35.275  75.891 0.0000000000
56443  3.250  -34.614  75.947 0.0000000000
57678  2.689  -33.397  75.207 0.0000000000
60226  2.465  -32.453  76.197 0.0000000000
61368  4.563  -30.940  76.906 0.0000000000
60201  4.278  -32.444  76.667 0.0000000000
62529  4.005  -30.429  77.535 0.0000000000
64754  4.110  -28.618  79.727 0.0000000000
63667  3.607  -29.480  78.741 0.0000000000
64777  3.149  -28.839  78.606 0.0000000000
64778  2.679  -28.902  78.057 0.0000000000
65906  3.329  -28.043  78.832 0.0000000000
67023  3.660  -27.338  78.644 0.0000000000
67013  4.167  -27.187  79.524 0.0000000000
56457  17.858  -35.832  74.091 0.0000000000
52763  17.285  -37.058  74.401 0.0000000000
53907  9.102  -38.088  78.908 0.0000000000
51569  9.399  -39.581  79.430 0.0000000000
51570  8.419  -39.850  80.083 0.0000000000
50524  5.971  -40.936  80.799 0.0000000000
48246  6.842  -41.902  80.766 0.0000000000
50540  4.691  -40.955  78.158 0.0000000000
50547  4.105  -41.506  77.719 0.0000000000
52790  4.717  -39.183  74.240 0.0000000000
52810  3.806  -40.193  73.224 0.0000000000
52808  4.982  -38.890  73.472 0.0000000000
57758  5.721  -34.930  72.375 0.0000000000
55247  6.207  -37.538  71.572 0.0000000000
55245  6.774  -36.441  70.538 0.0000000000
54044  6.827  -37.762  69.650 0.0000000000
56552  7.110  -35.473  70.046 0.0000000000
65982  2.695  -28.263  72.358 0.0000000000
62594  2.565  -30.413  72.069 0.0000000000
63752  2.728  -29.771  71.288 0.0000000000
60321  4.028  -30.942  67.959 0.0000000000
60312  3.928  -30.901  68.890 0.0000000000
59084  5.389  -32.449  67.746 0.0000000000
59082  6.754  -33.859  67.182 0.0000000000
59103  5.278  -32.780  66.527 0.0000000000
57874  5.429  -34.767  65.183 0.0000000000
59124  4.604  -32.927  65.497 0.0000000000
63804  2.855  -30.430  64.232 0.0000000000
60360  3.337  -31.519  64.064 0.0000000000
61507  2.719  -31.452  63.410 0.0000000000
70310  12.488  -23.471  72.951 0.0000000000
69185  10.413  -25.146  72.160 0.0000000000
70332  11.823  -24.026  71.393 0.0000000000
69264  11.522  -24.665  67.695 0.0000000000
69265  10.903  -25.047  68.191 0.0000000000
69252  10.214  -25.008  69.220 0.0000000000
66081  8.947  -27.209  67.659 0.0000000000
66104  7.286  -27.993  67.053 0.0000000000
64973  8.949  -28.533  66.268 0.0000000000
61419  8.075  -31.331  74.534 0.0000000000
62557  7.181  -30.271  75.316 0.0000000000
62555  9.252  -30.215  75.862 0.0000000000
60194  15.733  -32.407  77.262 0.0000000000
60234  15.461  -32.123  75.320 0.0000000000
60235  14.457  -32.034  75.500 0.0000000000
61414  13.504  -31.613  74.324 0.0000000000
61426  11.651  -31.519  73.356 0.0000000000
58980  10.270  -32.826  73.506 0.0000000000
60266  10.043  -32.052  73.503 0.0000000000
61418  8.972  -31.174  74.251 0.0000000000
68119  8.238  -25.683  78.882 0.0000000000
68133  7.359  -26.011  77.548 0.0000000000
68131  9.150  -25.327  78.179 0.0000000000
68142  9.528  -25.248  77.509 0.0000000000
69143  11.022  -24.616  76.718 0.0000000000
52748  5.516  -38.972  77.782 0.0000000000
52757  5.334  -38.851  77.074 0.0000000000
55119  4.479  -36.779  77.179 0.0000000000
56396  3.884  -35.636  76.962 0.0000000000
57662  3.149  -33.918  76.718 0.0000000000
63645  6.530  -29.276  79.783 0.0000000000
62513  4.560  -29.842  78.373 0.0000000000
63646  5.674  -29.211  79.626 0.0000000000
64739  5.361  -28.367  80.726 0.0000000000
65894  5.383  -27.773  81.085 0.0000000000
67003  5.592  -27.309  81.186 0.0000000000
55090  7.402  -37.193  78.840 0.0000000000
53902  7.503  -38.495  79.748 0.0000000000
53910  7.102  -37.947  79.462 0.0000000000
52729  6.162  -39.525  79.953 0.0000000000
51573  5.585  -40.435  80.084 0.0000000000
50530  4.737  -41.238  79.735 0.0000000000
52738  5.469  -39.932  79.448 0.0000000000
51583  5.161  -40.134  78.445 0.0000000000
56483  3.467  -35.245  74.284 0.0000000000
55202  5.006  -35.981  73.730 0.0000000000
56525  4.063  -34.923  73.337 0.0000000000
57760  4.078  -34.092  72.957 0.0000000000
59017  4.688  -32.835  72.005 0.0000000000
67102  3.924  -26.973  71.593 0.0000000000
64944  2.190  -28.638  70.346 0.0000000000
66050  2.539  -28.240  69.371 0.0000000000
62610  2.624  -29.187  68.008 0.0000000000
61483  3.155  -30.202  67.206 0.0000000000
61481  3.894  -31.500  66.157 0.0000000000
63789  2.955  -29.804  66.041 0.0000000000
64996  2.809  -28.999  65.582 0.0000000000
65007  3.224  -28.973  64.737 0.0000000000
66100  11.149  -27.079  66.314 0.0000000000
64972  10.001  -28.347  66.113 0.0000000000
64988  10.653  -28.273  65.529 0.0000000000
57646  5.806  -34.861  77.349 0.0000000000
58906  5.246  -34.420  77.256 0.0000000000
58920  5.228  -33.764  76.956 0.0000000000
61387  5.207  -31.658  76.230 0.0000000000
62544  5.358  -30.532  76.613 0.0000000000
63707  7.137  -29.727  76.084 0.0000000000
63693  7.018  -29.481  77.017 0.0000000000
63683  6.216  -29.574  77.713 0.0000000000
63644  7.310  -29.490  79.730 0.0000000000
56434  20.693  -34.244  76.400 0.0000000000
56435  20.101  -34.859  75.732 0.0000000000
57690  19.995  -34.210  75.512 0.0000000000
60247  15.833  -32.087  74.242 0.0000000000
60276  15.767  -33.087  72.818 0.0000000000
57733  15.451  -34.703  72.940 0.0000000000
55117  9.609  -36.917  77.442 0.0000000000
56368  8.854  -36.759  77.635 0.0000000000
57695  9.194  -34.237  75.337 0.0000000000
57676  8.596  -34.714  76.074 0.0000000000
56394  7.774  -35.982  77.532 0.0000000000
57644  7.174  -35.465  77.453 0.0000000000
57630  6.498  -35.597  77.758 0.0000000000
64847  2.528  -28.862  75.658 0.0000000000
63729  2.361  -29.988  73.923 0.0000000000
65950  2.873  -28.324  74.869 0.0000000000
65962  3.628  -27.376  73.849 0.0000000000
67066  4.198  -26.974  73.675 0.0000000000
68157  6.269  -25.968  75.536 0.0000000000
68184  5.973  -26.079  74.462 0.0000000000
67083  5.002  -26.755  72.827 0.0000000000
67100  5.824  -26.671  72.076 0.0000000000
67114  6.653  -26.535  71.451 0.0000000000
68236  7.501  -25.884  70.884 0.0000000000
58891  13.576  -32.529  79.281 0.0000000000
53939  21.065  -35.425  76.333 0.0000000000
138857  25.342  -34.072  79.101 0.0000000000
56364  24.220  -33.850  79.656 0.0000000000
55087  23.942  -34.406  78.890 0.0000000000
55098  22.419  -34.754  77.919 0.0000000000
56388  21.780  -34.479  77.874 0.0000000000
56412  20.956  -34.435  76.657 0.0000000000
58898  19.172  -32.171  78.034 0.0000000000
60179  18.142  -32.258  77.770 0.0000000000
58886  18.292  -32.524  79.406 0.0000000000
58900  16.772  -32.767  78.815 0.0000000000
60182  15.406  -32.435  78.166 0.0000000000
58903  14.116  -32.491  78.752 0.0000000000
51613  4.333  -40.199  75.156 0.0000000000
53963  5.231  -38.113  74.950 0.0000000000
53959  4.489  -37.037  76.260 0.0000000000
55156  4.413  -36.732  75.696 0.0000000000
55175  4.310  -36.337  75.279 0.0000000000
56485  3.129  -34.518  74.824 0.0000000000
58964  2.834  -33.078  74.518 0.0000000000
61405  2.354  -31.585  75.307 0.0000000000
58908  4.209  -33.897  77.228 0.0000000000
58922  3.695  -33.388  76.929 0.0000000000
60203  3.185  -32.442  76.678 0.0000000000
62514  4.088  -29.963  78.266 0.0000000000
62530  3.480  -30.575  77.401 0.0000000000
61372  2.742  -31.701  76.370 0.0000000000
62532  2.643  -30.809  76.760 0.0000000000
63697  2.290  -30.197  76.601 0.0000000000
63709  2.349  -29.529  76.213 0.0000000000
65925  3.247  -27.566  77.218 0.0000000000
67029  4.442  -26.696  77.271 0.0000000000
68111  6.013  -26.134  78.778 0.0000000000
67006  5.885  -26.383  79.981 0.0000000000
68104  6.669  -26.129  80.326 0.0000000000
68109  7.417  -25.912  79.580 0.0000000000
47058  8.547  -42.236  78.663 0.0000000000
50521  7.458  -40.849  80.583 0.0000000000
54005  5.823  -37.874  72.484 0.0000000000
52858  5.176  -39.430  71.548 0.0000000000
52920  7.031  -38.837  67.250 0.0000000000
62579  2.650  -30.935  72.922 0.0000000000
60290  3.585  -31.779  72.339 0.0000000000
59034  5.244  -32.301  71.218 0.0000000000
61454  3.096  -29.786  70.079 0.0000000000
59050  5.371  -32.015  69.938 0.0000000000
59032  6.489  -33.374  70.256 0.0000000000
57806  7.323  -34.592  69.051 0.0000000000
55299  7.490  -36.358  66.932 0.0000000000
54091  6.572  -37.903  66.042 0.0000000000
55317  5.726  -37.162  65.084 0.0000000000
59143  3.968  -32.632  65.059 0.0000000000
57911  4.244  -34.464  63.990 0.0000000000
70238  11.691  -23.944  76.244 0.0000000000
70254  12.268  -23.417  75.032 0.0000000000
69161  11.245  -24.589  74.163 0.0000000000
69172  10.297  -25.114  73.263 0.0000000000
69204  9.111  -25.617  71.614 0.0000000000
67131  8.009  -25.818  69.874 0.0000000000
69217  10.475  -24.736  70.352 0.0000000000
68250  9.015  -25.489  69.598 0.0000000000
67169  7.122  -26.791  68.385 0.0000000000
66105  6.229  -27.983  66.976 0.0000000000
64993  5.192  -28.693  65.646 0.0000000000
63816  4.335  -28.903  63.737 0.0000000000
63814  6.042  -29.486  63.365 0.0000000000
61384  11.314  -31.758  76.867 0.0000000000
60199  11.670  -31.906  77.818 0.0000000000
60220  12.294  -32.103  76.675 0.0000000000
50731  4.715  -40.337  65.539 0.0000000000
51794  4.838  -39.701  65.389 0.0000000000
51793  5.216  -39.582  65.708 0.0000000000
56373  5.488  -36.411  77.802 0.0000000000
52752  20.567  -35.887  75.775 0.0000000000
53940  20.247  -35.696  75.698 0.0000000000
56353  6.011  -36.956  78.095 0.0000000000
61421  2.491  -31.803  74.503 0.0000000000
67151  5.249  -26.672  68.891 0.0000000000
67152  4.224  -27.057  68.554 0.0000000000
67172  4.311  -27.426  67.826 0.0000000000
67171  5.019  -27.151  68.036 0.0000000000
60240  6.513  -32.362  75.618 0.0000000000
60192  17.728  -32.313  77.024 0.0000000000
60214  18.233  -32.295  76.095 0.0000000000
60215  17.192  -32.273  76.142 0.0000000000
59000  11.922  -32.864  72.612 0.0000000000
58999  12.438  -33.280  72.539 0.0000000000
58978  12.014  -33.769  72.784 0.0000000000
57736  12.064  -34.335  73.166 0.0000000000
58959  11.088  -33.992  73.599 0.0000000000
57713  11.227  -34.624  74.265 0.0000000000
58960  10.519  -33.683  73.852 0.0000000000
60252  7.859  -31.950  74.671 0.0000000000
58935  6.989  -33.785  76.158 0.0000000000
68122  5.896  -26.194  78.038 0.0000000000
68135  5.873  -26.326  77.061 0.0000000000
68134  6.592  -26.159  77.301 0.0000000000
68167  8.766  -25.657  74.788 0.0000000000
69163  9.310  -25.561  74.089 0.0000000000
50552  4.570  -40.825  76.888 0.0000000000
51592  4.515  -40.730  76.511 0.0000000000
51591  5.106  -40.179  76.818 0.0000000000
56420  3.178  -34.171  76.569 0.0000000000
56444  3.159  -34.228  76.331 0.0000000000
57663  2.945  -33.740  76.403 0.0000000000
57680  2.902  -33.767  76.015 0.0000000000
58925  2.626  -33.157  76.154 0.0000000000
64755  3.578  -28.715  79.195 0.0000000000
65899  3.702  -27.986  79.529 0.0000000000
67014  3.636  -27.587  79.170 0.0000000000
55088  8.516  -37.425  78.832 0.0000000000
52725  8.797  -38.854  79.524 0.0000000000
53908  8.360  -37.818  79.279 0.0000000000
50518  5.820  -41.565  80.872 0.0000000000
49398  6.006  -41.919  81.034 0.0000000000
51587  5.210  -40.061  77.642 0.0000000000
53974  5.292  -37.966  74.201 0.0000000000
57775  5.886  -34.163  71.924 0.0000000000
56539  6.085  -35.484  71.998 0.0000000000
56553  6.697  -35.215  71.141 0.0000000000
64933  2.296  -29.216  71.969 0.0000000000
66007  2.287  -28.597  71.578 0.0000000000
60332  3.984  -31.191  67.025 0.0000000000
60320  4.461  -31.552  67.532 0.0000000000
60319  4.885  -32.116  67.157 0.0000000000
60330  4.831  -32.302  66.595 0.0000000000
59123  5.374  -33.700  65.664 0.0000000000
59104  4.778  -32.461  66.254 0.0000000000
63818  2.528  -29.997  63.672 0.0000000000
61508  3.044  -30.951  63.665 0.0000000000
62661  2.438  -30.584  63.114 0.0000000000
71448  12.972  -22.835  73.513 0.0000000000
71457  13.012  -22.805  72.551 0.0000000000
70311  11.875  -24.099  72.386 0.0000000000
70331  12.488  -23.482  71.949 0.0000000000
68261  11.231  -25.601  67.382 0.0000000000
67166  10.649  -26.296  67.478 0.0000000000
68262  10.444  -25.677  68.133 0.0000000000
66103  8.403  -27.975  67.042 0.0000000000
66102  9.517  -27.864  66.832 0.0000000000
62570  9.111  -30.345  74.862 0.0000000000
62571  8.154  -30.565  74.799 0.0000000000
61360  10.733  -31.338  78.679 0.0000000000
60217  15.106  -32.320  76.384 0.0000000000
60218  14.118  -32.270  76.477 0.0000000000
61398  12.888  -31.621  74.893 0.0000000000
60265  10.864  -32.221  73.133 0.0000000000
61427  10.548  -31.430  73.678 0.0000000000
61417  9.948  -30.853  74.274 0.0000000000
68118  8.936  -25.255  79.243 0.0000000000
69134  9.795  -24.964  78.070 0.0000000000
69133  10.821  -24.531  78.013 0.0000000000
69144  10.203  -25.033  77.153 0.0000000000
53933  5.026  -37.518  77.182 0.0000000000
55106  4.774  -36.809  77.465 0.0000000000
56375  4.275  -35.876  77.279 0.0000000000
56395  3.835  -35.313  77.098 0.0000000000
56418  3.682  -34.922  77.110 0.0000000000
57661  3.622  -34.281  77.135 0.0000000000
63624  6.095  -28.822  80.689 0.0000000000
63604  6.289  -28.592  81.384 0.0000000000
64729  6.116  -28.035  81.918 0.0000000000
65892  5.858  -27.639  81.689 0.0000000000
56350  7.272  -36.813  78.486 0.0000000000
55091  6.795  -37.507  78.837 0.0000000000
53912  6.028  -38.351  78.855 0.0000000000
53911  6.460  -38.440  79.368 0.0000000000
52736  6.073  -38.871  79.371 0.0000000000
51572  5.818  -40.193  80.206 0.0000000000
52730  5.683  -39.918  79.808 0.0000000000
52731  5.508  -40.247  79.800 0.0000000000
52743  5.565  -39.256  78.649 0.0000000000
56506  3.095  -34.797  74.004 0.0000000000
56505  3.703  -35.134  73.759 0.0000000000
57739  3.429  -34.427  73.539 0.0000000000
59002  3.433  -33.061  73.199 0.0000000000
59001  3.710  -33.445  72.977 0.0000000000
57777  4.362  -33.311  72.506 0.0000000000
59018  3.968  -32.724  72.443 0.0000000000
67117  3.516  -26.956  70.444 0.0000000000
66027  2.926  -27.600  69.820 0.0000000000
66067  3.118  -27.792  68.079 0.0000000000
66068  2.659  -28.259  68.399 0.0000000000
63770  2.489  -29.018  67.651 0.0000000000
62619  2.784  -29.582  67.435 0.0000000000
63771  2.515  -29.212  67.211 0.0000000000
62626  3.025  -30.088  66.574 0.0000000000
64980  2.479  -29.104  66.788 0.0000000000
66120  3.464  -28.323  66.247 0.0000000000
64995  3.375  -28.524  65.895 0.0000000000
68272  11.711  -25.665  66.363 0.0000000000
67195  11.561  -26.559  65.867 0.0000000000
66118  10.892  -27.929  65.821 0.0000000000
66117  11.231  -27.614  65.521 0.0000000000
58936  5.743  -33.397  76.506 0.0000000000
61404  5.597  -31.601  75.886 0.0000000000
60224  5.078  -32.654  76.392 0.0000000000
62543  5.837  -30.201  76.420 0.0000000000
62556  8.146  -29.906  75.619 0.0000000000
63706  7.689  -29.699  76.496 0.0000000000
63682  7.171  -29.603  78.084 0.0000000000
63663  7.017  -29.366  79.054 0.0000000000
57672  20.515  -33.939  76.186 0.0000000000
57673  20.204  -34.518  75.790 0.0000000000
58943  20.061  -33.515  75.800 0.0000000000
60245  17.994  -32.772  74.230 0.0000000000
60244  18.547  -33.041  74.502 0.0000000000
60258  17.791  -33.036  73.728 0.0000000000
60261  14.979  -32.111  73.303 0.0000000000
58998  13.569  -33.335  72.430 0.0000000000
60277  15.230  -32.904  72.810 0.0000000000
58997  14.596  -33.468  72.503 0.0000000000
58996  15.513  -33.549  72.603 0.0000000000
57734  14.498  -34.743  73.069 0.0000000000
57735  13.340  -34.769  73.397 0.0000000000
56462  12.276  -35.862  74.991 0.0000000000
56441  9.884  -35.764  76.060 0.0000000000
56416  9.420  -35.946  76.502 0.0000000000
55118  9.115  -36.836  77.569 0.0000000000
56392  9.023  -36.440  77.190 0.0000000000
57715  9.424  -33.716  74.843 0.0000000000
58946  9.072  -33.576  74.971 0.0000000000
58934  8.021  -34.143  75.904 0.0000000000
57656  8.184  -35.305  76.654 0.0000000000
56393  8.291  -35.958  77.170 0.0000000000
57643  7.740  -35.526  77.142 0.0000000000
58919  6.212  -34.166  76.779 0.0000000000
57658  6.663  -34.783  77.114 0.0000000000
65937  2.787  -28.073  75.809 0.0000000000
64868  2.520  -28.969  74.969 0.0000000000
65936  3.300  -27.421  76.180 0.0000000000
67046  4.897  -26.430  75.281 0.0000000000
65949  3.470  -27.356  74.786 0.0000000000
67056  4.424  -26.640  74.606 0.0000000000
68145  7.210  -25.865  76.579 0.0000000000
68156  7.001  -25.765  75.649 0.0000000000
68182  7.153  -26.090  74.002 0.0000000000
68183  6.401  -26.056  74.322 0.0000000000
67064  5.854  -26.182  73.997 0.0000000000
67065  5.083  -26.553  73.776 0.0000000000
67082  5.851  -26.535  73.036 0.0000000000
67101  4.889  -26.791  71.802 0.0000000000
68210  7.889  -26.672  72.055 0.0000000000
68211  7.208  -26.689  71.703 0.0000000000
68223  7.354  -26.246  71.280 0.0000000000
68222  7.942  -25.895  71.270 0.0000000000
58876  13.706  -32.735  80.045 0.0000000000
58857  13.726  -32.736  80.814 0.0000000000
53937  22.235  -35.360  76.269 0.0000000000
52749  21.793  -35.775  75.540 0.0000000000
53938  21.633  -35.442  76.349 0.0000000000
53927  21.765  -35.097  76.891 0.0000000000
57616  23.163  -33.358  80.012 0.0000000000
58882  23.549  -33.309  80.172 0.0000000000
57625  23.588  -33.613  79.803 0.0000000000
56365  23.561  -34.126  79.189 0.0000000000
55097  23.445  -34.572  78.383 0.0000000000
56366  22.722  -34.146  78.719 0.0000000000
57641  21.681  -34.034  78.171 0.0000000000
56389  21.520  -34.336  77.456 0.0000000000
57642  21.197  -33.487  78.034 0.0000000000
58872  17.620  -32.876  80.442 0.0000000000
58887  17.226  -32.864  79.616 0.0000000000
58899  17.794  -32.444  78.664 0.0000000000
60181  16.285  -32.484  78.068 0.0000000000
58901  15.811  -32.716  78.885 0.0000000000
58889  15.225  -32.809  79.661 0.0000000000
58890  14.333  -32.696  79.504 0.0000000000
50582  2.896  -41.892  75.478 0.0000000000
51615  3.348  -41.580  75.537 0.0000000000
52773  4.933  -39.438  75.697 0.0000000000
52772  4.903  -39.093  75.141 0.0000000000
53957  5.205  -38.091  75.538 0.0000000000
53948  4.427  -36.921  76.787 0.0000000000
53947  4.996  -37.640  76.647 0.0000000000
56442  3.422  -35.100  75.666 0.0000000000
55157  3.818  -36.032  75.811 0.0000000000
55176  3.704  -35.576  75.029 0.0000000000
58951  2.445  -32.687  75.396 0.0000000000
58963  2.692  -33.229  74.876 0.0000000000
60241  2.433  -32.297  75.214 0.0000000000
60253  2.578  -32.511  74.689 0.0000000000
58907  4.769  -34.147  77.263 0.0000000000
58921  4.277  -33.369  76.888 0.0000000000
61369  4.005  -31.229  76.948 0.0000000000
60202  3.662  -32.401  76.712 0.0000000000
63666  4.340  -29.623  78.882 0.0000000000
63668  3.031  -29.553  78.238 0.0000000000
62531  2.951  -30.618  77.274 0.0000000000
61371  3.149  -31.488  76.726 0.0000000000
63696  2.366  -29.546  76.954 0.0000000000
63710  2.246  -30.200  75.896 0.0000000000
64824  2.522  -28.821  76.489 0.0000000000
65926  2.722  -28.076  76.807 0.0000000000
67022  4.316  -26.752  78.357 0.0000000000
67030  3.760  -27.149  77.732 0.0000000000
67011  5.895  -26.221  79.274 0.0000000000
67002  6.143  -26.739  81.347 0.0000000000
55147  19.116  -35.632  74.833 0.0000000000
53953  18.220  -36.266  74.361 0.0000000000
50528  9.006  -40.358  79.846 0.0000000000
48259  9.095  -41.186  79.531 0.0000000000
52727  7.264  -39.140  80.075 0.0000000000
52720  7.559  -39.558  80.188 0.0000000000
51563  7.002  -40.336  80.463 0.0000000000
49440  2.637  -42.375  76.157 0.0000000000
52826  4.511  -39.445  72.816 0.0000000000
51677  3.655  -40.450  72.934 0.0000000000
52843  4.240  -39.807  72.308 0.0000000000
52859  4.521  -39.735  71.863 0.0000000000
55218  5.679  -36.458  72.801 0.0000000000
53990  5.525  -37.577  73.404 0.0000000000
54033  6.121  -38.046  71.110 0.0000000000
54018  6.047  -38.095  71.786 0.0000000000
52876  5.913  -39.049  70.869 0.0000000000
52877  5.366  -39.569  71.159 0.0000000000
51731  5.959  -39.844  70.046 0.0000000000
55274  7.302  -36.984  69.119 0.0000000000
52874  6.813  -38.448  69.487 0.0000000000
52897  7.029  -38.738  68.845 0.0000000000
51775  6.822  -39.559  68.067 0.0000000000
54074  7.490  -37.854  67.518 0.0000000000
64888  2.594  -29.255  73.811 0.0000000000
62580  2.516  -30.931  73.547 0.0000000000
63739  2.289  -29.964  72.754 0.0000000000
61446  3.479  -30.721  71.503 0.0000000000
62593  2.806  -30.335  71.702 0.0000000000
60289  4.070  -31.408  71.660 0.0000000000
59035  4.607  -31.919  71.508 0.0000000000
63758  2.393  -29.342  69.536 0.0000000000
62601  2.720  -29.594  69.890 0.0000000000
61460  3.084  -29.885  69.528 0.0000000000
60302  4.765  -31.903  68.991 0.0000000000
60303  4.557  -31.332  69.588 0.0000000000
59049  6.012  -32.709  69.628 0.0000000000
59048  6.690  -33.450  69.330 0.0000000000
59101  6.748  -34.314  66.590 0.0000000000
57835  7.554  -35.140  67.304 0.0000000000
56611  7.337  -35.947  66.633 0.0000000000
55300  7.259  -36.895  66.586 0.0000000000
55315  6.874  -36.447  65.987 0.0000000000
54109  6.017  -37.858  65.652 0.0000000000
56627  6.631  -35.943  65.708 0.0000000000
56643  4.794  -35.665  64.395 0.0000000000
61491  3.467  -31.330  65.531 0.0000000000
60345  3.784  -32.104  65.332 0.0000000000
60378  3.624  -32.855  63.517 0.0000000000
60358  3.821  -33.019  64.036 0.0000000000
59165  3.854  -33.705  63.669 0.0000000000
57925  4.354  -34.621  63.090 0.0000000000
71433  12.765  -22.833  75.202 0.0000000000
70273  12.065  -23.806  74.384 0.0000000000
70255  11.750  -23.928  75.179 0.0000000000
69202  10.450  -24.970  71.201 0.0000000000
69203  9.740  -25.379  71.500 0.0000000000
69219  9.238  -25.436  71.049 0.0000000000
68221  8.608  -25.555  70.986 0.0000000000
68220  9.081  -25.391  70.546 0.0000000000
70379  11.797  -23.899  68.726 0.0000000000
70366  11.779  -23.853  69.587 0.0000000000
70365  12.336  -23.298  70.029 0.0000000000
70349  11.769  -23.900  70.473 0.0000000000
69216  11.162  -24.328  70.011 0.0000000000
67147  9.224  -25.754  68.869 0.0000000000
68249  9.534  -25.419  69.117 0.0000000000
67148  8.676  -25.823  69.246 0.0000000000
66083  6.687  -27.411  67.644 0.0000000000
64975  6.736  -28.565  66.424 0.0000000000
64992  6.153  -28.910  65.729 0.0000000000
63787  5.051  -28.898  65.115 0.0000000000
63786  5.568  -29.104  65.082 0.0000000000
64990  8.295  -29.156  65.630 0.0000000000
62553  10.653  -30.994  75.803 0.0000000000
62554  10.273  -30.813  76.190 0.0000000000
61365  10.964  -31.525  77.920 0.0000000000
60187  11.095  -31.470  78.814 0.0000000000
60196  13.787  -32.322  77.366 0.0000000000
60219  13.242  -32.196  76.600 0.0000000000
60237  12.774  -32.069  76.029 0.0000000000
61399  12.210  -31.646  75.495 0.0000000000
61400  11.085  -31.271  75.862 0.0000000000
51808  4.578  -39.571  65.034 0.0000000000
52966  4.941  -38.844  65.019 0.0000000000
56374  4.913  -36.063  77.535 0.0000000000
57648  4.501  -34.675  77.377 0.0000000000
56371  6.520  -36.198  78.107 0.0000000000
56352  6.440  -36.912  78.285 0.0000000000
52742  5.721  -38.939  78.773 0.0000000000
58982  3.070  -33.271  74.038 0.0000000000
59003  3.199  -33.363  73.667 0.0000000000
60282  3.153  -32.759  73.627 0.0000000000
60281  3.230  -32.148  73.021 0.0000000000
67134  4.400  -26.621  69.611 0.0000000000
67135  3.540  -27.115  69.277 0.0000000000
66088  2.811  -28.203  67.513 0.0000000000
66109  2.963  -28.135  66.994 0.0000000000
66087  3.269  -27.890  67.370 0.0000000000
66086  3.920  -27.776  67.272 0.0000000000
66107  4.287  -28.084  66.620 0.0000000000
62558  6.166  -30.541  75.855 0.0000000000
62526  8.313  -30.097  77.807 0.0000000000
62511  8.628  -30.193  78.870 0.0000000000
62505  8.032  -29.854  79.673 0.0000000000
62495  8.216  -29.862  80.405 0.0000000000
60213  19.154  -32.457  76.095 0.0000000000
60230  19.355  -32.825  75.624 0.0000000000
60246  16.964  -32.383  74.224 0.0000000000
60263  13.482  -31.802  72.983 0.0000000000
60262  14.025  -31.985  73.020 0.0000000000
60279  13.229  -32.330  72.616 0.0000000000
57756  12.929  -34.045  72.687 0.0000000000
57694  10.263  -35.045  75.260 0.0000000000
58962  8.578  -32.737  74.709 0.0000000000
58947  8.234  -33.355  75.278 0.0000000000
57657  7.337  -34.839  76.852 0.0000000000
67037  4.564  -26.564  76.258 0.0000000000
67036  5.222  -26.374  75.857 0.0000000000
67045  5.276  -26.336  75.395 0.0000000000
68154  8.777  -25.649  76.123 0.0000000000
68155  7.889  -25.746  75.789 0.0000000000
68198  7.707  -26.290  73.172 0.0000000000
68197  8.610  -25.923  72.733 0.0000000000
57617  22.563  -33.207  79.959 0.0000000000
58884  20.588  -32.509  79.025 0.0000000000
50564  3.748  -41.421  76.213 0.0000000000
51600  3.635  -41.421  75.843 0.0000000000
51598  4.804  -40.160  76.048 0.0000000000
55121  3.793  -35.756  76.696 0.0000000000
55138  3.546  -35.432  76.212 0.0000000000
56466  3.184  -34.508  75.357 0.0000000000
57679  2.889  -33.736  75.436 0.0000000000
58940  2.518  -33.074  75.621 0.0000000000
61388  4.547  -31.895  76.582 0.0000000000
63648  3.999  -29.212  79.347 0.0000000000
63685  2.639  -29.704  77.619 0.0000000000
65916  2.788  -28.189  77.669 0.0000000000
65915  3.235  -27.726  78.087 0.0000000000
55148  17.937  -36.073  74.229 0.0000000000
56437  17.997  -35.857  74.337 0.0000000000
53920  9.585  -37.781  78.193 0.0000000000
52735  9.271  -38.686  79.177 0.0000000000
50529  8.563  -40.368  80.148 0.0000000000
50522  6.810  -40.835  80.687 0.0000000000
50541  4.015  -41.620  78.617 0.0000000000
50554  3.466  -41.838  77.275 0.0000000000
51661  3.818  -40.079  73.763 0.0000000000
52809  4.124  -39.782  73.544 0.0000000000
52825  5.237  -38.738  72.716 0.0000000000
56523  5.596  -35.574  72.555 0.0000000000
55231  5.952  -36.260  72.228 0.0000000000
55246  6.347  -36.722  71.414 0.0000000000
54032  6.512  -37.406  70.569 0.0000000000
54045  6.309  -38.266  70.486 0.0000000000
54031  6.839  -37.081  70.169 0.0000000000
55261  7.139  -36.569  69.745 0.0000000000
55260  7.494  -36.360  69.103 0.0000000000
64913  2.271  -29.128  72.937 0.0000000000
63746  2.477  -29.846  71.674 0.0000000000
62600  3.068  -29.793  70.786 0.0000000000
61466  3.530  -30.423  68.367 0.0000000000
60310  4.827  -31.964  68.125 0.0000000000
59066  6.069  -32.807  68.509 0.0000000000
59083  6.118  -33.082  67.368 0.0000000000
59102  6.165  -33.837  66.284 0.0000000000
57854  6.591  -34.502  66.205 0.0000000000
57873  6.362  -34.924  65.713 0.0000000000
59122  5.814  -34.269  65.657 0.0000000000
57875  5.010  -33.920  65.204 0.0000000000
62642  3.014  -30.611  64.452 0.0000000000
61498  3.246  -31.179  64.647 0.0000000000
61499  3.415  -30.922  64.031 0.0000000000
60379  3.030  -32.064  63.582 0.0000000000
69171  11.173  -24.655  72.855 0.0000000000
69184  11.179  -24.636  71.791 0.0000000000
69250  11.322  -24.458  68.453 0.0000000000
69251  10.742  -24.769  68.884 0.0000000000
68248  10.301  -25.260  68.700 0.0000000000
67167  9.541  -26.179  68.341 0.0000000000
66082  7.794  -27.335  67.717 0.0000000000
64991  7.172  -29.183  65.786 0.0000000000
61420  7.478  -31.508  74.795 0.0000000000
62572  7.512  -30.902  74.792 0.0000000000
62541  9.278  -30.421  76.942 0.0000000000
62540  9.898  -30.914  77.288 0.0000000000
62525  9.436  -30.758  78.031 0.0000000000
60216  16.141  -32.318  76.237 0.0000000000
60248  14.600  -31.792  74.387 0.0000000000
60249  14.007  -31.773  74.939 0.0000000000
61413  14.036  -31.680  73.934 0.0000000000
61425  12.881  -31.617  73.222 0.0000000000
61437  12.226  -31.871  72.771 0.0000000000
60264  11.671  -32.338  72.748 0.0000000000
58981  9.744  -32.483  73.761 0.0000000000
61428  9.768  -31.486  73.875 0.0000000000
60250  9.356  -32.041  73.887 0.0000000000
60251  8.581  -32.110  74.371 0.0000000000
68120  7.415  -26.022  78.555 0.0000000000
68132  8.202  -25.788  77.855 0.0000000000
68143  8.896  -25.588  77.181 0.0000000000
69122  10.186  -24.711  78.915 0.0000000000
68130  9.499  -25.159  77.908 0.0000000000
68153  9.543  -25.383  76.591 0.0000000000
69153  10.260  -25.127  76.012 0.0000000000
53934  4.450  -36.942  76.993 0.0000000000
55107  4.278  -36.306  77.128 0.0000000000
63665  5.232  -29.631  78.527 0.0000000000
63625  5.323  -28.797  80.156 0.0000000000
64740  4.740  -28.484  80.172 0.0000000000
65895  4.810  -27.858  80.545 0.0000000000
67008  4.521  -27.479  80.198 0.0000000000
55089  8.013  -37.238  79.095 0.0000000000
53909  7.753  -37.793  79.429 0.0000000000
53903  6.887  -38.683  79.850 0.0000000000
53904  6.530  -39.001  79.829 0.0000000000
52723  6.314  -40.082  80.365 0.0000000000
51565  6.094  -40.388  80.502 0.0000000000
51566  5.744  -40.681  80.460 0.0000000000
51567  5.480  -40.829  80.273 0.0000000000
51574  5.308  -40.619  79.831 0.0000000000
51579  5.147  -40.381  79.214 0.0000000000
55187  4.225  -35.820  74.431 0.0000000000
55203  4.227  -35.574  73.850 0.0000000000
56504  4.305  -35.348  73.569 0.0000000000
56524  4.842  -35.238  73.150 0.0000000000
57759  5.200  -34.553  72.698 0.0000000000
57776  4.942  -33.598  72.473 0.0000000000
59016  5.323  -33.134  71.764 0.0000000000
67103  3.090  -27.484  71.462 0.0000000000
67118  2.783  -27.570  70.657 0.0000000000
64951  2.238  -28.715  69.917 0.0000000000
64957  2.227  -29.185  69.256 0.0000000000
66049  3.006  -27.692  68.892 0.0000000000
64956  2.268  -28.876  68.918 0.0000000000
62611  2.786  -29.521  68.362 0.0000000000
61474  3.182  -29.960  67.927 0.0000000000
61473  3.555  -30.560  67.503 0.0000000000
61482  3.482  -30.761  66.569 0.0000000000
62625  3.271  -30.538  65.988 0.0000000000
63776  2.671  -29.262  66.192 0.0000000000
63788  2.879  -29.642  65.412 0.0000000000
63803  2.674  -30.057  64.518 0.0000000000
65019  2.779  -29.407  64.155 0.0000000000
65018  3.110  -28.981  63.877 0.0000000000
67185  11.222  -26.343  66.819 0.0000000000
67186  10.749  -26.919  66.856 0.0000000000
66101  10.581  -27.748  66.307 0.0000000000
64987  11.077  -28.048  65.283 0.0000000000
50729  6.093  -40.402  66.930 0.0000000000
57631  6.080  -35.445  77.684 0.0000000000
57647  5.250  -34.853  77.414 0.0000000000
60200  4.819  -32.979  76.602 0.0000000000
63684  5.492  -29.822  77.261 0.0000000000
61402  6.844  -31.155  75.085 0.0000000000
63708  6.639  -29.990  75.887 0.0000000000
63692  7.722  -29.740  77.295 0.0000000000
63694  6.223  -29.798  76.563 0.0000000000
63695  5.669  -30.024  76.678 0.0000000000
63664  6.279  -29.392  78.811 0.0000000000
63622  7.638  -29.562  80.341 0.0000000000
56413  20.396  -34.971  76.096 0.0000000000
55131  19.966  -35.357  75.579 0.0000000000
56455  19.960  -34.694  75.584 0.0000000000
56456  19.436  -34.953  75.023 0.0000000000
58944  19.503  -33.428  75.285 0.0000000000
57691  19.062  -34.462  74.566 0.0000000000
57692  18.268  -34.902  73.934 0.0000000000
56500  16.960  -34.981  73.331 0.0000000000
60233  16.558  -32.246  75.211 0.0000000000
60260  16.173  -32.675  73.234 0.0000000000
58977  16.104  -33.292  72.789 0.0000000000
57732  16.408  -34.431  72.868 0.0000000000
56478  15.509  -35.794  73.787 0.0000000000
57711  13.059  -35.045  74.074 0.0000000000
56391  9.899  -36.573  76.850 0.0000000000
55102  8.989  -37.198  78.064 0.0000000000
56369  8.333  -36.539  77.745 0.0000000000
57655  8.903  -35.380  76.438 0.0000000000
56417  8.757  -35.821  76.782 0.0000000000
55104  7.744  -36.923  78.703 0.0000000000
56370  7.346  -36.376  78.134 0.0000000000
57629  6.868  -35.639  77.715 0.0000000000
63718  2.330  -29.528  75.428 0.0000000000
63728  2.447  -29.458  74.588 0.0000000000
64887  2.818  -28.818  74.234 0.0000000000
65963  3.211  -27.975  73.657 0.0000000000
67067  3.705  -27.327  73.255 0.0000000000
67085  3.473  -27.512  72.479 0.0000000000
68146  6.456  -26.023  76.375 0.0000000000
68158  5.654  -26.205  75.364 0.0000000000
68170  6.094  -26.037  74.864 0.0000000000
67055  5.231  -26.348  74.517 0.0000000000
67084  4.194  -27.049  72.602 0.0000000000
67099  6.770  -26.778  72.347 0.0000000000
67115  5.753  -26.570  71.046 0.0000000000
67132  6.929  -26.090  70.383 0.0000000000
58905  12.855  -32.218  78.585 0.0000000000
60185  12.278  -32.018  78.599 0.0000000000
58877  13.067  -32.444  79.774 0.0000000000
58858  13.191  -32.540  80.402 0.0000000000
56348  24.851  -34.020  79.416 0.0000000000
53916  22.917  -34.881  77.808 0.0000000000
56367  22.083  -34.268  78.282 0.0000000000
55112  22.097  -34.966  77.364 0.0000000000
53928  21.498  -35.022  76.824 0.0000000000
55114  21.288  -34.852  76.780 0.0000000000
55130  20.632  -35.157  76.243 0.0000000000
58913  20.339  -32.875  77.040 0.0000000000
58914  19.651  -32.557  76.759 0.0000000000
58870  19.558  -32.420  79.968 0.0000000000
58871  18.593  -32.578  80.104 0.0000000000
60180  17.241  -32.383  77.952 0.0000000000
58902  14.917  -32.509  78.825 0.0000000000
58915  14.526  -32.380  78.308 0.0000000000
58916  14.009  -32.385  78.062 0.0000000000
58904  13.367  -32.337  78.436 0.0000000000
51614  3.715  -41.079  75.309 0.0000000000
51612  4.405  -39.660  74.567 0.0000000000
53975  5.115  -36.900  74.878 0.0000000000
53958  4.869  -37.459  75.969 0.0000000000
53964  4.953  -37.195  75.486 0.0000000000
55188  3.569  -35.404  74.604 0.0000000000
56484  3.222  -35.045  74.623 0.0000000000
56507  3.042  -34.479  74.338 0.0000000000
57698  3.030  -33.945  74.983 0.0000000000
57717  3.059  -34.078  74.299 0.0000000000
62573  2.350  -30.907  74.685 0.0000000000
57660  3.953  -34.042  77.258 0.0000000000
58923  3.159  -33.276  76.807 0.0000000000
62515  3.511  -30.036  78.047 0.0000000000
60204  2.840  -32.542  76.494 0.0000000000
61373  2.689  -32.200  76.267 0.0000000000
61390  2.524  -32.083  76.074 0.0000000000
61389  2.355  -31.526  75.924 0.0000000000
63686  2.449  -30.200  77.146 0.0000000000
62545  2.353  -30.879  76.242 0.0000000000
62560  2.265  -30.881  75.562 0.0000000000
67007  5.094  -27.046  80.472 0.0000000000
68110  6.548  -26.125  79.247 0.0000000000
68108  8.203  -25.573  79.908 0.0000000000
60173  12.465  -32.059  79.496 0.0000000000
53952  19.363  -35.967  74.950 0.0000000000
52762  18.824  -36.858  74.579 0.0000000000
52726  7.916  -39.148  79.875 0.0000000000
51561  8.099  -40.173  80.312 0.0000000000
49402  8.092  -41.340  80.375 0.0000000000
48261  8.040  -42.094  79.952 0.0000000000
55232  6.118  -37.180  72.058 0.0000000000
52841  5.487  -38.758  72.015 0.0000000000
50694  4.883  -40.192  71.040 0.0000000000
52875  6.561  -38.834  69.833 0.0000000000
52921  6.420  -39.021  66.627 0.0000000000
61429  2.831  -31.449  73.109 0.0000000000
62586  2.710  -30.836  72.444 0.0000000000
61438  3.086  -31.234  72.356 0.0000000000
59033  5.938  -32.959  70.906 0.0000000000
64945  2.249  -28.933  70.779 0.0000000000
63753  2.527  -29.437  70.502 0.0000000000
61453  3.597  -30.257  70.286 0.0000000000
61459  3.502  -30.337  69.239 0.0000000000
60304  4.052  -30.649  69.776 0.0000000000
60295  4.425  -30.957  70.647 0.0000000000
59051  4.987  -31.570  70.607 0.0000000000
57791  6.977  -34.271  70.218 0.0000000000
56566  7.428  -35.687  69.290 0.0000000000
56565  7.685  -35.824  68.680 0.0000000000
57820  7.303  -34.379  67.833 0.0000000000
56580  7.790  -35.871  67.887 0.0000000000
54057  7.660  -37.049  68.077 0.0000000000
55288  7.553  -37.203  67.320 0.0000000000
52941  6.688  -38.505  66.432 0.0000000000
52942  6.095  -38.606  66.075 0.0000000000
52964  5.719  -38.470  65.650 0.0000000000
54110  5.614  -38.073  65.307 0.0000000000
55318  5.518  -37.824  65.044 0.0000000000
60344  4.118  -32.094  65.732 0.0000000000
59125  4.096  -32.438  65.399 0.0000000000
60359  3.537  -32.242  64.491 0.0000000000
59142  4.092  -33.343  64.487 0.0000000000
56644  4.549  -35.110  64.154 0.0000000000
70220  11.695  -23.965  77.419 0.0000000000
69152  11.049  -24.641  75.476 0.0000000000
70237  12.373  -23.383  75.806 0.0000000000
69173  9.523  -25.485  73.479 0.0000000000
68196  9.117  -25.628  73.043 0.0000000000
69187  9.010  -25.839  72.104 0.0000000000
68235  7.915  -25.727  70.573 0.0000000000
69201  11.142  -24.455  70.862 0.0000000000
69234  10.607  -24.668  69.581 0.0000000000
69235  9.939  -24.995  69.810 0.0000000000
68233  9.299  -25.304  69.965 0.0000000000
67130  8.417  -25.678  69.724 0.0000000000
67149  7.570  -26.262  69.254 0.0000000000
67170  6.017  -26.928  68.234 0.0000000000
66084  5.652  -27.498  67.508 0.0000000000
66106  5.251  -28.009  66.856 0.0000000000
64976  5.744  -28.436  66.333 0.0000000000
64977  4.929  -28.363  66.272 0.0000000000
65005  4.656  -28.749  65.194 0.0000000000
63802  4.219  -28.745  64.261 0.0000000000
65031  3.461  -29.017  63.317 0.0000000000
63800  5.795  -29.348  64.292 0.0000000000
63815  5.076  -29.276  63.565 0.0000000000
63835  3.238  -29.394  62.665 0.0000000000
47050  7.859  -42.439  79.487 0.0000000000
48260  8.757  -41.549  79.601 0.0000000000
48267  8.736  -41.982  79.060 0.0000000000
49395  6.970  -41.649  80.744 0.0000000000
49397  6.207  -41.732  80.948 0.0000000000
49401  8.428  -40.936  80.264 0.0000000000
49407  9.340  -40.765  79.465 0.0000000000
49408  8.771  -41.091  79.975 0.0000000000
50515  6.650  -41.262  80.832 0.0000000000
50517  6.061  -41.282  81.041 0.0000000000
50519  8.602  -40.678  80.153 0.0000000000
50520  8.178  -40.548  80.344 0.0000000000
50525  5.639  -41.239  80.632 0.0000000000
51562  7.700  -40.099  80.345 0.0000000000
51571  7.894  -39.658  80.175 0.0000000000
51638  4.256  -39.638  74.217 0.0000000000
51662  3.586  -40.464  73.685 0.0000000000
51693  3.837  -40.275  72.341 0.0000000000
51710  4.135  -40.069  71.914 0.0000000000
51733  5.045  -39.840  71.242 0.0000000000
51792  5.897  -39.529  66.326 0.0000000000
52721  7.111  -39.743  80.273 0.0000000000
52724  9.399  -39.032  79.256 0.0000000000
52728  6.717  -39.327  80.107 0.0000000000
52791  4.184  -39.654  73.988 0.0000000000
52827  4.004  -40.020  72.841 0.0000000000
52857  5.761  -38.719  71.462 0.0000000000
52898  6.748  -39.011  69.401 0.0000000000
52943  5.606  -38.991  65.841 0.0000000000
52965  5.319  -38.797  65.412 0.0000000000
53900  8.599  -38.255  79.365 0.0000000000
53901  8.145  -38.373  79.567 0.0000000000
54073  7.615  -37.289  67.786 0.0000000000
54090  7.165  -37.967  66.535 0.0000000000
54111  5.316  -38.287  65.040 0.0000000000
55108  3.888  -35.803  76.951 0.0000000000
55113  21.795  -34.788  77.385 0.0000000000
55120  4.162  -36.402  76.895 0.0000000000
55273  7.652  -36.631  68.443 0.0000000000
55287  7.652  -36.666  67.500 0.0000000000
55301  6.886  -37.434  66.180 0.0000000000
55316  6.497  -36.951  65.772 0.0000000000
56349  24.228  -34.233  79.206 0.0000000000
56376  4.110  -35.973  77.069 0.0000000000
56481  12.767  -35.401  74.462 0.0000000000
56501  16.030  -35.218  73.295 0.0000000000
56502  15.050  -35.276  73.444 0.0000000000
56596  7.592  -35.905  67.152 0.0000000000
56612  7.045  -35.961  66.130 0.0000000000
56657  4.540  -35.647  64.032 0.0000000000
57645  6.495  -35.159  77.431 0.0000000000
57674  10.001  -35.476  75.766 0.0000000000
57689  20.315  -33.757  75.951 0.0000000000
57697  2.773  -33.483  75.038 0.0000000000
57710  17.891  -34.560  73.635 0.0000000000
57716  2.865  -33.540  74.768 0.0000000000
57737  11.393  -34.137  73.450 0.0000000000
57738  3.728  -34.656  73.386 0.0000000000
57753  15.716  -34.175  72.575 0.0000000000
57754  14.959  -34.191  72.579 0.0000000000
57761  3.413  -33.795  73.327 0.0000000000
57805  7.528  -35.300  68.844 0.0000000000
57819  7.628  -35.141  68.280 0.0000000000
57836  7.153  -34.488  67.021 0.0000000000
57852  7.416  -35.503  66.842 0.0000000000
57853  7.079  -35.090  66.402 0.0000000000
58892  12.936  -32.290  79.051 0.0000000000
58917  13.564  -32.308  77.878 0.0000000000
58933  19.763  -32.932  75.972 0.0000000000
58937  5.190  -33.233  76.639 0.0000000000
58938  2.611  -33.297  75.034 0.0000000000
58939  2.568  -33.182  75.241 0.0000000000
58945  18.862  -33.492  74.575 0.0000000000
58949  2.448  -33.106  74.783 0.0000000000
58950  2.511  -32.898  75.072 0.0000000000
58958  18.054  -33.200  73.813 0.0000000000
58995  16.156  -33.781  72.616 0.0000000000
59065  6.781  -33.585  68.208 0.0000000000
60175  11.194  -31.465  79.085 0.0000000000
60183  14.899  -32.367  78.237 0.0000000000
60184  12.789  -32.192  78.186 0.0000000000
60205  2.615  -32.595  76.248 0.0000000000
60221  11.865  -32.110  77.245 0.0000000000
60242  2.426  -32.342  75.835 0.0000000000
60267  2.948  -32.142  73.554 0.0000000000
60280  12.354  -32.427  72.574 0.0000000000
60296  4.026  -30.568  70.290 0.0000000000
60311  4.400  -31.434  68.501 0.0000000000
60380  3.109  -31.351  63.738 0.0000000000
61359  11.012  -31.508  78.412 0.0000000000
61386  5.653  -31.910  75.871 0.0000000000
61424  13.712  -31.699  73.486 0.0000000000
61452  3.994  -30.590  70.539 0.0000000000
61467  3.072  -29.939  68.751 0.0000000000
61490  3.809  -31.756  65.681 0.0000000000
61524  2.386  -31.310  62.894 0.0000000000
61525  2.645  -30.964  63.449 0.0000000000
62527  7.735  -29.819  78.129 0.0000000000
62568  10.655  -30.904  75.509 0.0000000000
62587  2.509  -30.502  72.558 0.0000000000
62618  2.587  -29.203  67.536 0.0000000000
62635  3.129  -30.182  65.978 0.0000000000
62643  3.075  -30.585  63.990 0.0000000000
62650  2.639  -30.478  63.649 0.0000000000
62651  2.853  -30.659  63.719 0.0000000000
62662  2.641  -30.704  63.544 0.0000000000
63745  2.629  -29.993  71.541 0.0000000000
63762  2.433  -29.052  68.226 0.0000000000
63763  2.412  -29.278  68.794 0.0000000000
63777  2.667  -29.499  66.717 0.0000000000
63801  4.832  -28.967  64.512 0.0000000000
63817  2.855  -29.356  63.377 0.0000000000
63819  2.764  -30.379  63.974 0.0000000000
63854  2.969  -29.863  62.179 0.0000000000
64952  2.206  -29.121  69.799 0.0000000000
64963  2.505  -28.754  67.768 0.0000000000
64974  7.821  -28.619  66.415 0.0000000000
64978  3.105  -28.394  66.369 0.0000000000
64979  2.721  -28.588  66.651 0.0000000000
65006  4.016  -28.698  64.895 0.0000000000
65008  2.875  -29.412  64.868 0.0000000000
65017  3.710  -28.729  63.995 0.0000000000
65030  3.913  -28.906  63.437 0.0000000000
65907  2.985  -28.321  78.282 0.0000000000
65983  2.308  -28.791  72.198 0.0000000000
66028  2.359  -28.240  70.373 0.0000000000
66029  2.220  -28.426  70.983 0.0000000000
66119  3.718  -28.260  66.214 0.0000000000
67028  5.180  -26.478  76.726 0.0000000000
67054  5.559  -26.233  74.401 0.0000000000
67062  6.964  -26.256  73.782 0.0000000000
67063  6.667  -26.230  73.806 0.0000000000
67080  7.069  -26.387  73.506 0.0000000000
67165  11.067  -26.094  67.248 0.0000000000
68169  6.738  -25.907  74.852 0.0000000000
68171  5.613  -26.202  74.695 0.0000000000
68172  5.263  -26.326  74.881 0.0000000000
68234  8.598  -25.512  70.059 0.0000000000
68263  9.953  -25.626  68.580 0.0000000000
69123  9.528  -25.010  78.705 0.0000000000
69135  9.495  -25.073  78.305 0.0000000000
69186  9.474  -25.521  72.462 0.0000000000
