#!ascii label  , from subject MOT01 vox2ras=TkReg
938
118421  49.337  22.779  42.213 0.0000000000
120733  48.728  25.758  44.801 0.0000000000
116331  56.093  20.048  46.770 0.0000000000
117707  43.821  21.855  44.436 0.0000000000
115589  46.742  18.659  46.331 0.0000000000
119216  52.705  23.935  36.124 0.0000000000
122041  47.152  27.477  49.667 0.0000000000
125564  50.057  33.067  48.922 0.0000000000
113072  58.506  15.046  45.624 0.0000000000
114023  54.667  16.922  41.210 0.0000000000
119142  53.775  23.828  41.407 0.0000000000
117681  52.136  21.668  45.930 0.0000000000
119893  54.323  24.584  48.247 0.0000000000
115554  55.655  18.571  49.240 0.0000000000
128351  48.317  36.885  44.711 0.0000000000
122809  52.322  29.156  42.283 0.0000000000
113953  50.384  16.731  45.086 0.0000000000
118406  46.005  22.620  43.165 0.0000000000
117018  45.495  20.687  45.783 0.0000000000
117686  48.094  21.386  45.398 0.0000000000
118485  51.084  22.237  39.229 0.0000000000
118468  47.593  22.813  39.883 0.0000000000
124301  45.387  30.047  47.433 0.0000000000
111172  57.956  12.940  45.804 0.0000000000
112133  57.707  15.035  42.570 0.0000000000
112136  54.450  14.225  43.330 0.0000000000
126333  49.540  34.292  40.980 0.0000000000
119965  51.436  24.705  42.848 0.0000000000
119950  53.232  24.545  44.407 0.0000000000
119932  52.045  24.551  46.632 0.0000000000
116293  51.297  19.707  50.278 0.0000000000
116946  53.473  21.360  51.235 0.0000000000
115556  53.342  18.742  49.549 0.0000000000
113907  55.936  16.446  48.882 0.0000000000
123542  49.197  29.256  46.831 0.0000000000
124308  52.622  30.572  46.386 0.0000000000
122103  49.297  28.224  43.020 0.0000000000
121469  51.082  25.831  40.274 0.0000000000
116995  53.635  20.690  47.310 0.0000000000
115584  51.825  18.576  46.798 0.0000000000
114762  53.697  17.520  46.266 0.0000000000
114771  44.234  17.799  45.919 0.0000000000
113958  45.316  16.842  44.685 0.0000000000
122874  54.035  28.457  37.143 0.0000000000
120809  50.523  25.605  36.902 0.0000000000
122059  47.751  27.457  47.734 0.0000000000
119920  49.903  24.391  48.128 0.0000000000
128315  44.074  37.313  47.471 0.0000000000
128974  47.337  37.198  47.092 0.0000000000
124288  48.137  31.002  49.217 0.0000000000
115608  58.244  18.477  45.734 0.0000000000
113970  56.038  17.444  43.815 0.0000000000
114003  57.584  17.185  42.375 0.0000000000
113130  56.007  16.375  39.117 0.0000000000
118441  52.483  22.384  41.413 0.0000000000
118384  50.610  22.133  44.117 0.0000000000
118381  53.517  23.169  43.734 0.0000000000
118369  54.005  23.362  46.270 0.0000000000
117668  55.865  21.958  47.852 0.0000000000
119093  52.914  24.261  50.225 0.0000000000
118327  55.232  22.518  49.943 0.0000000000
116987  57.340  20.293  47.850 0.0000000000
114752  57.713  17.338  47.409 0.0000000000
112081  58.555  14.167  48.386 0.0000000000
128378  46.315  36.073  43.055 0.0000000000
124991  49.505  31.782  42.643 0.0000000000
124967  51.473  31.647  44.680 0.0000000000
124356  54.408  30.094  41.164 0.0000000000
122160  53.767  27.172  38.640 0.0000000000
119183  53.292  23.017  38.843 0.0000000000
117004  49.133  20.498  46.248 0.0000000000
114767  48.229  17.883  46.275 0.0000000000
113995  47.719  16.498  43.098 0.0000000000
113990  53.018  16.411  43.300 0.0000000000
118405  47.258  22.721  43.148 0.0000000000
118387  47.567  22.305  43.995 0.0000000000
118386  48.616  22.269  44.011 0.0000000000
118466  50.110  22.624  40.160 0.0000000000
118467  48.851  22.756  40.028 0.0000000000
118445  47.890  23.040  41.050 0.0000000000
118423  46.945  22.961  42.101 0.0000000000
111156  56.033  13.306  46.538 0.0000000000
111191  55.692  13.846  44.165 0.0000000000
111192  54.845  14.063  44.395 0.0000000000
113091  44.407  15.758  42.960 0.0000000000
120738  49.449  25.604  43.966 0.0000000000
119952  51.021  24.819  44.987 0.0000000000
120732  49.855  25.078  45.184 0.0000000000
115541  50.514  18.828  49.916 0.0000000000
116312  51.971  19.449  49.962 0.0000000000
122085  47.760  27.524  45.486 0.0000000000
122791  49.178  28.995  44.598 0.0000000000
121438  48.641  26.978  43.614 0.0000000000
120756  49.941  25.728  42.296 0.0000000000
116324  55.244  19.951  47.202 0.0000000000
115572  53.852  19.216  47.255 0.0000000000
114761  54.916  17.982  46.221 0.0000000000
117021  42.061  20.926  45.249 0.0000000000
117020  43.289  20.447  45.761 0.0000000000
117007  45.878  20.080  46.202 0.0000000000
116340  45.313  19.321  46.274 0.0000000000
115590  45.754  18.629  46.206 0.0000000000
114802  44.716  17.269  45.341 0.0000000000
114769  46.241  18.011  45.863 0.0000000000
121525  53.213  26.235  36.417 0.0000000000
122190  52.430  27.059  36.764 0.0000000000
120045  51.538  24.065  36.144 0.0000000000
117719  43.647  22.246  43.346 0.0000000000
117708  42.721  21.728  44.283 0.0000000000
122040  47.619  27.577  49.348 0.0000000000
120686  48.036  25.669  49.067 0.0000000000
121377  46.748  26.537  49.822 0.0000000000
123527  46.199  29.396  48.784 0.0000000000
124290  46.503  30.376  48.225 0.0000000000
123519  47.231  29.313  49.261 0.0000000000
122747  48.236  28.361  49.073 0.0000000000
114788  58.248  17.543  45.694 0.0000000000
114814  58.080  18.058  44.261 0.0000000000
113969  58.327  16.598  44.278 0.0000000000
112158  56.166  14.853  40.710 0.0000000000
112157  56.751  15.717  40.503 0.0000000000
112186  55.227  14.958  38.916 0.0000000000
118462  53.882  22.629  41.074 0.0000000000
118417  53.367  22.675  42.377 0.0000000000
119134  54.144  23.679  42.731 0.0000000000
119930  53.911  24.656  46.350 0.0000000000
119127  54.247  24.122  45.652 0.0000000000
119118  54.993  23.784  47.187 0.0000000000
118362  55.205  22.859  47.574 0.0000000000
119106  55.359  23.586  48.086 0.0000000000
119873  50.475  24.323  49.745 0.0000000000
119897  50.679  24.308  48.845 0.0000000000
119074  51.667  23.939  51.074 0.0000000000
116290  54.456  20.287  50.505 0.0000000000
117635  54.200  21.361  51.179 0.0000000000
116956  55.434  20.877  50.574 0.0000000000
117648  56.099  21.350  49.807 0.0000000000
116308  56.749  19.298  49.134 0.0000000000
116318  57.472  19.274  48.370 0.0000000000
115553  56.396  18.282  48.847 0.0000000000
113027  55.926  15.342  50.026 0.0000000000
113036  57.082  15.468  48.813 0.0000000000
127694  47.218  35.729  43.829 0.0000000000
125622  47.610  33.094  43.324 0.0000000000
125607  48.390  32.743  44.185 0.0000000000
126930  49.115  34.855  46.634 0.0000000000
128327  48.859  36.702  46.960 0.0000000000
126908  50.465  34.453  47.400 0.0000000000
123565  51.832  30.060  44.416 0.0000000000
124953  53.292  31.440  45.761 0.0000000000
123576  52.338  29.935  43.452 0.0000000000
124352  52.575  30.370  42.934 0.0000000000
123592  53.421  29.395  42.058 0.0000000000
122837  54.339  28.830  40.022 0.0000000000
122825  52.782  28.297  40.669 0.0000000000
119996  52.422  24.262  40.364 0.0000000000
120784  52.151  24.674  39.603 0.0000000000
119995  53.068  23.735  40.206 0.0000000000
118483  53.016  22.554  39.646 0.0000000000
118376  51.667  21.924  45.103 0.0000000000
117700  50.590  21.716  44.953 0.0000000000
117677  50.839  20.883  46.112 0.0000000000
114764  51.246  17.785  46.393 0.0000000000
114765  50.246  17.862  46.332 0.0000000000
114797  49.776  17.251  45.776 0.0000000000
113955  48.380  16.840  44.938 0.0000000000
113977  49.054  16.551  44.103 0.0000000000
114006  54.975  16.885  42.244 0.0000000000
113989  54.148  16.590  43.295 0.0000000000
114007  53.856  16.616  42.249 0.0000000000
118390  45.153  22.349  43.731 0.0000000000
117690  44.125  21.269  45.184 0.0000000000
117705  45.851  21.835  44.681 0.0000000000
117017  46.488  20.752  45.853 0.0000000000
117016  47.476  20.828  45.905 0.0000000000
118516  51.723  21.875  37.355 0.0000000000
118407  44.820  22.540  42.896 0.0000000000
112111  58.645  14.060  45.489 0.0000000000
113083  58.448  15.116  44.387 0.0000000000
112123  57.153  13.659  43.538 0.0000000000
111205  56.214  13.819  43.398 0.0000000000
119981  51.626  24.583  42.136 0.0000000000
119956  53.322  24.472  43.277 0.0000000000
119957  52.374  24.611  43.600 0.0000000000
119943  53.167  24.596  45.478 0.0000000000
119917  52.800  24.664  47.448 0.0000000000
117636  50.849  21.867  51.231 0.0000000000
117624  52.150  22.083  51.483 0.0000000000
116960  51.988  20.675  50.892 0.0000000000
116311  52.940  19.511  49.938 0.0000000000
115555  54.502  18.718  49.492 0.0000000000
114738  55.925  17.536  48.809 0.0000000000
114739  54.795  17.611  49.156 0.0000000000
113040  54.751  15.867  49.639 0.0000000000
113015  54.978  15.303  51.161 0.0000000000
129580  48.515  39.000  45.770 0.0000000000
124277  50.533  30.932  49.204 0.0000000000
125562  51.711  32.559  48.609 0.0000000000
123532  50.643  30.142  47.082 0.0000000000
123566  50.369  29.565  44.364 0.0000000000
122818  50.518  28.228  41.706 0.0000000000
122826  51.745  27.856  40.610 0.0000000000
122115  50.116  27.126  41.444 0.0000000000
120755  50.756  25.092  41.744 0.0000000000
117671  53.228  21.284  47.031 0.0000000000
117001  51.945  20.385  46.731 0.0000000000
116333  52.311  19.554  47.096 0.0000000000
114763  52.409  17.557  46.384 0.0000000000
113951  52.526  16.796  45.450 0.0000000000
114050  53.967  16.665  39.461 0.0000000000
114039  53.255  16.668  40.364 0.0000000000
114773  42.107  17.221  46.085 0.0000000000
117009  43.955  19.911  46.121 0.0000000000
115592  43.788  18.446  46.282 0.0000000000
114803  43.680  17.087  45.511 0.0000000000
113959  44.136  16.535  44.686 0.0000000000
113981  44.996  16.405  43.907 0.0000000000
113997  45.639  16.333  43.115 0.0000000000
122856  53.001  29.051  37.730 0.0000000000
122179  50.849  27.243  37.503 0.0000000000
120726  47.842  26.015  46.071 0.0000000000
120724  49.405  24.792  46.381 0.0000000000
120704  47.958  25.587  48.031 0.0000000000
119899  48.954  24.657  49.235 0.0000000000
119855  49.262  24.226  50.349 0.0000000000
118333  49.457  22.644  50.691 0.0000000000
116962  49.481  20.741  50.852 0.0000000000
128314  45.262  37.307  47.435 0.0000000000
127654  47.535  35.161  46.028 0.0000000000
125584  48.845  33.350  47.047 0.0000000000
125555  49.167  31.859  49.294 0.0000000000
123517  49.275  29.807  49.218 0.0000000000
122758  48.111  28.196  47.650 0.0000000000
116353  57.573  19.627  45.573 0.0000000000
114759  56.411  18.801  45.542 0.0000000000
114815  57.255  18.366  44.266 0.0000000000
114831  56.704  17.659  42.739 0.0000000000
114022  55.749  17.162  41.187 0.0000000000
113099  57.624  15.917  41.704 0.0000000000
113119  56.867  16.546  40.206 0.0000000000
114048  55.892  16.962  39.588 0.0000000000
118442  51.430  22.398  41.310 0.0000000000
118402  50.542  22.366  43.179 0.0000000000
118401  51.571  22.352  43.246 0.0000000000
118400  52.578  22.520  43.243 0.0000000000
118375  52.376  22.248  45.225 0.0000000000
119949  53.813  24.198  44.157 0.0000000000
119128  53.965  23.781  45.196 0.0000000000
118370  53.359  22.787  46.063 0.0000000000
117670  53.918  21.741  47.204 0.0000000000
117669  54.900  21.901  47.557 0.0000000000
117000  56.399  20.623  47.062 0.0000000000
119933  50.996  24.492  46.841 0.0000000000
119895  52.413  24.488  48.482 0.0000000000
119870  53.994  24.555  48.945 0.0000000000
118330  53.136  23.167  51.338 0.0000000000
118328  54.417  23.136  50.301 0.0000000000
118343  54.983  23.223  49.613 0.0000000000
117662  56.080  22.273  48.617 0.0000000000
117667  56.496  21.616  48.290 0.0000000000
116991  57.453  20.413  46.873 0.0000000000
116322  57.844  19.687  47.118 0.0000000000
115577  58.167  18.129  46.471 0.0000000000
113926  57.909  16.162  46.687 0.0000000000
113916  56.552  16.487  48.514 0.0000000000
113920  57.366  16.333  47.762 0.0000000000
113048  58.070  15.172  47.181 0.0000000000
111153  58.731  13.356  47.047 0.0000000000
127004  47.059  34.204  41.893 0.0000000000
125639  49.573  32.968  41.630 0.0000000000
125637  51.607  32.765  41.533 0.0000000000
126239  51.788  33.394  47.599 0.0000000000
125606  49.834  32.701  45.104 0.0000000000
124982  51.084  31.301  43.638 0.0000000000
124996  52.980  31.212  41.889 0.0000000000
124995  53.663  31.337  41.251 0.0000000000
123599  54.620  29.549  39.588 0.0000000000
122159  54.346  27.516  38.162 0.0000000000
120807  53.657  25.428  36.959 0.0000000000
122147  51.884  26.826  39.677 0.0000000000
120796  52.858  24.900  38.098 0.0000000000
120031  53.308  23.676  37.308 0.0000000000
118501  52.876  22.365  38.563 0.0000000000
118465  51.286  22.342  40.296 0.0000000000
117701  49.714  21.712  44.807 0.0000000000
117014  49.054  21.063  45.881 0.0000000000
116337  48.375  19.513  46.486 0.0000000000
116335  50.411  19.466  46.623 0.0000000000
115587  48.787  18.668  46.548 0.0000000000
115588  47.756  18.667  46.470 0.0000000000
114800  46.777  17.405  45.444 0.0000000000
113979  47.014  16.619  43.988 0.0000000000
113949  54.820  17.105  45.001 0.0000000000
113973  53.332  16.575  44.377 0.0000000000
113974  52.192  16.416  44.333 0.0000000000
114025  52.463  16.571  41.311 0.0000000000
113993  49.793  16.486  43.186 0.0000000000
112137  53.512  14.254  43.764 0.0000000000
112161  53.188  14.268  41.727 0.0000000000
118422  48.163  22.980  42.177 0.0000000000
118404  48.403  22.637  43.149 0.0000000000
118443  50.300  22.591  41.233 0.0000000000
118444  49.124  22.900  41.153 0.0000000000
111174  55.841  13.639  45.389 0.0000000000
120731  50.406  24.984  44.817 0.0000000000
121431  48.147  26.746  44.635 0.0000000000
122095  47.951  27.498  44.858 0.0000000000
120739  48.757  26.246  44.072 0.0000000000
121437  49.016  26.272  43.474 0.0000000000
115581  55.368  19.179  46.708 0.0000000000
117691  43.198  21.295  45.056 0.0000000000
116339  46.296  19.387  46.370 0.0000000000
120043  53.021  24.470  36.133 0.0000000000
120825  52.755  25.306  36.089 0.0000000000
120044  52.410  24.332  36.031 0.0000000000
121376  47.601  26.535  49.482 0.0000000000
122749  46.154  28.709  49.170 0.0000000000
123520  46.587  28.944  49.213 0.0000000000
122741  46.708  28.346  49.474 0.0000000000
122740  47.677  28.353  49.387 0.0000000000
113946  58.152  16.258  45.914 0.0000000000
113947  58.406  15.825  45.039 0.0000000000
119157  53.802  23.550  40.859 0.0000000000
119141  54.084  23.532  41.787 0.0000000000
119915  54.520  24.524  47.223 0.0000000000
119929  54.417  24.302  46.351 0.0000000000
119107  55.028  24.227  48.070 0.0000000000
119854  50.143  24.086  50.343 0.0000000000
119853  51.021  24.190  50.452 0.0000000000
118331  51.117  23.339  51.153 0.0000000000
116309  55.435  19.816  50.074 0.0000000000
116289  55.038  20.454  50.583 0.0000000000
116977  55.924  20.547  50.224 0.0000000000
113013  56.462  15.078  50.486 0.0000000000
128994  47.535  37.618  44.266 0.0000000000
127681  47.965  35.866  44.557 0.0000000000
126976  47.499  34.875  44.214 0.0000000000
126975  48.325  34.898  45.038 0.0000000000
126242  49.471  34.004  47.161 0.0000000000
126241  50.138  34.311  47.458 0.0000000000
126207  50.579  33.569  48.277 0.0000000000
123585  51.879  29.464  42.874 0.0000000000
123564  52.314  30.234  44.047 0.0000000000
123575  52.688  29.838  42.965 0.0000000000
122808  52.871  29.249  42.240 0.0000000000
122816  53.163  29.024  41.814 0.0000000000
119979  53.195  24.012  41.022 0.0000000000
117682  51.497  21.531  45.633 0.0000000000
117676  51.665  21.033  46.265 0.0000000000
114796  50.750  17.186  45.853 0.0000000000
113954  49.383  16.788  45.013 0.0000000000
113976  50.067  16.491  44.164 0.0000000000
118389  45.669  22.241  44.059 0.0000000000
117703  47.831  21.832  44.727 0.0000000000
117704  46.829  21.838  44.713 0.0000000000
117687  47.131  21.359  45.372 0.0000000000
118502  52.011  21.940  38.361 0.0000000000
118517  50.500  21.943  37.274 0.0000000000
118503  50.815  22.035  38.189 0.0000000000
118487  48.538  22.431  38.912 0.0000000000
118424  45.767  22.845  41.951 0.0000000000
111171  58.643  13.324  46.088 0.0000000000
111188  58.412  13.418  45.312 0.0000000000
111189  57.895  13.240  44.747 0.0000000000
112135  55.602  14.022  43.090 0.0000000000
112146  56.028  14.286  41.866 0.0000000000
112147  54.823  14.223  42.270 0.0000000000
127041  48.336  34.740  40.642 0.0000000000
127739  48.033  35.198  40.260 0.0000000000
119964  52.408  24.451  42.559 0.0000000000
119951  52.257  24.658  44.657 0.0000000000
119944  52.171  24.609  45.666 0.0000000000
119931  53.054  24.693  46.461 0.0000000000
116961  50.811  20.857  51.105 0.0000000000
116949  51.198  21.510  51.293 0.0000000000
115557  52.280  18.796  49.631 0.0000000000
116310  54.044  19.572  49.980 0.0000000000
114740  53.666  17.714  49.358 0.0000000000
113909  53.974  16.457  49.561 0.0000000000
113029  54.268  15.610  50.361 0.0000000000
113028  55.192  15.436  50.245 0.0000000000
123533  49.840  29.630  47.494 0.0000000000
124299  50.394  30.120  48.065 0.0000000000
123541  50.016  29.745  46.456 0.0000000000
122802  49.049  28.462  43.673 0.0000000000
123567  49.745  29.504  45.020 0.0000000000
122801  50.022  29.133  43.460 0.0000000000
122811  49.912  28.436  42.455 0.0000000000
122116  49.692  27.262  42.012 0.0000000000
120741  50.309  25.178  43.127 0.0000000000
116996  52.771  20.546  47.123 0.0000000000
116326  53.258  19.750  47.322 0.0000000000
115582  54.248  18.580  46.872 0.0000000000
115583  53.046  18.605  47.031 0.0000000000
113929  53.142  17.147  45.946 0.0000000000
115593  42.776  18.298  46.385 0.0000000000
117019  44.479  20.594  45.711 0.0000000000
117008  44.901  19.985  46.105 0.0000000000
115591  44.772  18.553  46.194 0.0000000000
116341  44.343  19.249  46.269 0.0000000000
114772  43.229  17.595  46.087 0.0000000000
114801  45.764  17.382  45.348 0.0000000000
113980  45.990  16.575  43.946 0.0000000000
124375  54.336  29.982  38.438 0.0000000000
123630  53.769  29.091  37.570 0.0000000000
121510  51.221  26.460  37.028 0.0000000000
122178  51.825  27.183  37.085 0.0000000000
120810  49.542  25.370  37.233 0.0000000000
121413  47.600  26.600  46.723 0.0000000000
120716  47.952  25.708  46.926 0.0000000000
121398  47.676  26.351  47.617 0.0000000000
120685  48.414  25.078  49.496 0.0000000000
119875  48.721  24.864  49.955 0.0000000000
119077  48.879  23.541  50.501 0.0000000000
117637  50.014  21.755  50.983 0.0000000000
128961  44.628  38.275  48.160 0.0000000000
127655  46.661  35.163  45.865 0.0000000000
126949  47.161  34.395  45.675 0.0000000000
126931  48.121  34.589  46.156 0.0000000000
124289  47.516  30.472  49.063 0.0000000000
124929  47.920  31.411  48.848 0.0000000000
124937  48.465  32.059  48.635 0.0000000000
124278  49.671  30.710  49.334 0.0000000000
124279  48.598  30.498  49.369 0.0000000000
122048  48.078  27.984  48.455 0.0000000000
122757  48.442  28.485  48.212 0.0000000000
122071  47.624  27.454  46.393 0.0000000000
115609  58.070  19.117  45.236 0.0000000000
115623  57.376  18.818  44.744 0.0000000000
115622  57.642  18.789  44.702 0.0000000000
114823  57.619  17.885  43.255 0.0000000000
114830  57.238  17.820  42.640 0.0000000000
114004  57.024  17.453  42.081 0.0000000000
113090  58.162  15.661  43.360 0.0000000000
112170  56.660  15.972  39.948 0.0000000000
114036  56.292  17.127  40.235 0.0000000000
113129  56.406  16.729  39.669 0.0000000000
114049  55.101  16.709  39.268 0.0000000000
113139  55.373  16.211  38.655 0.0000000000
118419  51.514  22.424  42.274 0.0000000000
118399  53.422  22.867  43.155 0.0000000000
118382  52.835  22.662  44.060 0.0000000000
118374  53.322  23.146  44.664 0.0000000000
119955  53.998  24.137  43.038 0.0000000000
119123  54.382  23.826  46.136 0.0000000000
119124  53.983  23.529  45.894 0.0000000000
118364  53.678  22.396  46.801 0.0000000000
118363  54.246  22.938  46.960 0.0000000000
116993  55.725  20.851  47.337 0.0000000000
119935  49.381  24.516  47.694 0.0000000000
119934  49.827  24.492  47.110 0.0000000000
119872  51.746  24.358  49.806 0.0000000000
119896  51.484  24.359  48.512 0.0000000000
119871  53.064  24.469  49.256 0.0000000000
116947  52.578  21.356  51.273 0.0000000000
118316  52.563  22.947  51.479 0.0000000000
117623  53.050  22.041  51.506 0.0000000000
117634  54.780  21.913  50.923 0.0000000000
118314  54.129  22.511  51.118 0.0000000000
119071  54.149  23.835  49.933 0.0000000000
118342  55.505  23.131  48.974 0.0000000000
117649  55.878  22.078  49.460 0.0000000000
116988  56.892  20.923  48.520 0.0000000000
117661  56.440  21.534  49.082 0.0000000000
116992  56.695  20.960  47.527 0.0000000000
115564  57.405  18.085  48.143 0.0000000000
115569  57.949  18.519  47.302 0.0000000000
115568  57.977  17.747  47.026 0.0000000000
114757  57.975  17.146  46.753 0.0000000000
114758  57.813  17.005  47.140 0.0000000000
113917  56.238  17.138  48.603 0.0000000000
112082  57.945  14.779  48.529 0.0000000000
113043  57.319  15.535  48.370 0.0000000000
113049  57.800  15.348  47.667 0.0000000000
112088  58.170  14.653  47.998 0.0000000000
112087  58.397  14.432  47.401 0.0000000000
128365  46.033  36.661  43.301 0.0000000000
128366  44.927  36.381  43.570 0.0000000000
128379  45.732  36.067  42.913 0.0000000000
126302  46.820  34.366  42.461 0.0000000000
124992  48.736  32.091  42.680 0.0000000000
125628  48.383  32.574  42.349 0.0000000000
125627  49.104  32.363  42.132 0.0000000000
125638  50.604  32.947  41.573 0.0000000000
124998  50.928  32.199  41.850 0.0000000000
124297  52.138  30.885  47.335 0.0000000000
125572  52.172  32.739  47.750 0.0000000000
124935  53.032  31.670  47.208 0.0000000000
124966  52.647  31.221  44.712 0.0000000000
125592  52.500  32.239  45.838 0.0000000000
125593  51.253  32.775  45.740 0.0000000000
125605  50.714  32.190  44.986 0.0000000000
124968  50.352  31.758  44.406 0.0000000000
124351  52.953  30.444  42.545 0.0000000000
124989  52.126  30.880  42.786 0.0000000000
124358  53.415  30.579  42.113 0.0000000000
124357  53.918  30.624  41.561 0.0000000000
124361  54.497  30.442  40.282 0.0000000000
122144  54.070  28.006  39.149 0.0000000000
121492  54.220  26.959  38.002 0.0000000000
121508  54.074  26.315  37.277 0.0000000000
121493  54.027  26.667  37.971 0.0000000000
122129  51.237  26.885  40.235 0.0000000000
122128  52.164  27.487  39.980 0.0000000000
121482  51.758  25.912  39.511 0.0000000000
120007  52.717  23.919  39.126 0.0000000000
120783  52.380  25.260  38.852 0.0000000000
120018  53.145  23.773  38.046 0.0000000000
119194  53.293  22.896  37.802 0.0000000000
118463  53.347  22.504  40.668 0.0000000000
118464  52.372  22.321  40.443 0.0000000000
118385  49.626  22.189  44.035 0.0000000000
117678  50.087  20.904  46.098 0.0000000000
117684  49.732  21.279  45.636 0.0000000000
117005  47.922  20.238  46.256 0.0000000000
116334  51.362  19.477  46.778 0.0000000000
117002  51.049  20.246  46.496 0.0000000000
114766  49.247  17.864  46.339 0.0000000000
115586  49.801  18.655  46.571 0.0000000000
114768  47.227  17.953  46.081 0.0000000000
114799  47.778  17.365  45.584 0.0000000000
113978  48.036  16.576  44.048 0.0000000000
113956  47.375  16.888  44.847 0.0000000000
113996  46.667  16.469  43.071 0.0000000000
114817  55.789  17.453  44.588 0.0000000000
114792  55.565  17.542  45.170 0.0000000000
113948  55.276  17.253  44.843 0.0000000000
113991  51.899  16.389  43.277 0.0000000000
114040  52.208  16.531  40.424 0.0000000000
118388  46.518  22.304  44.003 0.0000000000
118486  49.833  22.376  39.071 0.0000000000
118446  46.677  22.900  40.929 0.0000000000
111155  57.160  12.941  46.667 0.0000000000
111173  56.973  13.178  45.550 0.0000000000
112124  54.968  14.083  43.859 0.0000000000
119958  51.282  24.756  43.916 0.0000000000
120737  50.355  25.024  44.318 0.0000000000
119945  51.202  24.652  45.936 0.0000000000
115540  51.036  19.208  49.956 0.0000000000
115558  51.330  18.987  49.810 0.0000000000
114741  52.595  17.877  49.439 0.0000000000
122780  48.568  28.716  46.052 0.0000000000
123553  49.442  29.371  45.735 0.0000000000
122084  48.160  28.188  45.144 0.0000000000
122094  48.352  27.875  44.158 0.0000000000
121444  48.995  27.343  43.077 0.0000000000
121455  49.598  26.618  42.213 0.0000000000
121443  49.111  26.762  42.934 0.0000000000
120742  49.430  25.932  42.935 0.0000000000
116994  54.600  20.856  47.387 0.0000000000
116325  54.186  19.958  47.362 0.0000000000
115571  54.649  19.361  47.155 0.0000000000
114770  45.237  17.935  45.834 0.0000000000
122188  53.718  27.071  36.589 0.0000000000
122176  53.487  27.797  36.824 0.0000000000
122189  52.994  27.025  36.639 0.0000000000
121527  51.370  25.665  36.584 0.0000000000
120827  51.012  24.816  36.472 0.0000000000
117726  43.282  22.123  42.226 0.0000000000
117720  42.576  21.976  43.105 0.0000000000
117033  41.988  21.434  44.491 0.0000000000
122049  47.908  27.488  48.929 0.0000000000
121384  47.752  26.515  48.541 0.0000000000
124291  45.795  29.777  48.151 0.0000000000
124300  46.243  30.738  47.092 0.0000000000
123526  46.856  29.901  48.884 0.0000000000
124280  47.915  29.876  49.375 0.0000000000
123518  48.274  29.222  49.332 0.0000000000
122739  48.098  28.623  49.349 0.0000000000
122748  47.878  27.955  49.243 0.0000000000
114789  58.286  18.212  45.109 0.0000000000
114813  58.313  17.494  44.853 0.0000000000
113986  58.074  17.000  43.230 0.0000000000
112145  57.142  15.112  41.571 0.0000000000
112171  56.111  15.524  39.629 0.0000000000
118440  53.358  22.514  41.563 0.0000000000
118439  53.984  22.826  41.686 0.0000000000
118416  53.911  23.153  42.447 0.0000000000
118398  53.842  23.364  43.130 0.0000000000
119942  53.941  24.330  45.434 0.0000000000
119117  55.350  23.333  47.725 0.0000000000
118355  55.679  22.926  48.103 0.0000000000
119898  49.756  24.392  49.030 0.0000000000
119852  51.474  24.246  50.499 0.0000000000
119094  52.290  24.223  50.643 0.0000000000
116958  53.906  20.798  50.886 0.0000000000
116957  54.690  20.898  50.933 0.0000000000
117633  55.653  21.578  50.193 0.0000000000
117632  55.935  21.306  50.103 0.0000000000
116955  56.003  21.044  50.186 0.0000000000
116976  56.499  20.585  49.601 0.0000000000
116975  57.158  20.036  48.776 0.0000000000
116319  57.142  19.069  48.788 0.0000000000
115565  57.021  18.611  48.703 0.0000000000
113038  56.118  15.690  49.303 0.0000000000
113906  56.284  15.998  48.855 0.0000000000
113026  56.506  15.246  49.767 0.0000000000
112078  57.399  14.945  49.307 0.0000000000
128995  46.466  37.902  44.179 0.0000000000
129010  46.640  37.205  43.714 0.0000000000
128364  46.815  36.440  43.508 0.0000000000
126289  46.859  34.314  43.006 0.0000000000
126288  47.261  33.976  43.598 0.0000000000
125608  47.715  33.383  43.908 0.0000000000
124984  48.899  31.894  43.396 0.0000000000
127629  48.344  35.685  46.540 0.0000000000
128973  48.203  37.431  47.182 0.0000000000
127628  49.440  35.856  46.957 0.0000000000
124320  51.996  30.200  45.595 0.0000000000
124307  53.372  30.881  46.102 0.0000000000
124334  52.457  30.220  44.960 0.0000000000
124333  52.677  30.419  44.410 0.0000000000
124981  51.973  30.734  44.001 0.0000000000
124346  52.406  30.325  43.419 0.0000000000
124345  52.751  30.073  43.017 0.0000000000
123591  53.951  29.560  41.735 0.0000000000
123594  54.414  29.492  40.799 0.0000000000
122824  53.907  28.974  40.978 0.0000000000
122838  53.627  28.261  39.981 0.0000000000
122839  52.930  27.751  39.799 0.0000000000
120771  51.499  24.920  40.333 0.0000000000
120008  52.606  24.115  39.789 0.0000000000
119172  53.523  23.079  40.097 0.0000000000
119171  53.857  22.726  40.672 0.0000000000
118383  51.670  22.157  44.384 0.0000000000
117699  51.202  21.736  45.145 0.0000000000
117683  50.652  21.324  45.605 0.0000000000
115585  50.790  18.621  46.650 0.0000000000
114798  48.775  17.272  45.729 0.0000000000
113987  55.919  17.330  43.330 0.0000000000
113988  55.181  16.984  43.296 0.0000000000
114008  52.731  16.495  42.272 0.0000000000
117706  44.874  21.929  44.520 0.0000000000
117689  45.139  21.346  45.299 0.0000000000
117688  46.141  21.339  45.342 0.0000000000
117006  46.878  20.157  46.276 0.0000000000
118527  52.403  22.302  36.688 0.0000000000
119217  52.264  23.271  36.190 0.0000000000
118504  49.516  22.053  38.051 0.0000000000
118425  44.764  22.589  41.673 0.0000000000
117718  44.449  22.250  43.834 0.0000000000
123535  44.831  29.586  47.561 0.0000000000
123528  45.067  29.306  48.151 0.0000000000
122750  45.472  28.683  48.861 0.0000000000
113073  58.597  15.147  44.995 0.0000000000
112121  58.466  14.010  44.697 0.0000000000
112122  57.945  14.086  43.643 0.0000000000
111190  56.879  13.457  44.328 0.0000000000
112134  56.912  13.986  42.782 0.0000000000
112159  55.129  14.445  41.133 0.0000000000
119963  53.456  24.100  42.092 0.0000000000
119916  53.760  24.802  47.318 0.0000000000
118332  50.580  22.762  51.054 0.0000000000
118318  51.103  22.369  51.280 0.0000000000
117625  51.427  22.002  51.365 0.0000000000
116948  51.700  21.387  51.302 0.0000000000
116959  53.000  20.760  50.832 0.0000000000
116292  52.458  20.069  50.373 0.0000000000
116291  53.487  20.188  50.409 0.0000000000
113908  55.104  16.576  49.106 0.0000000000
113039  55.465  15.783  49.428 0.0000000000
113014  55.907  15.141  50.987 0.0000000000
112066  56.237  15.023  51.664 0.0000000000
128993  48.488  37.791  45.069 0.0000000000
125553  50.538  32.287  49.437 0.0000000000
125563  51.048  32.863  49.090 0.0000000000
124927  51.143  31.185  48.892 0.0000000000
124298  51.206  30.579  47.668 0.0000000000
124309  51.620  30.432  46.685 0.0000000000
123552  50.233  29.770  45.462 0.0000000000
123551  51.085  29.977  45.174 0.0000000000
123578  50.484  29.430  43.739 0.0000000000
123577  51.102  29.546  43.422 0.0000000000
122810  51.039  29.105  42.598 0.0000000000
122817  51.777  28.548  41.489 0.0000000000
122114  50.934  27.682  40.967 0.0000000000
121470  50.460  26.151  40.839 0.0000000000
121454  50.052  26.101  41.644 0.0000000000
120772  50.967  25.378  40.829 0.0000000000
120754  51.284  24.938  41.062 0.0000000000
119980  52.047  24.427  41.402 0.0000000000
117675  52.625  21.455  46.491 0.0000000000
114795  51.630  17.109  45.950 0.0000000000
113952  51.399  16.682  45.202 0.0000000000
114038  54.342  16.876  40.260 0.0000000000
114051  52.933  16.508  39.587 0.0000000000
117010  43.380  19.847  46.170 0.0000000000
116342  43.366  19.235  46.338 0.0000000000
114804  42.735  16.928  45.761 0.0000000000
113960  43.090  16.380  45.185 0.0000000000
113982  44.268  16.068  43.799 0.0000000000
122177  52.691  27.665  36.993 0.0000000000
122876  52.158  28.172  37.525 0.0000000000
119218  51.014  23.161  36.423 0.0000000000
120046  50.565  23.909  36.432 0.0000000000
121424  48.102  26.063  45.360 0.0000000000
120725  48.615  25.408  45.964 0.0000000000
120715  48.797  24.847  47.292 0.0000000000
119921  49.145  24.535  48.325 0.0000000000
120703  48.447  24.968  48.597 0.0000000000
119874  49.549  24.460  49.817 0.0000000000
128313  46.424  37.276  47.267 0.0000000000
128330  45.743  36.561  46.817 0.0000000000
128329  46.795  36.600  46.693 0.0000000000
127630  47.245  35.887  46.277 0.0000000000
126243  48.601  33.843  46.567 0.0000000000
125574  49.061  32.842  47.832 0.0000000000
125575  48.196  32.282  47.379 0.0000000000
125565  49.098  32.347  48.998 0.0000000000
124921  50.121  31.506  49.468 0.0000000000
124287  50.114  30.239  48.903 0.0000000000
123524  49.619  29.629  48.450 0.0000000000
123525  48.877  29.055  48.782 0.0000000000
123534  49.088  29.111  47.881 0.0000000000
122768  48.534  28.675  47.266 0.0000000000
122781  47.909  28.063  45.967 0.0000000000
121425  47.661  26.751  45.627 0.0000000000
116330  57.099  19.921  45.865 0.0000000000
115580  56.460  19.298  45.853 0.0000000000
115610  57.195  19.228  45.273 0.0000000000
114790  57.137  18.771  44.802 0.0000000000
114816  56.317  17.707  44.260 0.0000000000
114824  56.930  18.004  43.346 0.0000000000
114825  56.396  17.608  43.380 0.0000000000
114832  56.309  17.472  42.924 0.0000000000
114005  56.126  17.247  42.344 0.0000000000
113098  57.877  16.142  42.373 0.0000000000
113108  57.590  16.548  41.800 0.0000000000
113109  57.322  16.324  41.118 0.0000000000
114020  57.311  16.993  41.657 0.0000000000
114021  56.830  17.226  41.134 0.0000000000
114037  55.378  17.094  40.227 0.0000000000
118420  50.444  22.515  42.232 0.0000000000
118403  49.493  22.486  43.154 0.0000000000
118418  52.512  22.473  42.326 0.0000000000
118371  52.619  22.035  45.930 0.0000000000
119962  54.100  23.934  42.373 0.0000000000
119130  53.913  23.706  43.773 0.0000000000
117674  53.350  21.940  46.741 0.0000000000
116323  55.727  20.299  47.139 0.0000000000
119946  50.301  24.651  46.119 0.0000000000
119919  50.773  24.354  47.824 0.0000000000
119918  51.778  24.450  47.606 0.0000000000
119894  53.437  24.661  48.277 0.0000000000
118317  51.561  22.860  51.381 0.0000000000
119059  52.268  23.533  51.335 0.0000000000
119073  52.810  23.755  51.098 0.0000000000
117622  53.960  21.979  51.372 0.0000000000
118329  53.636  23.204  51.029 0.0000000000
119072  53.647  23.793  50.442 0.0000000000
119092  53.767  24.228  49.700 0.0000000000
119091  54.655  24.012  49.155 0.0000000000
119869  54.365  24.435  48.774 0.0000000000
119090  55.191  23.790  48.565 0.0000000000
116999  56.902  20.463  46.680 0.0000000000
116998  57.392  20.272  46.319 0.0000000000
116329  57.928  20.045  46.024 0.0000000000
115578  58.145  19.068  46.295 0.0000000000
114737  56.316  17.859  48.705 0.0000000000
114748  56.591  17.646  48.543 0.0000000000
114747  57.096  17.055  48.071 0.0000000000
113044  56.888  15.828  48.537 0.0000000000
113915  57.013  16.249  48.204 0.0000000000
113927  57.718  16.446  47.195 0.0000000000
113057  57.883  15.670  47.056 0.0000000000
113056  58.192  15.263  46.596 0.0000000000
112097  58.573  14.215  46.361 0.0000000000
111154  58.197  12.827  46.893 0.0000000000
127020  48.307  34.095  41.113 0.0000000000
126301  47.159  33.672  42.605 0.0000000000
126320  47.865  33.514  41.711 0.0000000000
126319  48.980  33.665  41.268 0.0000000000
125636  52.614  32.470  41.457 0.0000000000
128982  49.200  38.026  45.879 0.0000000000
127680  49.108  36.117  45.330 0.0000000000
126221  51.630  33.259  48.282 0.0000000000
125581  53.003  32.105  46.301 0.0000000000
126974  49.371  34.874  45.631 0.0000000000
126269  48.810  33.745  45.220 0.0000000000
124969  49.379  31.953  44.200 0.0000000000
124983  49.938  31.574  43.474 0.0000000000
124990  50.729  31.559  42.560 0.0000000000
124997  51.803  31.778  41.936 0.0000000000
125635  53.541  32.267  41.020 0.0000000000
125004  54.392  30.974  39.944 0.0000000000
123611  54.474  29.387  38.469 0.0000000000
122855  54.496  28.608  38.851 0.0000000000
122883  54.263  28.007  37.012 0.0000000000
121523  54.368  26.849  37.080 0.0000000000
120824  53.379  25.342  36.400 0.0000000000
120030  53.288  24.310  36.706 0.0000000000
122146  52.600  26.888  39.271 0.0000000000
121481  52.426  26.083  38.978 0.0000000000
121494  53.071  26.253  38.454 0.0000000000
120795  53.498  25.721  37.621 0.0000000000
120808  53.316  24.610  37.405 0.0000000000
119205  53.129  23.057  36.785 0.0000000000
118515  52.803  22.129  37.515 0.0000000000
118484  52.204  22.168  39.410 0.0000000000
117702  48.799  21.768  44.730 0.0000000000
117685  48.961  21.356  45.414 0.0000000000
117015  48.425  20.944  45.935 0.0000000000
116338  47.311  19.446  46.459 0.0000000000
117003  50.144  20.267  46.414 0.0000000000
116336  49.427  19.518  46.547 0.0000000000
113957  46.361  16.888  44.767 0.0000000000
114760  55.909  18.500  45.806 0.0000000000
114793  54.437  17.318  45.715 0.0000000000
113972  54.447  16.822  44.304 0.0000000000
113950  53.735  17.006  45.457 0.0000000000
113975  51.098  16.391  44.242 0.0000000000
114024  53.560  16.696  41.262 0.0000000000
114026  51.401  16.532  41.316 0.0000000000
114009  51.639  16.481  42.275 0.0000000000
113992  50.830  16.455  43.236 0.0000000000
113994  48.761  16.474  43.137 0.0000000000
112125  54.194  14.224  44.300 0.0000000000
112148  53.517  14.268  42.683 0.0000000000
111204  56.592  13.700  43.623 0.0000000000
112079  56.904  15.148  49.582 0.0000000000
112144  57.650  15.523  42.014 0.0000000000
113037  56.690  15.555  49.046 0.0000000000
113082  58.615  14.640  45.013 0.0000000000
113120  56.522  16.240  39.621 0.0000000000
113928  53.499  17.175  45.923 0.0000000000
113968  58.296  16.774  45.132 0.0000000000
113971  55.476  17.250  44.296 0.0000000000
113999  44.282  15.891  43.428 0.0000000000
114743  50.971  18.443  49.771 0.0000000000
114749  56.265  17.467  48.629 0.0000000000
114751  57.905  17.440  47.086 0.0000000000
114791  56.592  18.465  45.081 0.0000000000
114794  53.929  17.215  45.857 0.0000000000
115559  50.931  18.763  49.808 0.0000000000
115570  55.078  19.470  47.074 0.0000000000
115579  56.914  19.550  45.594 0.0000000000
115611  56.658  18.972  45.410 0.0000000000
116307  57.166  19.551  48.788 0.0000000000
116313  51.526  19.409  49.987 0.0000000000
116332  55.584  19.719  46.932 0.0000000000
116354  57.330  19.651  45.527 0.0000000000
117621  54.315  22.126  51.200 0.0000000000
118315  53.439  22.648  51.389 0.0000000000
119060  52.007  23.349  51.407 0.0000000000
119075  50.713  23.684  50.857 0.0000000000
119156  54.175  23.009  40.947 0.0000000000
119204  52.944  23.768  36.325 0.0000000000
119941  54.327  24.236  45.889 0.0000000000
119953  50.594  24.784  45.527 0.0000000000
120047  49.738  23.813  36.639 0.0000000000
120714  49.310  24.675  46.901 0.0000000000
120826  51.904  25.078  36.239 0.0000000000
121432  47.786  27.117  45.105 0.0000000000
121507  54.334  26.965  37.609 0.0000000000
121509  51.736  26.664  36.845 0.0000000000
121524  53.887  26.355  36.707 0.0000000000
121526  52.174  26.316  36.540 0.0000000000
122058  48.083  28.043  48.050 0.0000000000
122104  48.842  27.773  43.379 0.0000000000
122107  49.366  27.528  42.530 0.0000000000
122108  49.106  27.713  42.989 0.0000000000
122130  50.608  26.990  40.803 0.0000000000
122145  53.415  27.545  39.269 0.0000000000
122161  53.247  26.987  38.887 0.0000000000
122175  54.413  27.491  37.365 0.0000000000
122187  54.227  27.251  36.829 0.0000000000
122742  45.800  28.109  49.282 0.0000000000
122769  47.963  28.169  46.856 0.0000000000
122790  49.820  29.265  44.124 0.0000000000
122800  50.699  29.306  43.141 0.0000000000
122815  53.728  29.171  41.552 0.0000000000
122819  49.842  27.760  41.962 0.0000000000
122823  54.292  29.101  40.621 0.0000000000
122873  54.437  28.361  37.772 0.0000000000
122875  53.180  28.654  37.435 0.0000000000
122877  51.334  27.868  37.612 0.0000000000
122884  54.032  27.734  36.766 0.0000000000
123540  50.931  30.087  46.070 0.0000000000
123583  53.600  29.743  42.242 0.0000000000
123584  53.009  29.646  42.494 0.0000000000
123586  51.342  29.414  42.957 0.0000000000
123590  54.324  29.709  41.268 0.0000000000
123595  54.147  29.335  41.202 0.0000000000
123612  54.085  29.584  38.017 0.0000000000
123613  53.250  29.454  37.973 0.0000000000
123629  54.311  29.043  37.682 0.0000000000
123631  53.438  29.085  37.624 0.0000000000
124285  51.576  31.117  48.217 0.0000000000
124286  50.844  30.677  48.536 0.0000000000
124296  53.029  31.113  47.030 0.0000000000
124302  44.736  29.718  47.252 0.0000000000
124318  53.320  30.828  45.218 0.0000000000
124319  52.875  30.448  45.437 0.0000000000
124332  53.173  30.913  44.757 0.0000000000
124350  53.656  30.111  42.314 0.0000000000
124362  54.239  30.589  40.876 0.0000000000
124919  51.263  31.864  49.151 0.0000000000
124920  50.955  31.654  49.279 0.0000000000
124922  49.310  31.374  49.382 0.0000000000
124926  51.509  31.755  48.793 0.0000000000
124928  48.634  31.540  49.201 0.0000000000
124936  52.302  31.764  47.776 0.0000000000
124938  47.895  31.868  48.000 0.0000000000
124944  53.238  31.572  46.598 0.0000000000
124954  52.913  31.648  45.378 0.0000000000
124955  52.218  31.912  45.238 0.0000000000
124965  53.251  31.229  45.094 0.0000000000
124988  52.704  30.811  42.409 0.0000000000
125000  54.375  30.906  40.225 0.0000000000
125001  54.097  31.249  40.544 0.0000000000
125552  51.243  32.184  49.189 0.0000000000
125554  49.677  32.127  49.417 0.0000000000
125571  52.878  32.229  47.154 0.0000000000
125573  50.032  33.460  48.099 0.0000000000
125585  48.140  32.716  46.656 0.0000000000
125591  53.003  31.846  45.811 0.0000000000
125621  48.166  32.414  43.066 0.0000000000
125626  50.042  32.239  42.004 0.0000000000
125629  47.802  32.969  42.489 0.0000000000
125640  48.632  32.949  41.802 0.0000000000
125641  48.128  32.962  42.065 0.0000000000
126205  51.397  33.085  48.730 0.0000000000
126206  51.009  33.380  48.623 0.0000000000
126222  51.191  33.848  47.946 0.0000000000
126223  50.489  33.991  47.743 0.0000000000
126224  49.873  33.750  47.673 0.0000000000
126268  49.886  33.872  45.681 0.0000000000
126270  47.835  33.873  44.484 0.0000000000
126334  48.914  34.328  40.883 0.0000000000
126994  47.000  34.909  43.425 0.0000000000
126995  46.679  34.915  42.771 0.0000000000
127631  46.203  35.874  46.278 0.0000000000
127695  46.689  35.601  43.180 0.0000000000
128328  47.831  36.614  46.755 0.0000000000
128350  48.964  37.178  45.381 0.0000000000
128363  47.496  36.606  44.096 0.0000000000
129009  47.156  37.003  43.807 0.0000000000
129594  48.586  38.361  45.419 0.0000000000
