#!ascii label  , from subject MOT01 vox2ras=TkReg
938
89476  20.517  -7.841  -0.118 0.2500000000
88335  20.867  -8.198  -0.638 0.2500000000
91594  19.404  -5.391  0.575 0.2500000000
91610  19.920  -5.212  -0.369 0.3750000000
90557  19.901  -5.972  -0.028 0.2500000000
90540  20.260  -7.432  0.409 0.2500000000
89484  20.873  -7.364  -0.781 0.7500000000
88347  21.924  -8.488  -1.835 0.8750000000
89483  21.294  -7.930  -1.268 0.8750000000
87241  22.389  -9.111  -2.045 0.8750000000
91609  20.433  -5.818  -0.656 0.3750000000
91617  21.260  -6.307  -1.757 0.8750000000
90565  20.873  -6.457  -1.047 0.7500000000
89509  22.738  -7.154  -3.056 1.0000000000
90572  21.720  -6.780  -2.308 1.0000000000
90564  21.294  -7.053  -1.498 0.8750000000
88346  22.761  -8.542  -2.534 1.0000000000
89494  21.656  -7.576  -1.920 0.8750000000
87261  23.917  -8.891  -3.218 1.0000000000
92675  19.467  -4.458  -0.088 0.2500000000
92690  20.423  -5.118  -1.007 0.7500000000
91626  21.157  -5.024  -2.185 0.8750000000
91625  21.502  -5.775  -2.445 0.8750000000
91618  20.872  -5.574  -1.546 0.7500000000
89508  23.342  -7.163  -3.412 1.0000000000
90571  22.335  -6.833  -2.836 1.0000000000
90587  22.080  -6.276  -2.902 1.0000000000
88381  24.767  -7.538  -3.725 1.0000000000
89507  24.009  -7.362  -3.549 1.0000000000
88362  24.370  -8.113  -3.476 1.0000000000
88363  23.574  -8.112  -3.122 1.0000000000
91595  19.070  -4.656  0.785 0.1250000000
92691  20.162  -4.493  -0.877 0.6250000000
92711  21.673  -4.898  -2.803 1.0000000000
92704  20.662  -4.600  -1.674 0.8750000000
91640  22.241  -5.543  -3.287 1.0000000000
89521  24.698  -6.847  -3.921 1.0000000000
90600  23.734  -6.234  -4.189 1.0000000000
90586  22.754  -6.435  -3.447 1.0000000000
89506  25.130  -7.186  -3.778 1.0000000000
88382  24.461  -7.304  -3.677 1.0000000000
89504  26.682  -7.224  -3.422 1.0000000000
88361  25.083  -8.250  -3.719 1.0000000000
97007  19.666  -0.734  -0.100 0.2500000000
92676  19.143  -4.080  0.586 0.2500000000
93698  19.405  -3.517  0.016 0.3750000000
93714  19.940  -3.658  -0.868 0.5000000000
93735  20.793  -3.676  -2.088 1.0000000000
92712  21.234  -4.317  -2.427 1.0000000000
93765  22.528  -4.400  -4.131 1.0000000000
93749  21.702  -4.200  -3.064 1.0000000000
90598  25.117  -6.306  -4.341 1.0000000000
90599  24.370  -6.217  -4.369 1.0000000000
92740  23.173  -4.749  -4.495 1.0000000000
90597  25.533  -5.842  -4.452 1.0000000000
91638  26.540  -5.578  -3.994 1.0000000000
90582  27.022  -6.228  -3.493 1.0000000000
98099  20.126  -0.442  -1.647 0.5000000000
95909  19.639  -1.776  -0.318 0.3750000000
95926  20.151  -1.960  -1.239 0.5000000000
94830  21.029  -2.766  -2.673 0.8750000000
93767  21.438  -2.997  -3.421 1.0000000000
94839  21.333  -2.221  -3.527 1.0000000000
92749  23.345  -4.241  -4.985 1.0000000000
93778  22.154  -3.117  -4.525 1.0000000000
91667  24.923  -4.590  -4.785 1.0000000000
92748  23.988  -4.319  -5.200 1.0000000000
91652  26.529  -4.953  -4.314 1.0000000000
91653  25.897  -5.373  -4.476 1.0000000000
98100  19.869  0.082  -1.127 0.5000000000
97020  20.082  -0.979  -1.057 0.5000000000
97030  20.586  -0.656  -3.198 0.6250000000
95955  21.194  -1.288  -3.887 1.0000000000
95940  20.801  -1.723  -2.937 0.7500000000
94847  22.030  -2.316  -4.796 1.0000000000
94851  25.295  -2.513  -5.117 1.0000000000
94852  24.594  -2.519  -5.567 1.0000000000
93787  24.222  -3.398  -5.492 1.0000000000
93788  23.263  -3.399  -5.387 1.0000000000
93785  25.630  -3.295  -4.689 1.0000000000
92746  25.337  -4.263  -4.769 1.0000000000
92747  24.698  -4.170  -5.138 1.0000000000
93783  26.458  -3.519  -4.108 0.8750000000
92745  25.937  -3.922  -4.470 1.0000000000
91637  27.475  -5.019  -3.668 0.8750000000
98112  20.199  0.198  -2.263 0.5000000000
97073  22.856  -0.536  -5.939 1.0000000000
95971  21.823  -1.083  -5.425 1.0000000000
95967  24.827  -1.882  -5.244 1.0000000000
95968  24.187  -1.484  -5.599 1.0000000000
94854  22.705  -2.233  -5.522 1.0000000000
97055  24.896  -0.845  -4.521 1.0000000000
93764  27.101  -2.705  -3.679 1.0000000000
94844  26.113  -2.543  -3.817 1.0000000000
95960  25.242  -1.596  -4.590 1.0000000000
94836  26.776  -2.196  -3.748 1.0000000000
98113  19.890  0.574  -1.636 0.5000000000
98122  20.426  0.377  -3.642 0.8750000000
98134  20.760  0.363  -4.621 1.0000000000
99313  22.926  1.503  -4.609 1.0000000000
97067  22.711  0.011  -5.717 1.0000000000
97069  21.197  0.162  -5.051 1.0000000000
99281  24.950  1.250  -2.945 1.0000000000
98121  24.312  0.374  -4.006 1.0000000000
98110  25.410  0.418  -2.743 1.0000000000
98120  24.884  0.356  -3.502 1.0000000000
97042  24.745  -0.265  -4.134 1.0000000000
97026  26.422  -0.647  -2.569 1.0000000000
97041  25.336  -0.627  -3.701 1.0000000000
95952  26.536  -1.437  -3.413 0.8750000000
103751  21.869  5.214  -2.841 1.0000000000
102578  20.762  4.057  -2.203 0.3750000000
102576  21.959  4.593  -3.363 0.8750000000
101530  22.153  2.978  -4.393 1.0000000000
99282  24.400  1.797  -3.086 1.0000000000
99298  23.838  1.390  -3.739 1.0000000000
104859  22.244  6.004  -1.980 0.8750000000
103738  22.242  5.677  -2.445 1.0000000000
103750  22.552  5.431  -2.962 1.0000000000
103749  23.169  5.360  -3.170 1.0000000000
101512  23.373  3.371  -3.891 1.0000000000
100399  24.502  2.679  -2.718 1.0000000000
101504  24.228  3.499  -3.018 1.0000000000
100398  24.730  2.633  -1.957 1.0000000000
104869  23.068  5.927  -2.656 1.0000000000
104867  23.770  5.464  -2.796 1.0000000000
102553  24.823  4.493  -1.849 1.0000000000
102554  24.289  4.389  -2.553 1.0000000000
104868  23.494  5.734  -2.741 1.0000000000
103737  24.005  5.084  -2.769 1.0000000000
109625  23.234  11.047  0.694 0.1250000000
109624  23.710  11.624  1.159 0.1250000000
110607  22.513  11.486  -0.183 0.2500000000
110606  22.707  11.959  0.066 0.1250000000
110620  22.423  11.783  -0.507 0.3750000000
110618  23.007  13.320  0.113 0.2500000000
110626  23.161  12.569  -1.183 0.5000000000
110619  22.670  12.802  -0.373 0.2500000000
110605  23.343  12.734  0.549 0.2500000000
111593  23.059  13.760  -0.785 0.2500000000
111592  23.062  13.627  -0.201 0.2500000000
112562  23.182  14.729  -0.482 0.2500000000
112575  23.275  14.584  -1.182 0.2500000000
111605  23.617  13.643  -1.644 0.3750000000
111616  23.779  14.094  -2.182 0.3750000000
90556  20.374  -6.770  -0.202 0.2500000000
88360  25.706  -8.540  -3.500 1.0000000000
97043  21.030  -0.318  -4.057 0.8750000000
97057  23.601  -0.132  -5.069 1.0000000000
89456  20.302  -8.339  0.521 0.1250000000
88334  21.282  -8.917  -0.877 0.6250000000
87222  22.047  -9.693  -1.470 0.7500000000
87221  22.442  -10.211  -1.873 1.0000000000
87239  23.805  -9.743  -2.812 1.0000000000
87259  25.319  -9.248  -3.400 1.0000000000
88343  26.980  -8.774  -2.840 1.0000000000
93699  18.984  -3.438  0.845 0.3750000000
95890  19.059  -1.588  0.873 0.2500000000
94776  19.274  -2.626  0.331 0.2500000000
90581  28.163  -6.219  -3.214 0.8750000000
92724  27.673  -3.772  -3.759 0.8750000000
93763  27.715  -2.864  -3.721 0.8750000000
101506  20.917  3.406  -1.477 0.1250000000
100403  20.644  2.929  -1.567 0.1250000000
99285  20.023  1.173  -1.735 0.3750000000
99316  20.444  1.330  -4.419 0.6250000000
97027  25.780  -0.398  -2.907 1.0000000000
94835  27.550  -2.162  -3.654 0.8750000000
102566  21.088  4.663  -1.870 0.5000000000
103739  21.676  5.379  -2.155 0.8750000000
101513  20.460  3.500  -1.880 0.3750000000
101522  21.288  3.795  -3.563 0.8750000000
99265  25.184  1.591  -1.998 1.0000000000
100390  25.109  2.543  -1.154 1.0000000000
101497  24.993  3.553  -1.470 1.0000000000
101503  24.567  3.551  -2.247 1.0000000000
104843  22.295  6.765  -1.648 0.8750000000
105959  23.624  7.712  -1.862 1.0000000000
104842  23.847  7.039  -1.882 1.0000000000
103726  24.427  5.315  -2.184 1.0000000000
108739  23.908  11.017  1.855 0.1250000000
108750  22.989  10.320  0.512 0.1250000000
108761  22.676  10.328  -0.998 0.6250000000
110627  22.531  12.064  -1.015 0.6250000000
110625  23.906  12.557  -1.694 0.5000000000
111604  24.051  13.194  -1.863 0.5000000000
111578  23.408  13.964  0.345 0.2500000000
111615  24.258  13.585  -2.335 0.5000000000
112550  23.341  14.947  0.129 0.1250000000
112601  23.444  15.094  -3.149 0.2500000000
112586  23.805  14.351  -2.702 0.3750000000
113473  23.386  15.302  -0.690 0.1250000000
88326  20.529  -8.957  -0.092 0.5000000000
90541  19.808  -6.561  0.675 0.1250000000
87240  22.798  -9.734  -2.357 1.0000000000
88345  23.375  -9.014  -2.837 1.0000000000
89493  22.300  -7.584  -2.496 1.0000000000
92705  20.382  -3.981  -1.412 0.8750000000
92726  22.168  -4.617  -3.497 1.0000000000
90584  25.445  -6.797  -3.822 1.0000000000
91657  23.278  -5.552  -4.191 1.0000000000
92725  22.706  -5.101  -3.945 1.0000000000
89505  25.781  -7.572  -3.599 1.0000000000
89491  26.456  -8.063  -3.190 1.0000000000
94795  19.728  -2.747  -0.615 0.5000000000
94817  20.657  -3.002  -1.919 0.8750000000
93750  21.394  -3.583  -2.881 1.0000000000
93766  22.004  -3.660  -3.778 1.0000000000
90583  25.958  -6.348  -3.937 1.0000000000
91655  24.544  -5.476  -4.591 1.0000000000
91656  23.872  -5.407  -4.503 1.0000000000
91669  24.150  -4.913  -4.716 1.0000000000
91654  25.171  -5.196  -4.624 1.0000000000
95925  20.582  -2.237  -2.030 0.6250000000
97019  20.358  -1.114  -2.074 0.6250000000
94838  21.699  -2.724  -4.086 1.0000000000
95962  21.580  -1.440  -4.755 1.0000000000
93777  22.660  -3.835  -4.708 1.0000000000
94846  22.526  -3.001  -5.053 1.0000000000
92737  25.962  -4.589  -4.525 1.0000000000
92736  26.679  -4.094  -4.249 0.8750000000
95963  21.312  -0.808  -4.484 1.0000000000
94855  22.088  -1.719  -5.236 1.0000000000
94845  25.718  -2.390  -4.300 1.0000000000
93786  25.055  -3.414  -5.337 1.0000000000
94853  23.682  -2.372  -5.744 1.0000000000
93774  26.981  -3.354  -3.771 0.8750000000
97066  23.217  -0.171  -5.566 1.0000000000
95978  21.928  -0.548  -5.670 1.0000000000
97065  23.719  -0.711  -5.525 1.0000000000
95976  23.109  -1.203  -6.132 1.0000000000
95961  24.719  -1.258  -5.034 1.0000000000
94859  23.158  -1.821  -5.950 1.0000000000
97056  24.216  -0.537  -4.790 1.0000000000
97040  26.017  -0.915  -3.334 1.0000000000
95953  25.814  -1.546  -3.843 1.0000000000
99301  20.168  1.398  -2.987 0.6250000000
99330  20.635  0.873  -4.948 1.0000000000
98146  22.273  0.598  -5.558 1.0000000000
99314  22.354  1.543  -5.120 1.0000000000
98132  23.239  0.579  -4.997 1.0000000000
100437  22.527  2.337  -4.544 1.0000000000
99299  23.325  1.751  -4.085 1.0000000000
99312  23.404  1.117  -4.374 1.0000000000
99297  24.466  1.013  -3.425 1.0000000000
98131  23.749  0.431  -4.485 1.0000000000
102577  21.225  4.523  -2.759 0.7500000000
101523  20.611  3.405  -2.804 0.7500000000
100438  21.761  2.277  -4.920 1.0000000000
101519  23.412  2.989  -4.030 1.0000000000
101531  21.453  3.076  -4.293 1.0000000000
101521  22.106  3.705  -3.866 1.0000000000
100409  24.121  2.535  -3.397 1.0000000000
104858  22.724  6.453  -2.235 0.8750000000
102574  23.367  4.887  -3.342 1.0000000000
102564  23.688  4.341  -3.221 1.0000000000
101511  23.762  3.317  -3.670 1.0000000000
102565  23.324  3.775  -3.683 1.0000000000
104857  23.488  6.607  -2.242 1.0000000000
104856  23.924  5.797  -2.462 1.0000000000
108740  23.472  10.511  1.297 0.1250000000
109639  22.751  11.123  0.147 0.3750000000
109640  22.495  11.038  -0.478 0.5000000000
109658  22.848  11.627  -1.396 0.7500000000
112587  23.586  14.775  -2.115 0.2500000000
88308  19.940  -8.973  0.915 0.1250000000
88307  20.156  -9.187  0.635 0.1250000000
88325  20.939  -9.396  -0.396 0.6250000000
87209  21.342  -9.845  -0.560 0.7500000000
100413  20.165  2.791  -1.985 0.5000000000
100453  20.916  1.790  -5.048 0.8750000000
100440  20.409  2.252  -3.703 0.7500000000
100439  20.874  2.240  -4.646 0.8750000000
101533  20.498  2.803  -3.291 0.8750000000
101532  20.686  3.063  -3.851 1.0000000000
105960  23.068  7.649  -2.213 1.0000000000
104841  24.309  6.481  -1.788 1.0000000000
107857  22.902  9.443  0.109 0.3750000000
108771  22.973  10.554  -1.713 0.7500000000
109648  22.561  11.234  -1.060 0.7500000000
109657  23.407  11.630  -1.675 0.7500000000
112600  24.008  14.685  -3.372 0.2500000000
81859  23.836  -14.038  -0.713 0.7500000000
81856  25.974  -14.161  -1.148 0.7500000000
81840  23.283  -14.368  -0.373 0.7500000000
82869  22.768  -13.489  -0.496 0.7500000000
82887  25.487  -13.507  -1.496 0.7500000000
81858  24.442  -14.044  -0.852 0.7500000000
82889  23.880  -13.425  -1.215 0.7500000000
82890  23.290  -13.186  -1.034 0.7500000000
83999  24.976  -12.910  -1.982 0.7500000000
84000  24.094  -12.613  -1.973 0.7500000000
86163  21.779  -10.673  -0.807 0.7500000000
85139  23.322  -11.710  -1.839 0.8750000000
85140  22.777  -11.136  -1.554 0.8750000000
83997  26.802  -12.818  -1.784 0.7500000000
83998  25.823  -12.843  -1.841 0.7500000000
84021  25.242  -12.266  -2.311 0.7500000000
85163  23.787  -11.157  -2.357 0.8750000000
86198  23.419  -10.619  -2.372 0.8750000000
84019  27.205  -12.062  -2.166 0.7500000000
85161  25.512  -11.381  -2.576 0.7500000000
87238  24.364  -10.007  -2.906 0.8750000000
86194  26.994  -10.400  -2.424 0.7500000000
86195  25.895  -10.360  -2.742 0.8750000000
86215  25.343  -9.893  -3.117 0.8750000000
87234  28.509  -9.665  -2.434 0.8750000000
87235  27.516  -9.613  -2.574 0.8750000000
88342  28.079  -8.774  -2.532 0.8750000000
89490  27.295  -7.926  -2.836 0.8750000000
88356  31.448  -8.442  -3.691 0.3750000000
88357  30.375  -8.472  -3.382 0.6250000000
88359  28.206  -7.910  -2.832 0.7500000000
88380  31.736  -7.622  -3.972 0.5000000000
89500  30.985  -7.483  -3.608 0.5000000000
90579  30.408  -6.579  -3.510 0.7500000000
90580  29.364  -6.408  -3.102 0.7500000000
89531  32.718  -6.867  -5.050 0.1250000000
90596  31.799  -6.514  -4.403 0.3750000000
90578  31.217  -6.618  -3.907 0.6250000000
91636  28.882  -5.278  -3.069 0.6250000000
90620  34.107  -6.318  -6.411 0.1250000000
90609  33.447  -6.157  -5.951 0.1250000000
92735  31.294  -5.001  -3.786 0.1250000000
93773  31.400  -4.666  -3.667 0.1250000000
92722  29.732  -4.678  -3.419 0.6250000000
93761  29.429  -3.850  -3.135 0.6250000000
93762  28.500  -3.202  -3.303 0.7500000000
92733  32.824  -4.951  -4.041 0.1250000000
93745  32.016  -3.608  -2.555 0.1250000000
93747  29.982  -3.443  -2.608 0.1250000000
93748  29.155  -3.162  -2.826 0.5000000000
94834  28.202  -2.265  -3.343 0.7500000000
91648  33.275  -5.255  -4.794 0.1250000000
94828  29.316  -2.859  -2.366 0.5000000000
95923  28.644  -1.784  -1.815 0.5000000000
95937  28.244  -1.703  -2.664 0.6250000000
95938  27.565  -1.296  -2.601 0.7500000000
105928  22.654  7.608  -1.067 0.5000000000
105943  22.648  7.652  -1.830 0.7500000000
97003  27.679  -0.740  -0.774 0.6250000000
98082  26.578  0.341  -0.728 0.6250000000
98096  26.204  0.101  -1.668 0.8750000000
98081  27.155  -0.093  -0.421 0.6250000000
98083  25.950  0.718  -1.065 0.7500000000
106944  22.829  8.625  -1.964 0.7500000000
98097  25.662  0.708  -1.761 0.8750000000
99254  25.504  1.521  -0.915 0.7500000000
101485  25.357  3.509  -0.618 0.8750000000
102542  25.225  4.513  -0.938 0.8750000000
103725  24.903  5.501  -1.329 0.8750000000
98066  27.667  0.116  0.127 0.3750000000
98067  27.031  0.523  0.020 0.5000000000
99236  26.541  1.397  0.267 0.5000000000
100378  26.012  2.469  0.392 0.6250000000
99234  28.069  0.652  0.925 0.2500000000
99235  27.342  0.975  0.653 0.3750000000
100365  26.558  2.384  1.093 0.5000000000
106926  22.816  8.596  -1.324 0.6250000000
106943  23.324  8.631  -2.110 0.8750000000
104840  25.165  6.602  -0.982 0.7500000000
101484  25.697  3.437  0.222 0.6250000000
102528  25.597  4.396  -0.071 0.7500000000
99213  27.039  1.682  1.082 0.3750000000
101471  26.948  3.303  1.410 0.5000000000
103712  26.320  6.066  0.070 0.7500000000
99212  27.756  1.515  1.360 0.2500000000
107874  22.804  9.082  -1.246 0.6250000000
106942  23.863  8.679  -1.738 0.8750000000
105958  24.146  7.998  -1.568 0.8750000000
107889  24.183  9.553  -1.623 0.7500000000
105941  24.704  7.564  -1.363 0.8750000000
104827  25.941  6.836  -0.169 0.7500000000
103698  25.965  4.939  0.306 0.5000000000
103682  28.275  4.994  1.163 0.2500000000
103684  27.014  4.712  1.310 0.5000000000
102514  26.635  4.234  1.219 0.5000000000
100363  28.263  2.370  1.638 0.2500000000
107866  22.813  9.397  -0.831 0.5000000000
107875  22.800  9.458  -1.492 0.5000000000
108785  23.347  10.127  -2.131 0.7500000000
108784  23.898  10.119  -2.030 0.7500000000
107872  25.509  10.029  -0.550 0.7500000000
107873  24.804  9.774  -0.911 0.7500000000
108769  24.417  10.629  -1.492 0.7500000000
107864  25.303  9.422  -0.553 0.7500000000
106910  25.379  8.616  -0.506 0.7500000000
107863  26.055  9.570  -0.181 0.7500000000
105926  26.784  7.572  0.130 0.5000000000
106908  27.440  8.447  -0.052 0.3750000000
106909  26.400  8.598  0.015 0.6250000000
103696  27.877  5.608  0.978 0.2500000000
104812  27.535  6.300  0.542 0.3750000000
105925  27.807  7.613  0.035 0.3750000000
108770  23.684  10.796  -1.923 0.7500000000
109655  25.052  11.671  -1.478 0.7500000000
108768  25.505  10.853  -0.944 0.7500000000
108767  26.691  11.011  -0.916 0.7500000000
108759  26.928  10.169  -0.583 0.6250000000
107861  28.046  9.096  -0.440 0.3750000000
108758  27.880  9.926  -0.657 0.3750000000
105911  28.733  6.686  0.174 0.1250000000
106906  29.021  7.842  -0.742 0.1250000000
106907  28.386  8.256  -0.444 0.2500000000
109656  24.178  11.598  -1.743 0.6250000000
109654  26.312  11.910  -1.658 0.7500000000
108766  27.659  10.709  -1.029 0.3750000000
108760  26.128  10.375  -0.547 0.7500000000
108757  28.539  9.493  -0.914 0.2500000000
106941  29.738  7.851  -2.185 0.1250000000
107870  29.567  8.410  -1.819 0.1250000000
105923  29.414  7.049  -0.904 0.1250000000
110624  24.658  12.340  -1.833 0.6250000000
110638  26.039  12.778  -2.348 0.3750000000
110623  25.421  12.339  -1.901 0.3750000000
109671  26.668  12.391  -2.312 0.3750000000
109679  28.279  11.335  -3.327 0.2500000000
109653  27.463  11.421  -1.559 0.3750000000
109670  27.443  12.096  -2.514 0.3750000000
107897  29.173  9.673  -3.454 0.1250000000
108783  28.758  10.454  -2.784 0.3750000000
108765  28.542  10.242  -1.567 0.3750000000
105957  29.700  7.001  -2.749 0.1250000000
107888  29.263  9.563  -2.448 0.1250000000
111614  25.430  13.652  -2.907 0.3750000000
111613  26.462  13.267  -2.874 0.3750000000
110656  27.328  12.329  -4.219 0.3750000000
110651  27.198  12.783  -3.334 0.3750000000
110637  26.823  12.761  -2.706 0.3750000000
109684  27.839  11.453  -4.379 0.3750000000
107910  27.861  9.153  -6.134 0.1250000000
108793  28.694  10.424  -3.804 0.1250000000
108797  28.315  10.430  -4.684 0.2500000000
106960  29.492  8.037  -4.108 0.1250000000
111629  25.677  13.949  -3.944 0.2500000000
111645  26.073  13.323  -5.128 0.2500000000
111633  26.269  13.378  -4.440 0.3750000000
109703  26.327  11.560  -6.373 0.1250000000
110657  26.883  13.014  -4.059 0.3750000000
110652  26.857  13.143  -3.534 0.3750000000
109692  27.352  11.510  -5.205 0.1250000000
110667  27.354  11.978  -4.762 0.2500000000
107912  26.557  9.568  -6.841 0.1250000000
108798  27.771  10.856  -5.112 0.1250000000
112599  24.829  14.375  -3.609 0.3750000000
111634  25.654  13.856  -4.793 0.2500000000
110676  26.460  12.055  -5.913 0.1250000000
110681  25.153  12.215  -6.873 0.1250000000
109704  25.651  11.570  -6.822 0.1250000000
109714  24.881  11.546  -7.265 0.1250000000
106988  26.496  8.508  -7.479 0.1250000000
107916  25.189  9.742  -7.669 0.1250000000
110683  23.407  12.549  -7.785 0.1250000000
108824  24.035  10.529  -8.182 0.1250000000
109715  23.875  11.501  -7.820 0.1250000000
106996  24.491  8.682  -8.432 0.1250000000
106995  25.633  8.205  -8.133 0.1250000000
86196  24.879  -10.412  -2.977 0.8750000000
88341  28.856  -9.118  -2.356 0.6250000000
95924  27.929  -1.327  -1.798 0.6250000000
100379  25.572  2.549  -0.349 0.8750000000
102527  26.054  4.321  0.641 0.5000000000
101470  27.812  3.290  1.520 0.3750000000
107891  23.021  9.576  -2.104 0.8750000000
107890  23.617  9.446  -2.093 0.8750000000
106924  24.552  8.669  -1.137 0.7500000000
105940  25.327  7.605  -0.696 0.7500000000
103697  26.663  5.394  0.772 0.5000000000
104826  26.790  6.523  0.217 0.5000000000
107906  27.782  9.815  -5.866 0.1250000000
110677  25.823  12.575  -6.209 0.2500000000
108823  24.790  10.602  -7.637 0.1250000000
106990  24.913  9.271  -7.947 0.1250000000
92721  30.653  -5.089  -3.700 0.5000000000
92723  28.618  -4.263  -3.440 0.7500000000
95902  28.830  -1.542  -0.688 0.3750000000
97002  28.315  -0.959  -0.473 0.3750000000
98047  28.801  0.288  0.949 0.2500000000
103713  25.694  5.548  -0.275 0.7500000000
108803  27.341  10.601  -5.845 0.1250000000
99211  28.754  1.289  1.573 0.1250000000
80732  24.505  -15.653  -0.035 0.7500000000
80733  23.567  -15.203  -0.055 0.7500000000
81841  22.451  -14.327  0.135 0.7500000000
82870  22.033  -13.579  0.172 0.7500000000
80731  25.534  -15.556  -0.355 0.7500000000
81838  24.913  -14.800  -0.589 0.7500000000
81855  26.751  -14.246  -1.101 0.7500000000
85122  21.375  -11.681  -0.261 0.6250000000
83973  22.906  -12.463  -1.077 0.7500000000
82886  26.372  -13.536  -1.448 0.6250000000
86193  28.075  -10.421  -2.299 0.6250000000
87233  29.348  -9.571  -2.600 0.5000000000
87256  30.759  -9.308  -3.518 0.3750000000
87257  29.976  -9.394  -3.218 0.5000000000
88355  32.334  -8.706  -3.829 0.1250000000
89517  33.801  -7.561  -5.381 0.1250000000
89543  33.866  -6.648  -6.249 0.1250000000
89541  35.184  -6.944  -7.061 0.1250000000
91647  34.178  -5.156  -4.850 0.1250000000
92732  33.570  -4.613  -4.336 0.1250000000
93758  32.583  -3.966  -3.065 0.1250000000
93730  30.590  -3.349  -2.009 0.1250000000
95901  29.741  -1.997  -0.612 0.1250000000
96986  28.158  -0.432  -0.096 0.2500000000
106913  22.900  8.572  -0.519 0.5000000000
100362  29.264  2.417  1.672 0.1250000000
102525  29.444  4.657  0.671 0.1250000000
104810  29.156  6.062  0.167 0.1250000000
104824  29.543  6.054  -0.635 0.1250000000
108751  22.701  10.274  -0.255 0.3750000000
105975  29.345  6.953  -4.486 0.1250000000
104866  29.649  6.156  -3.328 0.1250000000
106979  28.272  8.355  -6.038 0.1250000000
106008  27.702  7.213  -7.467 0.1250000000
110590  24.071  12.705  1.544 0.1250000000
112620  24.371  14.738  -5.441 0.2500000000
111647  24.737  14.037  -6.160 0.1250000000
111653  23.332  13.978  -7.253 0.1250000000
109720  23.474  10.942  -8.099 0.1250000000
109716  23.237  11.994  -8.131 0.1250000000
107925  23.891  9.718  -8.512 0.1250000000
106024  25.946  7.505  -8.362 0.1250000000
106997  23.687  9.137  -8.743 0.1250000000
89503  27.671  -7.152  -3.213 0.7500000000
97025  27.017  -0.932  -2.277 0.7500000000
103727  21.478  5.266  -1.373 0.3750000000
87258  25.890  -9.171  -3.321 0.8750000000
86178  22.390  -10.652  -1.449 0.7500000000
86177  22.773  -10.719  -2.003 0.8750000000
86216  25.012  -9.751  -3.281 0.8750000000
89502  28.738  -7.314  -3.226 0.7500000000
105942  24.109  7.361  -1.702 0.8750000000
112585  24.418  14.102  -2.997 0.3750000000
112606  24.174  14.946  -4.231 0.1250000000
82868  23.430  -13.704  -0.757 0.7500000000
81839  24.084  -14.695  -0.468 0.7500000000
81857  25.205  -14.091  -1.003 0.7500000000
81837  25.739  -14.813  -0.801 0.7500000000
80745  26.372  -14.727  -0.919 0.7500000000
83953  21.383  -13.038  0.384 0.7500000000
83974  22.045  -12.608  -0.313 0.7500000000
82888  24.662  -13.465  -1.465 0.7500000000
84001  23.501  -12.693  -1.441 0.7500000000
84022  24.651  -12.391  -2.232 0.7500000000
85121  22.515  -11.562  -0.990 0.7500000000
86164  21.053  -10.675  -0.121 0.6250000000
85120  22.912  -11.915  -1.314 0.7500000000
85138  23.880  -12.020  -2.165 0.8750000000
84020  26.181  -12.133  -2.217 0.7500000000
85162  24.365  -11.644  -2.409 0.8750000000
86197  24.112  -10.592  -2.631 0.8750000000
85160  26.549  -11.269  -2.348 0.7500000000
85159  27.604  -11.211  -2.100 0.7500000000
87236  26.455  -9.543  -2.917 0.8750000000
86192  29.102  -10.346  -2.252 0.6250000000
88358  29.238  -8.493  -2.800 0.7500000000
87255  31.560  -9.389  -3.603 0.2500000000
89501  29.846  -7.482  -3.312 0.7500000000
89520  31.577  -7.099  -4.107 0.5000000000
89519  32.186  -7.169  -4.532 0.2500000000
88379  32.348  -7.900  -4.152 0.1250000000
91666  32.462  -5.880  -4.818 0.2500000000
91634  30.982  -5.867  -3.790 0.3750000000
91635  30.031  -5.615  -3.374 0.6250000000
91664  33.755  -5.657  -5.498 0.1250000000
91663  34.678  -5.540  -5.758 0.1250000000
91649  32.531  -5.431  -4.529 0.1250000000
93760  30.755  -4.235  -3.444 0.5000000000
93759  31.704  -4.058  -3.183 0.1250000000
92719  33.109  -4.305  -3.635 0.1250000000
93746  31.067  -3.629  -2.693 0.1250000000
94829  28.784  -2.416  -2.697 0.6250000000
94813  29.160  -2.357  -2.025 0.1250000000
97015  27.320  -0.907  -1.686 0.6250000000
99253  26.034  1.114  -0.456 0.6250000000
101472  26.239  3.360  0.922 0.5000000000
108786  23.045  10.119  -2.112 0.6250000000
102513  27.357  4.125  1.440 0.3750000000
106923  24.986  8.116  -0.960 0.7500000000
105927  25.877  7.853  -0.119 0.7500000000
103695  28.803  5.403  0.743 0.1250000000
102526  28.768  4.663  0.988 0.1250000000
102512  28.225  4.188  1.284 0.2500000000
102511  29.078  4.002  1.042 0.1250000000
105912  28.105  6.903  0.286 0.1250000000
105924  28.696  7.336  -0.208 0.3750000000
107860  28.682  8.899  -0.789 0.3750000000
106922  29.012  8.440  -0.909 0.1250000000
106921  29.405  7.971  -1.405 0.1250000000
109669  28.198  11.180  -2.174 0.3750000000
106952  29.651  7.901  -3.047 0.1250000000
105939  29.741  7.044  -1.854 0.1250000000
107887  29.597  8.646  -2.348 0.1250000000
110640  24.380  12.930  -1.966 0.3750000000
106961  29.250  8.704  -4.416 0.1250000000
107901  28.938  9.449  -4.430 0.1250000000
110668  26.700  12.506  -5.158 0.3750000000
109680  27.682  12.043  -3.557 0.3750000000
106971  28.989  8.251  -5.064 0.1250000000
107905  28.341  9.409  -5.403 0.1250000000
106980  27.484  8.513  -6.807 0.1250000000
108802  27.957  10.252  -5.416 0.1250000000
106970  29.252  7.566  -4.715 0.1250000000
112619  25.185  14.224  -5.105 0.2500000000
112605  25.034  14.411  -4.512 0.2500000000
110669  26.049  13.040  -5.549 0.2500000000
108804  26.726  10.916  -6.299 0.1250000000
107915  25.908  9.621  -7.355 0.1250000000
108810  26.803  10.243  -6.439 0.1250000000
106989  25.434  8.990  -7.804 0.1250000000
111651  25.080  13.389  -6.339 0.1250000000
110678  24.952  12.881  -6.721 0.1250000000
110682  24.341  12.530  -7.285 0.1250000000
108812  25.415  10.919  -7.203 0.1250000000
106994  26.156  7.944  -8.008 0.1250000000
108811  26.115  10.579  -6.827 0.1250000000
111656  23.620  13.274  -7.422 0.1250000000
111652  24.269  13.735  -6.874 0.1250000000
80710  24.208  -15.947  0.254 0.7500000000
80734  22.894  -14.944  0.039 0.7500000000
80712  22.879  -15.635  0.412 0.7500000000
85158  28.657  -11.134  -1.929 0.6250000000
86191  30.086  -10.318  -2.864 0.5000000000
94811  30.885  -2.954  -1.290 0.1250000000
94810  31.902  -2.741  -1.259 0.1250000000
94812  29.808  -2.819  -1.591 0.1250000000
105996  28.167  7.488  -6.856 0.1250000000
105997  27.555  7.791  -7.248 0.1250000000
80713  21.927  -15.566  0.687 0.7500000000
82847  21.390  -13.922  0.548 0.5000000000
79573  25.155  -16.760  0.416 0.6250000000
79595  25.359  -16.236  0.089 0.6250000000
80729  27.531  -15.524  -0.848 0.3750000000
80730  26.511  -15.492  -0.597 0.6250000000
81835  28.133  -14.810  -1.081 0.2500000000
81836  27.442  -14.558  -1.033 0.3750000000
86214  30.408  -9.824  -3.328 0.3750000000
79596  24.823  -16.267  0.192 0.6250000000
82885  27.471  -13.672  -1.352 0.5000000000
83996  27.825  -12.756  -1.850 0.5000000000
84018  28.214  -11.942  -1.984 0.3750000000
79593  27.317  -16.394  0.030 0.5000000000
77179  25.401  -18.232  0.637 0.6250000000
81816  20.726  -14.500  0.789 0.3750000000
80714  21.032  -15.369  0.965 0.3750000000
78388  24.802  -17.389  0.561 0.6250000000
79574  24.295  -16.447  0.375 0.6250000000
78385  27.872  -17.504  0.591 0.3750000000
78402  26.709  -17.226  0.412 0.5000000000
78387  25.687  -17.501  0.514 0.6250000000
82848  20.646  -13.492  0.716 0.2500000000
79570  28.429  -16.612  0.273 0.3750000000
81834  29.085  -14.631  -1.092 0.2500000000
80728  28.576  -15.719  -0.715 0.2500000000
82865  28.997  -13.758  -1.310 0.2500000000
83995  28.780  -12.561  -1.791 0.3750000000
84017  29.175  -11.865  -2.054 0.2500000000
85157  29.641  -11.111  -2.212 0.2500000000
86190  31.009  -10.621  -2.880 0.2500000000
95891  18.644  -2.088  1.492 0.1250000000
99286  19.827  0.713  -1.344 0.2500000000
87254  32.381  -9.455  -3.595 0.2500000000
100422  20.418  2.161  -1.990 0.3750000000
95871  18.855  -0.919  1.419 0.1250000000
94777  18.757  -2.627  1.148 0.2500000000
87210  20.729  -9.889  -0.024 0.2500000000
99300  20.382  1.766  -2.226 0.3750000000
81815  21.679  -14.711  0.576 0.5000000000
81842  21.902  -14.145  0.392 0.5000000000
79594  26.235  -16.272  0.045 0.6250000000
80744  26.926  -14.885  -0.829 0.5000000000
86212  31.660  -10.111  -3.304 0.2500000000
83975  21.346  -12.421  0.077 0.3750000000
80711  23.798  -15.856  0.316 0.6250000000
83954  20.622  -12.373  0.445 0.3750000000
79572  25.919  -16.874  0.452 0.6250000000
79592  27.968  -16.168  -0.421 0.2500000000
80727  29.500  -15.422  -0.507 0.2500000000
82867  27.841  -14.257  -1.117 0.3750000000
82884  28.455  -13.314  -1.529 0.3750000000
78401  27.330  -17.250  0.436 0.5000000000
79571  27.733  -16.919  0.407 0.3750000000
77177  27.255  -17.860  0.502 0.3750000000
78386  26.227  -17.472  0.474 0.5000000000
82883  29.312  -13.133  -1.581 0.2500000000
84016  30.032  -11.871  -2.371 0.2500000000
94758  18.391  -2.598  1.856 0.1250000000
77181  23.533  -18.073  0.935 0.5000000000
77178  26.513  -18.228  0.536 0.2500000000
75883  26.186  -19.372  1.172 0.3750000000
75898  25.917  -18.711  0.766 0.5000000000
77180  24.430  -18.080  0.726 0.5000000000
77163  23.343  -18.602  1.324 0.3750000000
78390  22.585  -17.499  0.994 0.5000000000
78389  23.804  -17.344  0.628 0.5000000000
79576  22.282  -16.389  0.790 0.3750000000
79575  23.265  -16.524  0.568 0.5000000000
74708  21.896  -19.622  3.038 0.1250000000
75887  22.509  -18.986  2.058 0.3750000000
79577  21.427  -16.142  1.092 0.2500000000
73495  22.502  -21.322  3.662 0.1250000000
74707  22.476  -20.137  2.833 0.2500000000
74723  23.578  -19.752  2.035 0.3750000000
74721  25.342  -20.101  1.727 0.3750000000
75884  24.918  -19.301  1.283 0.5000000000
74691  21.900  -20.447  3.691 0.1250000000
75869  22.888  -19.656  2.310 0.3750000000
75885  23.905  -19.272  1.521 0.3750000000
77147  21.560  -18.381  2.584 0.1250000000
78375  20.789  -16.953  1.858 0.1250000000
96985  28.827  -0.645  0.260 0.1250000000
79578  20.601  -15.989  1.201 0.2500000000
77159  27.672  -18.569  1.032 0.2500000000
77162  24.175  -18.668  1.097 0.5000000000
77182  22.956  -18.133  1.173 0.5000000000
75899  25.480  -18.876  0.915 0.3750000000
75886  23.094  -19.115  1.774 0.3750000000
77164  22.470  -18.278  1.633 0.2500000000
78373  22.200  -17.800  1.447 0.1250000000
78374  21.635  -17.599  1.804 0.1250000000
78391  21.762  -16.876  1.198 0.1250000000
75870  22.134  -19.218  2.535 0.2500000000
75871  21.741  -19.089  2.878 0.1250000000
75854  21.526  -19.131  3.387 0.1250000000
77146  22.115  -18.594  2.182 0.1250000000
79555  21.055  -16.664  1.438 0.1250000000
74690  22.823  -20.863  3.179 0.1250000000
74706  23.593  -20.699  2.657 0.3750000000
74720  26.031  -20.187  1.766 0.2500000000
77165  21.958  -18.176  2.080 0.1250000000
74705  24.786  -20.877  2.180 0.2500000000
85106  20.632  -11.401  0.222 0.2500000000
75868  26.451  -19.953  1.728 0.2500000000
74689  23.254  -21.010  3.053 0.1250000000
74722  24.370  -20.009  1.898 0.2500000000
73507  24.371  -21.633  2.599 0.1250000000
85107  19.864  -11.649  0.531 0.1250000000
104828  22.175  6.607  -0.800 0.1250000000
104844  21.916  5.986  -1.513 0.1250000000
105914  22.758  7.495  -0.095 0.1250000000
104800  22.892  6.531  0.884 0.1250000000
106903  23.027  8.583  0.750 0.1250000000
104829  21.705  5.850  -0.949 0.1250000000
105902  22.748  7.356  1.056 0.1250000000
106894  22.768  8.329  1.881 0.1250000000
102555  21.362  4.295  -1.067 0.1250000000
99271  19.813  0.852  -0.853 0.1250000000
83938  19.524  -12.411  0.990 0.1250000000
99284  20.952  1.502  -1.610 0.1250000000
103701  22.005  5.394  0.047 0.1250000000
105893  22.839  7.341  2.266 0.1250000000
106882  22.815  8.203  2.997 0.1250000000
106893  23.173  9.032  1.526 0.1250000000
102567  20.865  3.980  -1.621 0.1250000000
87198  20.183  -9.869  0.475 0.1250000000
82849  19.972  -13.016  0.854 0.1250000000
82831  19.540  -13.321  1.353 0.1250000000
86150  20.321  -10.686  0.321 0.1250000000
83955  19.912  -12.377  0.658 0.1250000000
85097  19.286  -11.552  1.146 0.1250000000
104815  21.949  5.903  -0.422 0.1250000000
104814  22.521  6.342  0.182 0.1250000000
104788  22.924  6.740  1.512 0.1250000000
106902  23.178  9.031  1.087 0.1250000000
104799  23.302  6.145  1.170 0.1250000000
106881  23.423  9.056  2.584 0.1250000000
78372  28.210  -17.811  0.962 0.1250000000
79554  28.703  -16.971  0.892 0.1250000000
80709  29.137  -16.108  -0.172 0.1250000000
81833  30.162  -14.570  -0.746 0.1250000000
82864  29.774  -13.813  -1.375 0.1250000000
83994  29.652  -12.523  -2.028 0.1250000000
83992  31.516  -12.337  -1.866 0.1250000000
83993  30.506  -12.484  -2.152 0.1250000000
85153  32.410  -11.204  -2.162 0.1250000000
85156  30.490  -11.154  -2.436 0.1250000000
86188  32.563  -10.669  -2.634 0.1250000000
86211  32.464  -10.110  -3.222 0.1250000000
74703  26.411  -20.504  2.331 0.1250000000
74704  25.656  -20.780  2.132 0.1250000000
75867  27.074  -19.585  1.836 0.1250000000
78370  29.252  -17.163  1.732 0.1250000000
78371  28.724  -17.468  1.330 0.1250000000
79569  29.193  -16.356  0.326 0.1250000000
80707  30.323  -15.390  0.498 0.1250000000
81832  30.903  -14.185  -0.422 0.1250000000
82863  30.870  -13.497  -1.224 0.1250000000
83972  31.698  -12.906  -0.789 0.1250000000
86176  32.951  -10.840  -2.161 0.1250000000
87253  33.406  -9.402  -3.690 0.1250000000
86187  33.534  -10.209  -2.540 0.1250000000
88354  33.010  -8.877  -3.916 0.1250000000
78384  28.375  -17.281  0.806 0.1250000000
86189  31.769  -10.699  -2.794 0.1250000000
80726  30.121  -15.290  -0.158 0.1250000000
84015  30.862  -11.855  -2.386 0.1250000000
75882  27.017  -19.234  1.099 0.1250000000
77145  27.867  -18.955  2.220 0.1250000000
77158  28.312  -18.046  1.288 0.1250000000
80708  29.684  -15.884  0.265 0.1250000000
82881  30.768  -12.880  -1.806 0.1250000000
84014  31.355  -11.743  -2.314 0.1250000000
83991  32.206  -11.904  -1.643 0.1250000000
85155  31.210  -11.226  -2.435 0.1250000000
86210  33.149  -10.073  -3.100 0.1250000000
86175  33.578  -10.557  -1.709 0.1250000000
74688  26.803  -20.753  3.250 0.1250000000
74702  27.095  -20.124  2.718 0.1250000000
79552  30.012  -16.020  1.422 0.1250000000
87252  34.530  -9.300  -3.712 0.1250000000
73505  25.892  -21.076  2.494 0.1250000000
77160  26.894  -18.941  0.819 0.1250000000
77161  24.891  -18.649  0.897 0.3750000000
77193  27.067  -17.553  0.440 0.5000000000
77194  26.909  -17.752  0.452 0.3750000000
81814  22.368  -15.047  0.368 0.5000000000
82866  28.332  -14.040  -1.166 0.3750000000
82882  30.150  -13.072  -1.745 0.1250000000
85136  32.707  -11.327  -1.583 0.1250000000
85137  32.143  -11.689  -1.985 0.1250000000
85154  31.840  -11.401  -2.351 0.1250000000
86213  30.893  -10.020  -3.367 0.2500000000
87232  33.798  -9.648  -3.139 0.1250000000
87237  25.749  -9.648  -3.106 0.8750000000
87260  24.577  -9.329  -3.306 0.8750000000
88344  26.254  -8.732  -3.268 1.0000000000
88364  22.965  -7.711  -2.926 1.0000000000
89492  26.036  -8.229  -3.443 1.0000000000
89518  32.958  -7.399  -4.858 0.1250000000
89522  24.210  -6.792  -3.949 1.0000000000
89523  23.779  -6.810  -3.804 1.0000000000
89529  34.055  -7.191  -6.240 0.1250000000
89530  33.392  -6.849  -5.586 0.1250000000
89542  34.367  -6.758  -6.746 0.1250000000
90585  23.398  -6.543  -3.792 1.0000000000
90595  32.366  -6.606  -4.790 0.1250000000
90601  23.228  -6.095  -3.925 1.0000000000
90608  34.096  -5.887  -6.189 0.1250000000
90610  32.766  -6.315  -5.238 0.1250000000
90611  32.247  -6.201  -4.711 0.2500000000
90619  34.751  -6.107  -6.662 0.1250000000
91633  31.413  -6.171  -4.145 0.3750000000
91639  22.854  -5.740  -3.797 1.0000000000
91650  31.760  -5.707  -4.245 0.2500000000
91651  31.190  -5.396  -3.869 0.1250000000
91665  32.936  -5.704  -5.290 0.1250000000
91668  24.568  -4.754  -4.769 1.0000000000
92720  32.292  -4.502  -3.524 0.1250000000
92734  31.962  -4.999  -3.864 0.1250000000
92738  25.562  -4.866  -4.609 1.0000000000
92739  23.729  -4.707  -4.764 1.0000000000
92744  26.253  -3.744  -4.316 1.0000000000
93728  32.438  -3.084  -1.916 0.1250000000
93729  31.462  -3.298  -1.944 0.1250000000
93736  20.428  -3.446  -1.519 0.6250000000
93772  31.608  -4.494  -3.542 0.1250000000
93775  26.409  -3.015  -3.751 0.8750000000
93776  25.842  -2.995  -4.060 1.0000000000
93784  26.026  -3.454  -4.209 0.8750000000
94818  20.279  -2.854  -1.356 0.5000000000
94837  26.199  -2.043  -3.837 1.0000000000
94860  22.733  -1.563  -5.882 1.0000000000
95903  28.223  -1.336  -1.105 0.3750000000
95922  29.198  -2.117  -1.365 0.1250000000
95939  26.987  -1.203  -2.856 0.7500000000
95950  27.847  -1.714  -3.226 0.7500000000
95951  27.270  -1.599  -3.346 0.8750000000
95954  21.530  -1.996  -4.240 1.0000000000
95969  23.576  -1.607  -5.934 1.0000000000
95970  22.344  -1.520  -5.612 1.0000000000
95975  23.633  -1.140  -5.920 1.0000000000
95977  22.410  -0.968  -5.862 1.0000000000
97004  27.022  -0.468  -0.997 0.6250000000
97016  26.735  -0.468  -1.634 0.6250000000
97058  21.452  -0.793  -4.967 1.0000000000
97059  21.254  -0.262  -4.733 0.8750000000
97068  21.544  -0.320  -5.297 1.0000000000
97072  23.345  -0.741  -5.909 1.0000000000
97074  22.268  -0.201  -5.785 1.0000000000
97075  21.797  -0.070  -5.631 1.0000000000
98065  28.318  0.026  0.411 0.2500000000
98109  25.869  0.005  -2.306 0.8750000000
98133  22.734  0.915  -5.163 1.0000000000
98145  22.852  0.379  -5.436 1.0000000000
98147  21.542  0.432  -5.432 1.0000000000
98148  20.946  0.592  -5.129 1.0000000000
98155  21.933  0.183  -5.685 1.0000000000
98156  21.726  0.159  -5.557 1.0000000000
99237  25.916  1.808  -0.185 0.6250000000
99266  24.686  1.965  -2.494 1.0000000000
99315  20.742  1.681  -4.893 0.8750000000
99328  21.676  1.372  -5.392 1.0000000000
99329  20.913  1.265  -5.223 1.0000000000
100364  27.373  2.418  1.438 0.3750000000
100420  23.589  2.409  -3.828 1.0000000000
100421  23.098  2.387  -4.161 1.0000000000
100423  20.342  2.404  -2.720 0.8750000000
100452  21.212  1.842  -5.149 0.8750000000
101469  28.710  3.268  1.416 0.1250000000
101520  22.873  3.274  -4.033 1.0000000000
102556  21.119  3.794  -1.363 0.1250000000
102575  22.896  4.501  -3.606 1.0000000000
103683  27.561  4.887  1.279 0.5000000000
103748  23.595  5.166  -3.042 1.0000000000
104811  28.391  6.209  0.557 0.1250000000
104825  29.151  6.676  -0.241 0.1250000000
105913  27.404  6.985  0.208 0.3750000000
105968  29.519  6.996  -3.651 0.1250000000
106009  27.090  7.537  -7.640 0.1250000000
106911  24.974  9.117  -0.774 0.7500000000
106912  22.901  8.884  -1.020 0.6250000000
106925  22.805  8.851  -1.232 0.6250000000
106981  26.943  9.032  -6.864 0.1250000000
106987  27.184  8.113  -7.329 0.1250000000
107862  27.133  9.334  -0.242 0.6250000000
107865  22.829  9.109  -1.098 0.6250000000
107871  29.215  9.037  -1.449 0.1250000000
107896  29.500  8.834  -3.231 0.1250000000
107900  29.409  8.997  -3.970 0.1250000000
107911  27.264  9.567  -6.407 0.1250000000
107917  24.572  9.754  -8.065 0.1250000000
108822  25.497  10.288  -7.340 0.1250000000
108836  23.260  10.444  -8.403 0.1250000000
109638  23.178  11.692  0.476 0.1250000000
109652  28.050  10.970  -1.524 0.3750000000
109683  28.344  10.954  -4.068 0.2500000000
109693  26.834  11.527  -5.808 0.1250000000
110639  25.028  12.938  -2.219 0.3750000000
111579  23.207  14.219  -0.202 0.2500000000
111612  26.930  13.100  -2.969 0.3750000000
111627  26.819  13.211  -3.233 0.3750000000
111628  26.386  13.436  -3.551 0.3750000000
111646  25.407  13.660  -5.602 0.2500000000
112607  23.576  15.141  -3.739 0.2500000000
113465  23.390  15.303  -0.234 0.1250000000
113521  23.913  15.262  -4.793 0.1250000000
139170  21.148  1.750  -1.750 0.1250000000
