#!ascii label  , from subject MOT01 vox2ras=TkReg
326
24120  47.482  -64.659  27.505 0.0000000000
23096  49.952  -65.042  18.756 0.0000000000
20940  46.771  -66.532  21.802 0.0000000000
19839  50.204  -67.562  25.104 0.0000000000
18819  50.035  -69.149  18.578 0.0000000000
18781  48.674  -69.066  20.738 0.0000000000
14447  46.220  -72.307  18.127 0.0000000000
23002  49.447  -64.915  21.840 0.0000000000
22972  47.441  -64.230  23.978 0.0000000000
20882  46.589  -66.396  25.670 0.0000000000
18734  49.011  -68.693  24.606 0.0000000000
19861  51.292  -67.674  22.535 0.0000000000
20975  52.268  -66.078  19.539 0.0000000000
18871  50.024  -68.189  15.277 0.0000000000
26484  45.642  -61.721  25.870 0.0000000000
22974  43.930  -64.035  24.579 0.0000000000
21954  45.072  -65.010  21.965 0.0000000000
22935  50.934  -65.329  26.591 0.0000000000
16652  46.167  -70.997  18.237 0.0000000000
24253  49.490  -64.160  20.127 0.0000000000
25367  48.382  -63.374  21.042 0.0000000000
20913  46.807  -66.363  23.862 0.0000000000
19855  47.810  -67.406  23.847 0.0000000000
17727  49.404  -69.932  19.883 0.0000000000
17685  49.907  -69.120  22.012 0.0000000000
18780  50.895  -68.507  20.736 0.0000000000
19871  51.964  -66.697  21.164 0.0000000000
19933  51.135  -67.893  18.499 0.0000000000
21040  52.129  -66.656  15.515 0.0000000000
24181  43.164  -63.455  23.540 0.0000000000
22988  44.339  -64.360  23.701 0.0000000000
23034  43.647  -64.013  21.764 0.0000000000
19804  50.211  -67.709  26.266 0.0000000000
21883  49.449  -66.266  25.688 0.0000000000
25325  46.549  -62.538  24.017 0.0000000000
25324  47.557  -62.886  24.685 0.0000000000
19894  47.110  -67.286  20.361 0.0000000000
18763  48.220  -68.161  21.163 0.0000000000
17730  47.417  -69.417  19.301 0.0000000000
16623  47.869  -70.770  19.203 0.0000000000
15525  48.096  -71.373  18.359 0.0000000000
20910  50.054  -66.505  23.262 0.0000000000
21884  48.932  -65.922  24.647 0.0000000000
23004  48.036  -64.545  22.491 0.0000000000
24190  46.812  -63.261  22.268 0.0000000000
23139  49.687  -65.132  16.486 0.0000000000
21856  46.850  -65.705  26.894 0.0000000000
18665  49.392  -68.402  26.711 0.0000000000
17652  50.266  -68.958  25.257 0.0000000000
18750  49.075  -68.526  23.441 0.0000000000
18732  50.510  -68.656  23.765 0.0000000000
20909  50.835  -67.248  23.454 0.0000000000
20921  50.790  -66.438  22.539 0.0000000000
23029  51.253  -65.307  20.497 0.0000000000
23072  50.971  -65.314  19.295 0.0000000000
18851  49.275  -68.893  16.927 0.0000000000
19956  51.496  -67.470  17.407 0.0000000000
22023  52.326  -65.720  17.777 0.0000000000
22042  51.054  -65.388  17.446 0.0000000000
26464  46.488  -61.907  26.306 0.0000000000
25294  45.697  -62.932  26.312 0.0000000000
25295  45.077  -63.343  26.088 0.0000000000
22938  45.688  -64.670  26.280 0.0000000000
21886  45.606  -65.333  25.366 0.0000000000
21918  45.693  -65.443  23.633 0.0000000000
21934  45.825  -65.602  22.509 0.0000000000
21989  44.451  -65.413  19.968 0.0000000000
20960  45.783  -66.071  20.490 0.0000000000
24147  48.257  -64.129  25.148 0.0000000000
24135  47.183  -64.063  27.297 0.0000000000
25276  48.324  -63.677  27.799 0.0000000000
24119  47.988  -64.376  27.739 0.0000000000
23074  49.472  -64.456  19.454 0.0000000000
24254  48.688  -63.721  19.790 0.0000000000
20924  46.907  -66.480  22.797 0.0000000000
20923  47.352  -66.830  23.553 0.0000000000
19863  47.734  -67.287  22.780 0.0000000000
17750  49.602  -69.832  18.823 0.0000000000
17726  50.140  -69.403  19.746 0.0000000000
17749  50.108  -69.340  19.027 0.0000000000
18800  51.121  -68.128  19.754 0.0000000000
18818  50.523  -68.715  18.948 0.0000000000
19990  51.193  -67.005  14.015 0.0000000000
23007  43.094  -63.445  22.789 0.0000000000
19824  50.271  -67.703  25.554 0.0000000000
20865  50.107  -66.985  26.239 0.0000000000
20880  49.905  -67.224  25.457 0.0000000000
26510  47.108  -61.897  24.275 0.0000000000
19912  47.483  -68.058  20.078 0.0000000000
18803  46.990  -68.944  19.087 0.0000000000
15527  46.614  -71.699  18.391 0.0000000000
16651  46.907  -70.901  18.612 0.0000000000
15526  47.447  -71.517  18.606 0.0000000000
15505  48.058  -71.250  18.989 0.0000000000
14446  46.939  -72.227  18.103 0.0000000000
21915  49.652  -65.808  22.669 0.0000000000
21916  48.997  -65.492  22.835 0.0000000000
23003  48.791  -64.756  22.153 0.0000000000
24211  47.353  -63.239  21.686 0.0000000000
25369  46.807  -62.468  21.407 0.0000000000
25351  46.247  -62.663  22.271 0.0000000000
21885  46.174  -65.791  25.609 0.0000000000
20867  47.067  -66.529  26.518 0.0000000000
19808  47.464  -67.090  26.468 0.0000000000
18701  49.747  -68.917  25.840 0.0000000000
17638  49.966  -69.147  25.401 0.0000000000
18782  48.165  -68.714  20.453 0.0000000000
18762  48.822  -68.571  21.746 0.0000000000
18748  50.541  -68.696  22.431 0.0000000000
17684  50.118  -68.984  22.246 0.0000000000
18731  51.070  -68.307  22.862 0.0000000000
19853  50.766  -67.981  24.141 0.0000000000
19852  51.072  -67.911  23.340 0.0000000000
20920  51.329  -66.939  22.352 0.0000000000
20958  52.188  -66.283  20.254 0.0000000000
21950  51.808  -65.778  20.897 0.0000000000
21971  51.705  -65.586  20.042 0.0000000000
23053  51.285  -65.366  19.769 0.0000000000
21987  51.678  -65.585  19.311 0.0000000000
16750  46.382  -70.823  13.729 0.0000000000
17818  49.016  -69.079  14.214 0.0000000000
17811  48.347  -69.707  14.700 0.0000000000
18863  49.228  -68.786  15.671 0.0000000000
18862  50.013  -68.238  16.242 0.0000000000
19972  50.812  -67.802  16.740 0.0000000000
21029  52.504  -66.317  16.278 0.0000000000
23136  52.373  -65.429  16.495 0.0000000000
22024  51.795  -65.450  17.671 0.0000000000
23137  51.890  -65.219  16.635 0.0000000000
26483  46.327  -61.374  26.020 0.0000000000
26465  45.818  -62.277  26.094 0.0000000000
25293  46.838  -62.963  26.840 0.0000000000
25307  45.461  -62.442  26.021 0.0000000000
24164  43.290  -63.526  24.402 0.0000000000
24150  43.701  -63.415  25.366 0.0000000000
24149  44.662  -63.814  25.841 0.0000000000
22953  44.924  -64.602  25.463 0.0000000000
22952  45.355  -64.844  25.818 0.0000000000
22973  44.631  -64.633  24.737 0.0000000000
23005  44.397  -64.394  22.475 0.0000000000
21919  45.063  -64.995  24.097 0.0000000000
21935  45.133  -64.883  23.080 0.0000000000
20979  43.674  -65.640  18.916 0.0000000000
20978  44.348  -65.927  19.179 0.0000000000
20961  45.041  -65.832  19.926 0.0000000000
22971  48.170  -65.059  24.098 0.0000000000
22950  48.638  -65.141  25.275 0.0000000000
22951  47.957  -64.490  24.660 0.0000000000
25304  49.499  -63.277  25.418 0.0000000000
24233  49.428  -64.192  20.852 0.0000000000
24208  49.338  -64.334  21.251 0.0000000000
20898  46.658  -66.382  24.818 0.0000000000
19842  47.072  -66.875  25.274 0.0000000000
20912  47.263  -66.869  24.357 0.0000000000
19854  48.420  -68.053  24.210 0.0000000000
17711  48.997  -69.515  20.679 0.0000000000
17697  49.363  -69.254  21.292 0.0000000000
17710  49.697  -69.497  20.665 0.0000000000
17709  50.358  -69.048  20.836 0.0000000000
18759  51.303  -68.052  21.094 0.0000000000
19872  51.637  -67.277  21.498 0.0000000000
18779  51.240  -68.081  20.249 0.0000000000
19911  51.509  -67.650  19.464 0.0000000000
19910  52.133  -66.801  19.626 0.0000000000
19984  50.761  -67.702  15.635 0.0000000000
19983  51.459  -67.209  15.010 0.0000000000
21044  51.931  -66.544  14.451 0.0000000000
22989  43.684  -63.798  23.851 0.0000000000
23006  43.593  -63.756  22.933 0.0000000000
20864  50.894  -66.839  26.976 0.0000000000
21868  50.362  -66.040  26.464 0.0000000000
24162  46.828  -63.405  23.959 0.0000000000
24148  47.576  -63.798  24.634 0.0000000000
26509  47.912  -61.967  24.632 0.0000000000
19875  47.292  -67.100  21.273 0.0000000000
19893  47.738  -67.808  20.827 0.0000000000
17729  47.936  -69.854  19.578 0.0000000000
17712  48.512  -69.476  20.250 0.0000000000
16622  48.373  -70.632  19.290 0.0000000000
16621  49.028  -70.502  19.254 0.0000000000
20895  50.119  -67.205  24.429 0.0000000000
20881  49.492  -66.683  24.894 0.0000000000
21903  48.784  -65.728  23.677 0.0000000000
22987  47.671  -64.493  23.185 0.0000000000
24188  48.214  -64.171  21.942 0.0000000000
24189  47.504  -63.939  22.274 0.0000000000
24179  46.985  -63.836  23.126 0.0000000000
24180  46.424  -63.140  23.055 0.0000000000
25341  45.718  -61.948  22.656 0.0000000000
23119  49.827  -65.276  17.779 0.0000000000
22927  47.118  -65.057  27.326 0.0000000000
22926  47.790  -65.185  27.615 0.0000000000
21855  47.439  -65.844  27.333 0.0000000000
18700  50.175  -68.543  25.843 0.0000000000
19838  50.478  -67.833  24.873 0.0000000000
18761  49.555  -69.029  21.831 0.0000000000
18749  49.784  -68.949  22.726 0.0000000000
18733  49.730  -69.084  24.142 0.0000000000
17668  50.362  -68.914  24.668 0.0000000000
20894  50.597  -67.595  24.248 0.0000000000
20922  50.230  -66.033  22.432 0.0000000000
21930  50.693  -65.758  21.918 0.0000000000
20939  51.776  -66.483  21.473 0.0000000000
21951  51.110  -65.436  21.284 0.0000000000
21952  50.457  -65.267  21.440 0.0000000000
23055  50.082  -64.588  20.466 0.0000000000
23073  50.208  -64.802  19.565 0.0000000000
23095  50.680  -65.315  18.679 0.0000000000
16679  48.034  -71.197  17.513 0.0000000000
16749  47.296  -70.447  13.828 0.0000000000
17789  48.806  -69.400  16.975 0.0000000000
18839  49.665  -69.111  17.933 0.0000000000
19934  50.670  -68.320  18.320 0.0000000000
19957  50.759  -68.074  17.720 0.0000000000
19932  52.033  -67.060  18.304 0.0000000000
19971  51.707  -67.133  16.219 0.0000000000
21013  52.484  -66.303  17.481 0.0000000000
22005  52.117  -65.818  18.893 0.0000000000
22006  51.815  -65.582  18.524 0.0000000000
22025  51.168  -65.439  17.906 0.0000000000
23118  50.602  -65.370  17.896 0.0000000000
23138  50.887  -65.253  16.770 0.0000000000
26463  47.686  -61.953  26.867 0.0000000000
24136  46.130  -63.890  26.712 0.0000000000
24151  43.145  -62.828  25.377 0.0000000000
25308  44.750  -62.721  25.899 0.0000000000
22937  46.443  -64.846  26.847 0.0000000000
21869  46.193  -65.588  26.162 0.0000000000
21905  45.610  -65.430  24.509 0.0000000000
20899  46.078  -65.766  24.851 0.0000000000
21904  46.241  -65.826  24.189 0.0000000000
21933  46.369  -66.014  22.716 0.0000000000
20925  46.390  -66.115  22.263 0.0000000000
21972  45.589  -65.705  21.093 0.0000000000
20959  46.609  -66.579  20.897 0.0000000000
22949  49.542  -65.346  26.053 0.0000000000
24133  49.792  -64.905  26.161 0.0000000000
25305  48.497  -63.450  25.200 0.0000000000
24146  49.326  -64.344  25.734 0.0000000000
15506  47.722  -71.164  18.963 0.0000000000
15528  45.958  -71.827  18.221 0.0000000000
15548  48.119  -71.374  17.907 0.0000000000
16649  48.592  -70.997  18.764 0.0000000000
16650  47.483  -70.850  18.940 0.0000000000
16678  48.544  -70.842  17.926 0.0000000000
17637  50.091  -68.988  25.636 0.0000000000
17653  50.050  -69.159  24.868 0.0000000000
17669  50.197  -69.010  24.391 0.0000000000
17695  50.250  -68.990  21.753 0.0000000000
17696  49.856  -69.254  21.419 0.0000000000
17728  48.708  -70.067  19.863 0.0000000000
17751  47.632  -70.415  19.181 0.0000000000
17790  48.482  -69.843  16.697 0.0000000000
17799  48.689  -69.309  15.338 0.0000000000
17810  48.980  -69.073  14.852 0.0000000000
17812  47.990  -70.122  13.999 0.0000000000
18683  49.392  -68.667  26.262 0.0000000000
18716  50.475  -68.471  24.896 0.0000000000
18717  49.505  -69.060  25.181 0.0000000000
18747  51.165  -68.137  22.015 0.0000000000
18760  50.747  -68.587  21.495 0.0000000000
18801  50.779  -68.625  19.947 0.0000000000
18802  47.464  -68.809  19.625 0.0000000000
18817  50.981  -68.176  19.331 0.0000000000
18820  46.530  -69.137  18.581 0.0000000000
18838  50.277  -68.618  18.132 0.0000000000
18850  50.103  -68.403  17.286 0.0000000000
18872  49.580  -68.505  14.538 0.0000000000
19805  50.140  -67.467  25.922 0.0000000000
19806  48.793  -68.400  26.413 0.0000000000
19823  50.400  -68.104  25.517 0.0000000000
19864  47.335  -67.002  22.078 0.0000000000
19891  52.056  -66.801  20.671 0.0000000000
19892  51.736  -67.469  20.450 0.0000000000
19955  52.186  -66.845  17.013 0.0000000000
19970  52.202  -66.712  16.405 0.0000000000
19991  50.456  -67.738  14.429 0.0000000000
19997  50.682  -67.406  13.484 0.0000000000
20850  47.224  -66.230  27.001 0.0000000000
20883  46.245  -65.913  25.272 0.0000000000
20896  49.378  -66.441  24.041 0.0000000000
20897  47.159  -66.899  24.884 0.0000000000
20908  51.201  -67.449  22.952 0.0000000000
20911  49.344  -66.034  23.299 0.0000000000
20938  52.096  -66.306  20.881 0.0000000000
20941  46.089  -65.982  21.509 0.0000000000
20996  52.353  -66.262  18.614 0.0000000000
21030  52.188  -66.678  16.105 0.0000000000
21870  45.653  -65.137  25.925 0.0000000000
21887  45.054  -64.921  25.104 0.0000000000
21906  45.164  -65.074  24.783 0.0000000000
21917  46.335  -65.912  23.298 0.0000000000
21929  51.377  -66.057  21.830 0.0000000000
21931  49.945  -65.422  21.942 0.0000000000
21932  49.362  -65.274  22.280 0.0000000000
21949  52.141  -66.001  20.574 0.0000000000
21953  45.510  -65.515  21.574 0.0000000000
21970  52.047  -65.889  20.157 0.0000000000
21973  44.948  -65.308  20.818 0.0000000000
21986  51.981  -65.787  19.591 0.0000000000
21988  51.423  -65.507  19.000 0.0000000000
22007  51.316  -65.473  18.512 0.0000000000
22040  52.571  -65.753  16.823 0.0000000000
22041  51.417  -65.366  17.269 0.0000000000
22936  50.169  -65.272  26.357 0.0000000000
22939  45.135  -64.381  25.966 0.0000000000
22954  44.308  -64.143  25.239 0.0000000000
22986  48.325  -65.081  23.061 0.0000000000
23030  50.621  -64.995  20.855 0.0000000000
23031  49.838  -64.740  21.276 0.0000000000
23032  49.249  -64.526  21.562 0.0000000000
23054  50.754  -65.014  20.081 0.0000000000
23071  51.335  -65.450  19.350 0.0000000000
23116  52.417  -65.592  17.032 0.0000000000
23117  52.205  -65.477  17.113 0.0000000000
24134  47.836  -63.766  27.616 0.0000000000
24137  45.339  -63.852  26.252 0.0000000000
24163  46.402  -62.880  23.552 0.0000000000
24191  43.119  -63.439  23.052 0.0000000000
24209  48.814  -64.015  21.376 0.0000000000
24210  47.997  -63.599  21.539 0.0000000000
25306  47.920  -63.553  24.977 0.0000000000
25310  42.647  -62.242  25.340 0.0000000000
25340  46.026  -62.359  23.092 0.0000000000
25352  45.832  -62.149  22.224 0.0000000000
25370  46.146  -62.260  21.783 0.0000000000
