#!ascii label  , from subject MOT01 vox2ras=TkReg
2144
24445  47.393  -63.736  8.570 0.2000000030
24444  48.454  -64.057  8.749 0.2000000030
24464  47.349  -64.095  7.665 0.2000000030
24422  46.365  -63.579  9.418 0.2000000030
23348  47.989  -64.616  4.898 0.1000000015
24420  48.403  -63.975  9.666 0.3000000119
23271  48.882  -64.386  7.868 0.2000000030
23298  47.305  -64.461  6.781 0.1000000015
24465  46.465  -64.034  7.409 0.2000000030
23297  48.408  -64.543  7.067 0.1000000015
23324  48.237  -64.660  5.928 0.1000000015
23347  49.050  -64.478  5.087 0.1000000015
23371  49.597  -64.138  4.622 0.1000000015
24495  48.951  -63.327  5.021 0.1000000015
23372  48.603  -64.170  4.067 0.1000000015
24512  48.852  -63.679  4.322 0.1000000015
25637  48.733  -62.916  5.597 0.2000000030
25658  48.550  -63.223  4.922 0.1000000015
23294  51.000  -64.109  7.962 0.1000000015
24462  50.886  -63.685  7.594 0.1000000015
23296  49.561  -64.615  7.208 0.2000000030
23345  50.424  -64.080  5.775 0.1000000015
23323  49.306  -64.652  6.120 0.1000000015
24493  50.180  -63.677  5.583 0.1000000015
25636  49.108  -62.855  5.995 0.1000000015
26803  47.814  -60.811  7.245 0.2000000030
26822  48.232  -61.721  6.936 0.2000000030
28070  47.403  -59.912  7.516 0.1000000015
25615  48.084  -62.395  6.272 0.2000000030
29258  46.972  -59.144  7.651 0.2000000030
29259  46.246  -59.324  7.663 0.1000000015
29260  45.279  -59.443  7.756 0.1000000015
24479  50.458  -63.600  6.555 0.1000000015
25599  50.498  -63.063  7.478 0.1000000015
24494  49.450  -63.304  5.458 0.1000000015
30435  47.442  -58.776  8.011 0.2000000030
30436  46.968  -58.458  7.962 0.2000000030
31541  45.909  -57.465  9.011 0.2000000030
30455  46.090  -58.705  7.916 0.2000000030
30437  45.983  -58.093  8.541 0.1000000015
30456  45.132  -58.668  8.119 0.2000000030
25612  50.101  -63.012  6.809 0.1000000015
25600  49.908  -62.418  7.436 0.1000000015
25613  49.417  -62.657  6.598 0.1000000015
26821  48.782  -61.970  7.061 0.2000000030
28056  47.925  -59.693  8.237 0.2000000030
29237  47.968  -59.773  7.867 0.3000000119
31542  45.369  -57.369  8.926 0.3000000119
30438  44.869  -58.059  8.464 0.2000000030
31543  44.343  -57.528  8.897 0.2000000030
28074  43.358  -60.241  7.256 0.2000000030
29214  47.305  -59.265  8.672 0.3000000119
26802  48.461  -61.053  7.518 0.2000000030
31503  45.531  -56.652  10.017 0.3000000119
32612  45.410  -56.303  10.047 0.3000000119
33802  44.776  -55.644  10.482 0.3000000119
31520  44.858  -56.788  9.388 0.3000000119
30439  43.675  -58.475  8.327 0.2000000030
29241  42.782  -59.274  8.046 0.2000000030
32597  44.645  -55.774  11.285 0.4000000060
30398  45.571  -57.455  9.801 0.3000000119
32613  45.002  -56.161  10.464 0.3000000119
30414  46.831  -58.503  8.633 0.2000000030
30415  46.040  -58.007  9.174 0.2000000030
32630  44.303  -56.170  9.796 0.3000000119
31521  43.813  -56.959  9.429 0.2000000030
32631  43.253  -56.340  9.893 0.2000000030
31544  43.181  -57.770  8.977 0.2000000030
33749  44.267  -54.861  11.859 0.3000000119
33788  44.684  -55.233  10.997 0.3000000119
32614  43.765  -55.602  10.306 0.2000000030
32632  42.122  -56.594  10.100 0.2000000030
32615  42.689  -55.772  10.491 0.2000000030
31523  41.493  -57.384  9.653 0.1000000015
31522  42.649  -57.144  9.482 0.2000000030
31545  42.039  -57.914  9.041 0.2000000030
30440  42.503  -58.514  8.618 0.2000000030
35081  43.702  -54.257  11.817 0.3000000119
35105  43.769  -54.515  11.243 0.3000000119
35104  44.289  -54.669  11.279 0.3000000119
36337  42.357  -53.290  11.926 0.2000000030
33790  43.179  -54.935  10.944 0.3000000119
35083  41.923  -53.969  11.643 0.2000000030
33789  44.246  -55.071  10.724 0.3000000119
33770  42.363  -54.569  11.353 0.1000000015
33791  42.043  -55.188  11.017 0.1000000015
32633  40.984  -56.724  10.211 0.1000000015
32616  41.535  -55.951  10.621 0.1000000015
35106  40.562  -54.611  11.276 0.1000000015
37582  42.492  -52.857  12.463 0.3000000119
36336  42.997  -53.685  12.204 0.2000000030
37583  41.923  -52.324  12.052 0.2000000030
38772  41.448  -51.467  11.879 0.2000000030
39945  40.881  -50.853  10.828 0.1000000015
36338  41.402  -53.157  11.710 0.1000000015
37584  40.874  -52.277  11.602 0.1000000015
36339  40.480  -53.183  11.450 0.1000000015
33771  41.489  -54.620  11.380 0.1000000015
33793  39.978  -55.471  10.741 0.1000000015
37564  42.283  -52.163  12.630 0.2000000030
39961  40.922  -50.757  10.110 0.1000000015
38808  40.777  -51.135  9.433 0.1000000015
37602  40.286  -51.963  11.074 0.1000000015
37603  39.769  -52.364  10.461 0.1000000015
35085  40.166  -53.755  11.286 0.1000000015
36368  39.222  -53.435  10.033 0.1000000015
35107  39.815  -54.455  10.959 0.1000000015
35121  38.906  -54.594  9.937 0.1000000015
39978  41.043  -50.742  9.711 0.1000000015
24511  49.951  -63.742  4.859 0.1000000015
23321  50.687  -64.128  6.895 0.1000000015
28071  46.629  -59.998  7.452 0.1000000015
20867  47.067  -66.529  26.518 0.5000000000
21869  46.193  -65.588  26.162 0.5000000000
21856  46.850  -65.705  26.894 0.5000000000
21855  47.439  -65.844  27.333 0.5000000000
21854  48.269  -66.033  27.710 0.5000000000
22989  43.684  -63.798  23.851 0.2000000030
22988  44.339  -64.360  23.701 0.2000000030
22974  43.930  -64.035  24.579 0.3000000119
22973  44.631  -64.633  24.737 0.3000000119
22952  45.355  -64.844  25.818 0.5000000000
22938  45.688  -64.670  26.280 0.5000000000
22937  46.443  -64.846  26.847 0.5000000000
22927  47.118  -65.057  27.326 0.5000000000
24120  47.482  -64.659  27.505 0.5000000000
22926  47.790  -65.185  27.615 0.5000000000
20848  48.754  -66.969  27.740 0.5000000000
21853  49.391  -66.186  28.217 0.5000000000
19786  50.085  -67.782  27.463 0.5000000000
18700  50.175  -68.543  25.843 0.5000000000
24164  43.290  -63.526  24.402 0.3000000119
24150  43.701  -63.415  25.366 0.3000000119
24119  47.988  -64.376  27.739 0.5000000000
22925  48.676  -65.181  27.988 0.5000000000
20847  49.889  -67.173  28.074 0.5000000000
20846  50.839  -67.088  27.709 0.5000000000
20920  51.329  -66.939  22.352 0.4000000060
20909  50.835  -67.248  23.454 0.5000000000
19838  50.478  -67.833  24.873 0.5000000000
19804  50.211  -67.709  26.266 0.5000000000
20939  51.776  -66.483  21.473 0.4000000060
24182  42.698  -63.083  23.996 0.3000000119
25295  45.077  -63.343  26.088 0.4000000060
24136  46.130  -63.890  26.712 0.5000000000
25294  45.697  -62.932  26.312 0.5000000000
24135  47.183  -64.063  27.297 0.5000000000
25293  46.838  -62.963  26.840 0.5000000000
25292  48.012  -63.023  27.475 0.5000000000
25276  48.324  -63.677  27.799 0.5000000000
24118  48.938  -64.220  28.089 0.5000000000
21847  50.388  -66.029  28.457 0.5000000000
19785  50.358  -67.605  27.076 0.6000000238
20894  50.597  -67.595  24.248 0.5000000000
19824  50.271  -67.703  25.554 0.5000000000
20865  50.107  -66.985  26.239 0.5000000000
20958  52.188  -66.283  20.254 0.4000000060
19871  51.964  -66.697  21.164 0.4000000060
20921  50.790  -66.438  22.539 0.5000000000
27808  38.863  -60.101  22.507 0.1000000015
29002  39.421  -59.932  23.211 0.1000000015
28978  39.471  -59.755  23.519 0.1000000015
27807  39.669  -60.282  23.029 0.1000000015
27783  40.014  -60.166  23.894 0.1000000015
27760  40.232  -59.882  24.396 0.1000000015
27782  40.395  -60.708  23.816 0.1000000015
27759  40.675  -60.403  24.542 0.1000000015
27732  40.980  -60.133  24.977 0.1000000015
25326  42.245  -62.585  24.504 0.2000000030
25343  41.668  -62.103  24.037 0.1000000015
24165  42.823  -63.074  24.920 0.3000000119
24151  43.145  -62.828  25.377 0.4000000060
25309  43.639  -62.404  25.629 0.4000000060
25307  45.461  -62.442  26.021 0.4000000060
25291  48.632  -62.735  27.613 0.5000000000
25275  49.060  -63.126  27.861 0.5000000000
20830  50.748  -66.626  28.269 0.5000000000
19839  50.204  -67.562  25.104 0.5000000000
20910  50.054  -66.505  23.262 0.5000000000
21950  51.808  -65.778  20.897 0.4000000060
19932  52.033  -67.060  18.304 0.5000000000
27761  34.817  -60.634  24.697 0.1000000015
27784  36.127  -60.032  22.805 0.1000000015
28981  36.490  -59.427  23.088 0.1000000015
29005  37.400  -59.666  22.613 0.1000000015
29004  38.318  -59.574  22.805 0.1000000015
28979  38.777  -59.136  23.639 0.1000000015
28956  39.166  -58.820  24.228 0.1000000015
28980  37.691  -59.059  23.165 0.1000000015
28955  39.739  -59.330  24.278 0.1000000015
30122  43.507  -58.684  25.000 0.2000000030
26536  41.134  -61.614  23.620 0.1000000015
26511  41.264  -61.339  24.555 0.1000000015
27758  41.037  -60.818  24.684 0.1000000015
27731  41.364  -60.503  25.074 0.1000000015
28933  42.937  -59.658  25.268 0.2000000030
25327  41.837  -61.997  24.942 0.2000000030
26488  41.850  -61.269  25.226 0.1000000015
26487  42.580  -61.307  25.438 0.2000000030
27728  44.209  -60.568  25.465 0.2000000030
28932  43.895  -59.594  25.298 0.2000000030
30121  44.544  -58.573  25.117 0.2000000030
25311  42.191  -61.735  25.285 0.2000000030
26486  43.434  -61.454  25.559 0.2000000030
26485  44.480  -61.598  25.652 0.3000000119
26484  45.642  -61.721  25.870 0.3000000119
26483  46.327  -61.374  26.020 0.4000000060
26464  46.488  -61.907  26.306 0.5000000000
20864  50.894  -66.839  26.976 0.5000000000
26463  47.686  -61.953  26.867 0.4000000060
22950  48.638  -65.141  25.275 0.5000000000
22949  49.542  -65.346  26.053 0.5000000000
21868  50.362  -66.040  26.464 0.5000000000
21884  48.932  -65.922  24.647 0.5000000000
21883  49.449  -66.266  25.688 0.5000000000
22923  50.927  -64.749  28.421 0.5000000000
24117  50.013  -64.001  28.221 0.5000000000
21903  48.784  -65.728  23.677 0.5000000000
20881  49.492  -66.683  24.894 0.5000000000
21867  51.412  -66.020  26.900 0.5000000000
21951  51.110  -65.436  21.284 0.5000000000
20922  50.230  -66.033  22.432 0.5000000000
20880  49.905  -67.224  25.457 0.5000000000
20895  50.119  -67.205  24.429 0.5000000000
20975  52.268  -66.078  19.539 0.4000000060
27762  34.650  -60.102  25.215 0.1000000015
28957  35.115  -59.446  24.575 0.1000000015
30169  35.650  -58.873  24.256 0.1000000015
30147  35.664  -58.181  24.855 0.1000000015
31249  35.598  -57.505  25.631 0.1000000015
28982  35.735  -59.308  23.785 0.1000000015
30168  36.198  -58.670  23.942 0.1000000015
30167  37.116  -58.542  23.666 0.1000000015
30144  38.648  -58.318  24.310 0.1000000015
30143  39.541  -58.413  24.537 0.1000000015
30142  40.439  -58.622  24.758 0.1000000015
30141  41.405  -58.559  24.857 0.1000000015
28935  41.227  -59.573  25.047 0.1000000015
30140  42.346  -58.338  24.819 0.2000000030
30139  43.006  -58.324  24.821 0.2000000030
28934  42.056  -59.701  25.226 0.1000000015
30123  42.637  -58.965  25.026 0.2000000030
27727  45.309  -60.616  25.591 0.3000000119
30120  45.635  -58.498  25.300 0.2000000030
27726  46.473  -60.627  25.901 0.3000000119
28930  46.069  -59.540  25.558 0.2000000030
27725  47.143  -60.238  26.053 0.3000000119
27701  47.327  -60.799  26.359 0.4000000060
24146  49.326  -64.344  25.734 0.5000000000
24132  50.305  -64.701  26.255 0.5000000000
22935  50.934  -65.329  26.591 0.5000000000
26462  48.919  -62.124  27.442 0.5000000000
25303  50.586  -63.039  25.451 0.5000000000
24144  51.552  -63.745  25.858 0.5000000000
24130  52.372  -64.431  26.359 0.5000000000
24131  51.293  -64.572  26.338 0.5000000000
21866  52.185  -65.898  27.332 0.6000000238
25274  50.275  -63.068  27.997 0.5000000000
22933  52.828  -64.979  27.138 0.5000000000
22934  51.944  -65.289  26.739 0.6000000238
20845  51.622  -66.440  27.590 0.5000000000
22910  50.842  -65.471  28.493 0.5000000000
21852  52.309  -66.076  27.879 0.5000000000
20829  51.604  -66.442  28.084 0.5000000000
19971  51.707  -67.133  16.219 0.4000000060
21013  52.484  -66.303  17.481 0.4000000060
19910  52.133  -66.801  19.626 0.4000000060
32338  36.130  -55.982  27.523 0.1000000015
31231  35.828  -56.738  26.223 0.1000000015
33503  37.480  -55.900  25.947 0.1000000015
30146  36.712  -57.969  24.306 0.1000000015
31264  35.948  -57.469  25.260 0.1000000015
31247  37.066  -56.865  25.187 0.1000000015
32356  37.803  -56.432  25.433 0.1000000015
31263  36.450  -57.408  24.942 0.1000000015
31246  37.764  -56.976  24.992 0.1000000015
32355  38.651  -56.221  25.250 0.1000000015
31260  39.214  -57.597  24.685 0.1000000015
32368  39.761  -56.824  24.723 0.1000000015
31258  41.026  -57.654  24.629 0.1000000015
32365  42.546  -56.619  24.450 0.2000000030
31256  43.058  -57.533  24.599 0.2000000030
31244  44.023  -57.582  24.757 0.2000000030
30111  54.522  -59.275  25.074 0.2000000030
28923  55.203  -59.995  25.206 0.2000000030
27724  54.372  -60.359  25.942 0.2000000030
28904  53.172  -60.059  26.341 0.2000000030
28905  52.496  -59.915  26.434 0.2000000030
28929  47.250  -59.493  25.845 0.2000000030
26456  55.086  -61.372  25.494 0.2000000030
27694  54.588  -61.099  26.193 0.2000000030
27695  53.812  -60.716  26.479 0.2000000030
26460  52.611  -61.102  26.898 0.2000000030
27697  52.179  -60.481  26.716 0.3000000119
27683  52.010  -61.095  26.986 0.2000000030
27684  51.407  -61.387  27.288 0.4000000060
25289  54.420  -62.379  25.772 0.2000000030
26439  53.884  -62.313  26.950 0.3000000119
26440  53.559  -62.205  27.086 0.4000000060
26441  52.544  -61.882  27.283 0.3000000119
27685  50.885  -61.676  27.481 0.5000000000
27700  48.623  -60.919  26.820 0.4000000060
25302  51.754  -62.729  25.337 0.5000000000
25301  52.911  -62.910  25.411 0.4000000060
24142  53.285  -63.420  25.815 0.4000000060
25290  54.003  -62.766  26.428 0.4000000060
24113  53.589  -63.553  27.180 0.4000000060
24114  53.034  -63.754  27.644 0.5000000000
25272  52.375  -62.920  27.695 0.5000000000
26442  51.518  -62.149  27.592 0.5000000000
26444  49.685  -62.460  27.717 0.5000000000
24143  52.630  -63.610  25.826 0.5000000000
22932  53.231  -64.299  27.298 0.5000000000
21865  52.701  -65.562  27.729 0.5000000000
21844  52.621  -65.645  28.177 0.5000000000
22922  51.967  -64.695  28.311 0.5000000000
24116  51.144  -63.873  28.235 0.5000000000
33453  37.323  -55.558  28.735 0.1000000015
33454  36.693  -55.763  28.485 0.1000000015
33469  37.026  -55.415  28.055 0.1000000015
34777  38.967  -54.692  27.707 0.1000000015
33487  37.981  -55.407  26.307 0.1000000015
34800  38.440  -54.970  26.537 0.1000000015
33486  38.658  -55.153  26.007 0.1000000015
34799  39.140  -54.714  26.352 0.1000000015
33515  40.221  -55.992  24.678 0.1000000015
33499  40.581  -55.325  24.830 0.1000000015
32367  40.628  -56.765  24.569 0.1000000015
33513  42.056  -55.723  24.507 0.2000000030
31243  45.171  -57.502  25.007 0.2000000030
30137  53.728  -58.455  24.760 0.1000000015
30112  54.094  -59.147  25.205 0.2000000030
28925  53.727  -59.727  25.871 0.2000000030
28926  52.763  -59.422  26.076 0.2000000030
31252  53.310  -57.754  24.320 0.1000000015
30113  53.072  -58.768  25.437 0.1000000015
30114  51.852  -58.784  25.950 0.1000000015
28906  51.665  -59.645  26.444 0.1000000015
27698  51.337  -60.581  26.909 0.2000000030
28910  47.487  -60.043  26.148 0.3000000119
30098  51.093  -59.138  26.267 0.1000000015
28907  50.643  -59.888  26.670 0.1000000015
24115  52.221  -63.856  28.046 0.5000000000
25273  51.354  -62.986  27.924 0.5000000000
26443  50.508  -62.176  27.657 0.5000000000
22921  52.978  -64.861  27.950 0.5000000000
32312  38.640  -56.238  29.537 0.1000000015
33450  40.254  -55.622  29.043 0.1000000015
33466  39.973  -55.046  28.531 0.1000000015
33467  39.041  -54.970  28.400 0.1000000015
34776  39.749  -54.631  27.865 0.1000000015
34775  40.612  -54.543  28.052 0.1000000015
34789  39.485  -54.489  27.109 0.1000000015
34797  41.229  -54.057  26.492 0.1000000015
34821  41.544  -54.962  24.818 0.1000000015
34820  42.394  -54.897  24.774 0.2000000030
33512  43.141  -55.612  24.554 0.2000000030
33511  43.658  -56.119  24.536 0.2000000030
32353  44.697  -56.548  24.759 0.2000000030
31242  46.257  -57.389  25.272 0.2000000030
30119  46.730  -58.436  25.506 0.2000000030
31274  52.977  -57.300  23.996 0.1000000015
31253  52.566  -57.392  24.409 0.1000000015
31236  52.277  -57.932  25.155 0.1000000015
30097  51.535  -59.166  26.229 0.1000000015
28928  47.985  -58.995  25.918 0.1000000015
30118  47.732  -58.355  25.704 0.2000000030
30115  50.725  -58.378  25.947 0.1000000015
30099  50.154  -59.092  26.327 0.1000000015
28908  49.501  -59.935  26.637 0.2000000030
28909  48.249  -59.689  26.281 0.2000000030
32309  41.502  -56.263  29.436 0.1000000015
33449  41.174  -55.568  29.071 0.1000000015
33447  43.291  -55.516  29.245 0.1000000015
33464  41.588  -54.929  28.726 0.1000000015
34758  43.217  -54.760  28.819 0.1000000015
34773  42.225  -54.402  28.404 0.1000000015
36077  41.628  -53.888  27.026 0.1000000015
34787  41.313  -54.107  27.505 0.1000000015
34796  41.901  -53.895  26.293 0.1000000015
36106  42.946  -53.740  25.707 0.1000000015
34809  43.176  -54.448  25.010 0.1000000015
34808  44.282  -54.577  24.929 0.1000000015
33497  44.093  -55.701  24.654 0.2000000030
32352  45.718  -56.403  24.948 0.2000000030
31241  47.339  -57.368  25.452 0.1000000015
33535  52.854  -55.820  22.662 0.1000000015
32375  51.828  -56.428  23.936 0.1000000015
32360  52.001  -56.833  24.225 0.1000000015
31237  51.253  -57.570  25.331 0.1000000015
32361  51.177  -56.469  24.447 0.1000000015
32347  50.535  -56.925  25.127 0.1000000015
30116  49.726  -58.319  25.988 0.1000000015
30100  49.258  -59.084  26.241 0.2000000030
34757  44.014  -54.774  29.034 0.1000000015
34771  43.882  -54.070  28.595 0.1000000015
36058  43.586  -53.472  28.042 0.1000000015
36075  43.062  -53.414  27.239 0.1000000015
36105  43.783  -53.668  25.475 0.1000000015
33496  45.061  -55.477  24.793 0.2000000030
33495  46.072  -55.272  24.864 0.1000000015
32351  46.891  -56.185  25.167 0.1000000015
33522  50.798  -55.358  23.633 0.1000000015
33507  50.345  -55.576  24.143 0.1000000015
33508  49.360  -55.611  24.683 0.1000000015
33492  48.527  -55.830  25.067 0.1000000015
32350  47.990  -56.463  25.344 0.1000000015
33520  52.273  -55.892  23.154 0.1000000015
33521  51.556  -55.751  23.503 0.1000000015
33506  50.962  -55.803  23.926 0.1000000015
32362  50.137  -56.294  24.799 0.1000000015
32363  49.582  -56.325  25.036 0.1000000015
32348  49.810  -56.849  25.281 0.1000000015
31239  49.308  -57.504  25.668 0.1000000015
31240  48.349  -57.430  25.613 0.1000000015
31238  50.234  -57.568  25.585 0.1000000015
30117  48.664  -58.466  25.929 0.1000000015
36039  44.964  -53.963  28.874 0.1000000015
36057  44.859  -53.193  28.378 0.1000000015
36074  44.198  -52.923  27.153 0.1000000015
36088  44.277  -53.057  26.046 0.1000000015
36104  44.726  -53.614  25.392 0.1000000015
34807  45.358  -54.400  25.017 0.1000000015
36114  49.155  -53.485  24.033 0.1000000015
36115  48.614  -53.463  24.314 0.1000000015
34819  47.477  -54.152  24.749 0.1000000015
34806  46.271  -54.236  25.007 0.1000000015
36125  50.206  -53.646  23.248 0.1000000015
37373  49.722  -52.972  23.615 0.1000000015
34817  49.107  -54.326  24.236 0.1000000015
34818  48.198  -54.201  24.554 0.1000000015
33510  47.781  -54.787  24.767 0.1000000015
33493  47.782  -55.545  25.008 0.1000000015
34830  50.300  -54.522  23.488 0.1000000015
34831  49.676  -54.337  23.826 0.1000000015
33509  48.451  -55.069  24.698 0.1000000015
37307  45.573  -52.653  26.134 0.1000000015
37306  46.535  -52.267  26.189 0.1000000015
36103  45.687  -53.350  25.423 0.1000000015
37330  47.368  -52.750  25.148 0.1000000015
37331  46.252  -52.873  25.595 0.1000000015
37350  49.381  -52.641  24.129 0.1000000015
37351  48.233  -52.834  24.629 0.1000000015
36102  46.597  -53.452  25.118 0.1000000015
34805  46.899  -54.059  24.879 0.1000000015
37372  50.304  -52.800  23.261 0.1000000015
36116  47.808  -53.397  24.658 0.1000000015
22953  44.924  -64.602  25.463 0.4000000060
22924  49.860  -65.115  28.358 0.5000000000
24149  44.662  -63.814  25.841 0.4000000060
25308  44.750  -62.721  25.899 0.4000000060
28954  40.548  -59.567  24.747 0.1000000015
26465  45.818  -62.277  26.094 0.4000000060
30166  38.006  -58.540  23.726 0.1000000015
31245  43.418  -58.039  24.777 0.2000000030
27730  42.313  -60.500  25.365 0.2000000030
27729  43.218  -60.519  25.437 0.2000000030
28931  44.948  -59.565  25.390 0.3000000119
27702  46.647  -61.174  26.159 0.3000000119
24133  49.792  -64.905  26.161 0.5000000000
28937  34.849  -58.823  25.444 0.1000000015
30125  35.019  -57.960  25.919 0.1000000015
31248  36.155  -56.859  25.720 0.1000000015
30145  37.686  -58.012  24.206 0.1000000015
31261  38.277  -57.420  24.683 0.1000000015
31262  37.325  -57.405  24.673 0.1000000015
31259  40.104  -57.657  24.664 0.1000000015
28953  40.885  -59.090  24.922 0.1000000015
30124  41.933  -59.033  25.017 0.1000000015
31257  41.998  -57.577  24.593 0.1000000015
25304  49.499  -63.277  25.418 0.5000000000
24145  50.418  -63.906  25.924 0.5000000000
25322  49.648  -62.432  25.044 0.5000000000
32343  36.107  -56.285  26.516 0.1000000015
33488  37.112  -55.605  26.589 0.1000000015
32357  36.951  -56.374  25.683 0.1000000015
33502  38.281  -55.744  25.727 0.1000000015
32369  38.944  -56.826  24.878 0.1000000015
33501  39.092  -55.436  25.461 0.1000000015
32366  41.563  -56.684  24.473 0.1000000015
32364  43.351  -56.593  24.504 0.2000000030
28924  54.629  -59.688  25.356 0.2000000030
28952  55.093  -59.568  24.956 0.2000000030
27723  54.907  -60.510  25.638 0.2000000030
27696  52.951  -60.604  26.656 0.2000000030
28927  52.196  -59.419  26.238 0.1000000015
26457  54.743  -61.869  26.057 0.2000000030
26458  54.067  -61.917  26.712 0.2000000030
26459  53.303  -61.416  26.885 0.3000000119
27699  50.159  -61.134  27.225 0.4000000060
25300  53.803  -62.903  25.645 0.5000000000
25299  54.332  -62.194  25.236 0.2000000030
25270  53.839  -62.653  27.022 0.4000000060
25271  53.252  -62.859  27.386 0.5000000000
26461  49.794  -61.950  27.516 0.5000000000
26481  52.762  -62.311  25.077 0.5000000000
25319  53.331  -62.491  25.194 0.5000000000
24129  53.377  -63.866  26.456 0.5000000000
22920  53.296  -64.165  27.553 0.5000000000
33452  38.301  -55.445  28.951 0.1000000015
33468  37.968  -54.927  27.973 0.1000000015
33478  37.859  -55.091  26.973 0.1000000015
33500  39.944  -55.346  25.108 0.1000000015
34798  40.101  -54.421  26.356 0.1000000015
34811  40.752  -54.703  25.407 0.1000000015
33514  41.081  -55.764  24.561 0.1000000015
30138  52.978  -58.072  24.812 0.1000000015
32311  39.639  -56.240  29.447 0.1000000015
32310  40.544  -56.290  29.419 0.1000000015
34788  40.409  -54.307  27.244 0.1000000015
34774  41.405  -54.486  28.248 0.1000000015
34810  42.039  -54.208  25.570 0.1000000015
33498  43.689  -55.053  24.737 0.2000000030
32384  53.187  -56.435  23.024 0.1000000015
32374  52.621  -56.615  23.578 0.1000000015
31254  51.855  -57.230  24.729 0.1000000015
33448  42.278  -55.282  29.031 0.1000000015
32308  42.484  -56.280  29.518 0.1000000015
33446  44.208  -55.527  29.456 0.1000000015
34759  42.703  -54.657  28.680 0.1000000015
34772  43.060  -54.193  28.412 0.1000000015
36060  42.210  -53.961  27.958 0.1000000015
36059  42.695  -53.800  27.953 0.1000000015
36090  42.470  -53.671  26.450 0.1000000015
36076  42.131  -53.797  27.362 0.1000000015
34756  44.883  -54.624  29.276 0.1000000015
36089  43.424  -53.302  26.334 0.1000000015
33494  47.024  -54.903  24.895 0.1000000015
34816  49.728  -54.899  24.038 0.1000000015
34848  50.821  -54.501  23.049 0.1000000015
34829  50.958  -54.986  23.271 0.1000000015
32349  49.009  -56.532  25.341 0.1000000015
36073  44.935  -52.705  27.504 0.1000000015
37282  45.025  -52.599  26.935 0.1000000015
36087  44.997  -53.006  25.837 0.1000000015
36101  47.205  -53.546  24.858 0.1000000015
36126  49.669  -53.579  23.656 0.1000000015
37332  45.819  -52.913  25.684 0.1000000015
37305  47.652  -51.908  26.103 0.1000000015
38536  49.693  -52.195  24.254 0.1000000015
37349  49.946  -52.496  23.746 0.1000000015
21973  44.948  -65.308  20.818 0.1000000015
21972  45.589  -65.705  21.093 0.1000000015
21954  45.072  -65.010  21.965 0.1000000015
21935  45.133  -64.883  23.080 0.1000000015
21919  45.063  -64.995  24.097 0.1000000015
23034  43.647  -64.013  21.764 0.1000000015
23006  43.593  -63.756  22.933 0.1000000015
21989  44.451  -65.413  19.968 0.2000000030
20960  45.783  -66.071  20.490 0.2000000030
21934  45.825  -65.602  22.509 0.1000000015
20959  46.609  -66.579  20.897 0.2000000030
20976  46.428  -66.779  20.015 0.2000000030
20925  46.390  -66.115  22.263 0.2000000030
21918  45.693  -65.443  23.633 0.2000000030
21933  46.369  -66.014  22.716 0.2000000030
21904  46.241  -65.826  24.189 0.2000000030
21905  45.610  -65.430  24.509 0.3000000119
21886  45.606  -65.333  25.366 0.3000000119
20899  46.078  -65.766  24.851 0.3000000119
21885  46.174  -65.791  25.609 0.3000000119
20924  46.907  -66.480  22.797 0.2000000030
20913  46.807  -66.363  23.862 0.2000000030
19893  47.738  -67.808  20.827 0.2000000030
20898  46.658  -66.382  24.818 0.2000000030
19875  47.292  -67.100  21.273 0.2000000030
15527  46.614  -71.699  18.391 0.1000000015
19894  47.110  -67.286  20.361 0.2000000030
20940  46.771  -66.532  21.802 0.2000000030
20882  46.589  -66.396  25.670 0.3000000119
17752  47.227  -69.967  18.907 0.1000000015
19912  47.483  -68.058  20.078 0.1000000015
20923  47.352  -66.830  23.553 0.2000000030
20912  47.263  -66.869  24.357 0.2000000030
16652  46.167  -70.997  18.237 0.1000000015
19808  47.464  -67.090  26.468 0.4000000060
17730  47.417  -69.417  19.301 0.2000000030
19863  47.734  -67.287  22.780 0.2000000030
18782  48.165  -68.714  20.453 0.2000000030
15526  47.447  -71.517  18.606 0.1000000015
15505  48.058  -71.250  18.989 0.2000000030
16651  46.907  -70.901  18.612 0.1000000015
16623  47.869  -70.770  19.203 0.1000000015
18763  48.220  -68.161  21.163 0.2000000030
19855  47.810  -67.406  23.847 0.2000000030
19841  47.644  -67.507  24.955 0.4000000060
17729  47.936  -69.854  19.578 0.1000000015
19840  48.464  -68.288  25.144 0.4000000060
20866  47.537  -67.007  26.723 0.4000000060
18762  48.822  -68.571  21.746 0.3000000119
18781  48.674  -69.066  20.738 0.4000000060
19826  48.127  -67.964  25.837 0.4000000060
19788  48.368  -67.360  27.293 0.4000000060
19862  48.414  -67.899  23.074 0.3000000119
18761  49.555  -69.029  21.831 0.4000000060
31271  55.111  -57.901  23.254 0.1000000015
30136  54.783  -58.964  24.614 0.1000000015
19807  48.003  -67.540  26.691 0.4000000060
18734  49.011  -68.693  24.606 0.4000000060
18665  49.392  -68.402  26.711 0.5000000000
18749  49.784  -68.949  22.726 0.4000000060
18750  49.075  -68.526  23.441 0.3000000119
18733  49.730  -69.084  24.142 0.4000000060
30159  55.542  -58.700  23.706 0.1000000015
30183  56.005  -58.516  23.016 0.1000000015
30135  55.350  -59.090  24.311 0.1000000015
19787  49.110  -67.887  27.307 0.4000000060
18681  50.060  -68.122  26.647 0.5000000000
18701  49.747  -68.917  25.840 0.5000000000
18663  50.074  -67.951  27.086 0.5000000000
28951  55.565  -59.613  24.515 0.1000000015
27771  55.898  -60.551  23.508 0.1000000015
27750  56.135  -60.160  23.716 0.1000000015
26479  55.300  -61.233  24.868 0.1000000015
21974  44.211  -65.027  20.349 0.1000000015
23005  44.397  -64.394  22.475 0.1000000015
23033  44.372  -64.638  21.382 0.1000000015
24181  43.164  -63.455  23.540 0.1000000015
20849  47.748  -66.753  27.201 0.4000000060
27722  55.385  -60.643  25.188 0.1000000015
20978  44.348  -65.927  19.179 0.1000000015
19842  47.072  -66.875  25.274 0.3000000119
19873  48.278  -67.816  22.330 0.2000000030
19827  47.330  -67.214  25.941 0.4000000060
19854  48.420  -68.053  24.210 0.3000000119
18702  49.164  -68.836  25.841 0.4000000060
28969  55.951  -59.371  23.756 0.1000000015
27751  55.757  -60.473  24.295 0.1000000015
23058  42.625  -63.557  21.032 0.1000000015
13573  32.613  -73.336  13.478 0.1000000015
14581  32.548  -72.455  13.150 0.1000000015
13583  34.910  -73.595  12.182 0.1000000015
14582  31.937  -71.557  13.398 0.1000000015
12538  34.601  -74.725  12.155 0.1000000015
14570  31.940  -71.954  13.941 0.1000000015
15630  31.397  -71.183  13.901 0.1000000015
16740  29.960  -70.382  14.585 0.1000000015
15649  31.420  -70.900  13.018 0.1000000015
6490  36.214  -81.072  19.404 0.1000000015
15514  27.949  -71.300  19.302 0.1000000015
16665  27.421  -70.304  18.249 0.1000000015
11510  33.544  -75.130  13.178 0.1000000015
16692  27.970  -69.954  17.388 0.1000000015
13572  32.888  -73.752  12.882 0.1000000015
16730  29.332  -70.151  15.432 0.1000000015
11520  34.144  -75.752  12.547 0.1000000015
16731  28.277  -70.275  15.287 0.1000000015
12537  35.608  -74.708  12.122 0.1000000015
8030  36.656  -80.008  21.409 0.1000000015
8086  36.285  -80.390  19.202 0.1000000015
8068  36.210  -79.861  19.218 0.1000000015
8800  37.129  -78.365  23.277 0.1000000015
8818  36.510  -78.725  22.728 0.1000000015
7248  36.976  -80.284  20.580 0.1000000015
7260  36.991  -80.314  19.895 0.1000000015
8879  34.002  -78.610  19.229 0.1000000015
12394  30.442  -74.595  19.605 0.1000000015
14430  29.439  -72.513  19.734 0.1000000015
12520  32.827  -74.076  13.477 0.1000000015
13554  32.635  -73.515  14.043 0.1000000015
15609  31.518  -71.493  14.677 0.1000000015
11509  34.155  -75.619  13.128 0.1000000015
11525  36.286  -75.855  11.805 0.1000000015
12536  36.368  -75.055  12.207 0.1000000015
8067  36.840  -79.960  19.542 0.1000000015
8876  36.587  -79.434  19.619 0.1000000015
9644  37.610  -77.661  23.853 0.1000000015
8817  37.573  -78.944  22.679 0.1000000015
8012  37.126  -79.512  22.079 0.1000000015
8047  37.517  -79.645  20.368 0.1000000015
8860  36.559  -78.875  19.918 0.1000000015
8877  35.900  -79.044  19.451 0.1000000015
10547  34.725  -77.405  19.800 0.1000000015
11422  33.538  -76.341  19.674 0.1000000015
11424  31.902  -75.706  19.426 0.1000000015
11423  33.003  -75.761  19.629 0.1000000015
13438  31.194  -73.524  19.900 0.1000000015
13439  29.970  -73.530  19.786 0.1000000015
14429  30.467  -72.488  19.856 0.1000000015
16636  28.683  -70.981  19.178 0.1000000015
16715  30.868  -70.588  16.519 0.1000000015
11496  33.810  -75.057  13.570 0.1000000015
13539  33.108  -73.520  14.625 0.1000000015
14550  32.065  -72.194  14.646 0.1000000015
15581  31.626  -70.957  16.088 0.1000000015
16729  30.305  -70.525  15.520 0.1000000015
10646  35.115  -76.590  12.336 0.1000000015
10657  35.052  -76.499  11.843 0.1000000015
10526  36.838  -77.286  21.049 0.1000000015
9630  37.840  -77.282  24.234 0.1000000015
8799  38.066  -78.467  23.287 0.1000000015
8011  37.975  -79.198  21.803 0.1000000015
8028  38.081  -79.265  20.992 0.1000000015
9677  38.255  -78.172  21.287 0.1000000015
9678  37.528  -77.887  20.985 0.1000000015
10537  36.248  -77.591  20.553 0.1000000015
11410  35.304  -75.941  20.717 0.1000000015
11412  33.431  -75.236  20.006 0.1000000015
13430  33.307  -73.376  20.392 0.1000000015
9643  38.602  -78.021  23.850 0.1000000015
9642  39.512  -77.856  23.517 0.1000000015
8798  38.959  -78.238  22.979 0.1000000015
8815  39.189  -78.178  22.142 0.1000000015
8834  39.228  -78.017  21.787 0.1000000015
12392  32.369  -74.676  19.805 0.1000000015
13437  31.831  -74.093  19.886 0.1000000015
14428  31.350  -72.399  19.998 0.1000000015
15511  30.975  -71.491  19.691 0.1000000015
15512  29.913  -71.587  19.553 0.1000000015
16633  31.337  -70.687  19.224 0.1000000015
16634  30.330  -70.794  19.151 0.1000000015
16689  31.291  -70.384  17.608 0.1000000015
16662  30.778  -70.368  18.445 0.1000000015
15579  33.161  -71.335  16.332 0.1000000015
16714  31.836  -70.664  16.846 0.1000000015
16663  29.719  -70.360  18.418 0.1000000015
13538  33.668  -73.880  14.737 0.1000000015
14529  32.421  -72.293  15.185 0.1000000015
15594  32.702  -71.887  15.754 0.1000000015
11508  34.795  -75.726  13.555 0.1000000015
10628  34.998  -76.226  13.036 0.1000000015
10644  37.155  -76.907  11.919 0.1000000015
10645  35.841  -77.059  12.132 0.1000000015
9824  37.498  -77.586  12.367 0.1000000015
9806  36.733  -77.424  12.709 0.1000000015
10525  37.750  -77.037  21.696 0.1000000015
11409  36.062  -76.808  20.849 0.1000000015
10473  38.822  -76.870  24.949 0.1000000015
10472  39.799  -77.138  24.939 0.1000000015
9627  40.088  -77.426  24.019 0.1000000015
9641  40.340  -77.553  23.066 0.1000000015
10522  40.386  -77.315  21.823 0.1000000015
10524  38.984  -77.249  21.734 0.1000000015
11399  36.584  -75.905  21.557 0.1000000015
12380  34.599  -74.799  20.770 0.1000000015
13429  34.325  -73.363  20.913 0.1000000015
9628  39.192  -77.645  24.429 0.1000000015
9658  39.790  -77.867  22.594 0.1000000015
14416  33.699  -72.389  20.648 0.1000000015
14417  32.863  -72.392  20.331 0.1000000015
14418  32.065  -72.357  20.150 0.1000000015
15492  33.380  -71.494  20.387 0.1000000015
15493  32.479  -71.360  20.059 0.1000000015
16608  33.112  -70.800  19.954 0.1000000015
16632  32.450  -70.624  19.439 0.1000000015
16687  33.245  -70.304  17.649 0.1000000015
16660  32.860  -70.227  18.534 0.1000000015
12458  34.500  -74.303  14.786 0.1000000015
13519  35.681  -74.170  15.519 0.1000000015
13521  34.230  -73.642  15.146 0.1000000015
14501  34.099  -72.130  15.929 0.1000000015
16712  33.672  -70.727  16.876 0.1000000015
16713  32.737  -70.689  16.910 0.1000000015
12456  35.988  -74.845  15.380 0.1000000015
15593  33.507  -72.067  15.884 0.1000000015
12478  35.054  -75.043  14.514 0.1000000015
11470  36.425  -75.661  15.159 0.1000000015
10614  36.143  -76.450  13.948 0.1000000015
9787  36.444  -77.119  13.225 0.1000000015
8986  38.883  -78.404  12.779 0.1000000015
11321  40.350  -75.992  26.503 0.1000000015
11335  39.624  -76.057  25.950 0.1000000015
11336  39.019  -76.004  25.394 0.1000000015
10471  40.782  -76.781  24.472 0.1000000015
10486  41.381  -76.611  23.358 0.1000000015
11398  37.472  -76.251  21.903 0.1000000015
10458  40.323  -76.572  25.627 0.1000000015
9657  40.532  -77.420  22.181 0.1000000015
10504  39.743  -76.525  21.969 0.1000000015
10506  37.883  -76.364  22.019 0.1000000015
12366  36.459  -74.595  21.992 0.1000000015
13428  35.167  -74.121  21.247 0.1000000015
11384  36.942  -75.167  22.102 0.1000000015
13421  35.132  -73.161  21.459 0.1000000015
14415  34.297  -72.217  20.977 0.1000000015
15483  34.614  -71.509  21.122 0.1000000015
16607  34.120  -70.661  20.380 0.1000000015
17736  34.339  -69.882  19.382 0.1000000015
16686  34.215  -70.322  17.569 0.1000000015
16659  33.818  -69.980  18.382 0.1000000015
14526  34.956  -73.091  15.594 0.1000000015
16711  34.551  -70.868  16.942 0.1000000015
13518  36.233  -74.305  15.856 0.1000000015
13499  36.054  -73.741  15.993 0.1000000015
11451  36.983  -75.415  15.839 0.1000000015
10596  36.934  -76.436  14.888 0.1000000015
9786  37.087  -77.448  13.513 0.1000000015
9805  37.769  -78.196  13.052 0.1000000015
11365  41.297  -75.388  23.149 0.1000000015
11366  40.341  -75.055  23.165 0.1000000015
11308  40.863  -75.684  27.026 0.1000000015
10444  40.879  -76.236  26.002 0.1000000015
10457  41.267  -76.148  25.421 0.1000000015
10470  41.707  -76.061  24.430 0.1000000015
10502  41.287  -76.751  22.504 0.1000000015
11381  40.527  -75.906  22.442 0.1000000015
11367  39.582  -74.665  23.312 0.1000000015
12348  38.896  -74.325  23.314 0.1000000015
11380  41.349  -76.172  22.591 0.1000000015
12349  38.088  -74.476  22.867 0.1000000015
14398  36.847  -72.323  22.755 0.1000000015
15472  35.877  -71.474  22.150 0.1000000015
12350  37.194  -74.471  22.396 0.1000000015
13419  36.619  -73.542  22.375 0.1000000015
16591  34.865  -70.730  21.040 0.1000000015
16630  34.571  -69.969  19.798 0.1000000015
17734  35.166  -69.728  19.217 0.1000000015
17758  34.367  -69.780  18.946 0.1000000015
15556  35.754  -71.270  17.369 0.1000000015
16658  34.749  -70.018  18.286 0.1000000015
14498  36.624  -73.276  16.867 0.1000000015
14499  35.939  -72.856  16.443 0.1000000015
15577  35.352  -71.621  16.801 0.1000000015
13498  36.748  -73.927  16.500 0.1000000015
12433  37.228  -74.855  16.195 0.1000000015
11469  37.245  -75.962  15.516 0.1000000015
12312  44.746  -74.246  24.257 0.1000000015
11306  41.665  -75.436  26.674 0.1000000015
12297  43.103  -74.950  25.226 0.1000000015
12331  44.014  -74.507  23.873 0.1000000015
12333  42.131  -74.733  23.618 0.1000000015
12316  41.620  -73.821  24.000 0.1000000015
12266  40.144  -75.054  27.285 0.1000000015
12265  41.150  -75.195  27.520 0.1000000015
11333  42.101  -75.460  25.260 0.1000000015
11332  42.779  -75.196  24.987 0.1000000015
11363  43.112  -75.130  23.926 0.1000000015
12335  40.137  -74.216  23.736 0.1000000015
13404  39.038  -73.620  23.655 0.1000000015
14397  37.827  -72.309  23.274 0.1000000015
13405  38.357  -73.361  23.420 0.1000000015
15471  36.606  -71.106  22.521 0.1000000015
15481  36.000  -70.785  22.010 0.1000000015
16590  35.889  -70.268  21.336 0.1000000015
16629  35.495  -69.804  19.567 0.1000000015
16628  36.693  -70.296  19.454 0.1000000015
16657  35.776  -70.197  18.602 0.1000000015
16683  36.665  -71.692  17.961 0.1000000015
13480  37.440  -73.568  17.306 0.1000000015
14475  36.247  -72.422  17.007 0.1000000015
12432  37.863  -75.002  16.018 0.1000000015
12455  38.407  -74.778  15.257 0.1000000015
12280  43.359  -74.426  26.430 0.1000000015
13356  44.997  -73.725  23.807 0.1000000015
12315  42.114  -73.945  23.867 0.1000000015
12281  42.493  -75.015  25.963 0.1000000015
13381  42.825  -74.089  23.696 0.1000000015
13384  39.732  -73.312  23.988 0.1000000015
14379  39.584  -72.292  23.898 0.1000000015
14380  38.721  -72.268  23.625 0.1000000015
15455  38.475  -71.391  23.338 0.1000000015
16574  37.711  -70.380  22.304 0.1000000015
16575  36.662  -70.317  21.977 0.1000000015
16604  37.369  -70.313  20.189 0.1000000015
16605  36.321  -69.943  20.405 0.1000000015
16627  37.831  -71.183  19.552 0.1000000015
15532  37.120  -72.143  18.218 0.1000000015
16656  37.011  -71.231  18.621 0.1000000015
13457  38.061  -73.603  17.956 0.1000000015
15554  36.772  -72.233  17.789 0.1000000015
13479  38.080  -73.657  17.040 0.1000000015
14474  36.798  -72.879  17.421 0.1000000015
13496  38.098  -74.100  16.118 0.1000000015
13537  38.916  -73.821  14.785 0.1000000015
13535  40.892  -74.209  14.652 0.1000000015
12279  44.061  -74.062  26.109 0.1000000015
13338  44.654  -73.765  25.040 0.1000000015
13358  42.847  -73.282  23.833 0.1000000015
14360  40.962  -72.904  24.258 0.1000000015
14378  40.629  -72.424  24.117 0.1000000015
13302  43.561  -73.918  27.308 0.1000000015
13359  41.821  -73.257  24.097 0.1000000015
15454  39.372  -71.467  23.533 0.1000000015
16573  38.967  -70.434  22.305 0.1000000015
16589  37.320  -70.064  21.186 0.1000000015
16603  38.460  -70.767  20.379 0.1000000015
14471  39.076  -72.433  18.100 0.1000000015
15509  38.060  -72.073  19.223 0.1000000015
14450  38.406  -73.027  18.534 0.1000000015
14497  38.255  -72.958  16.276 0.1000000015
13517  38.412  -73.691  15.455 0.1000000015
14524  38.846  -72.813  15.134 0.1000000015
15589  41.573  -72.123  15.409 0.1000000015
15588  42.679  -72.476  15.935 0.1000000015
14326  43.832  -72.967  26.248 0.1000000015
13320  44.276  -73.610  25.943 0.1000000015
14342  43.523  -72.597  25.461 0.1000000015
14358  42.120  -72.383  24.091 0.1000000015
15452  41.062  -71.530  24.004 0.1000000015
14357  43.445  -72.681  24.296 0.1000000015
16555  39.998  -70.818  23.242 0.1000000015
16556  39.207  -70.794  23.022 0.1000000015
16602  39.446  -70.632  20.720 0.1000000015
15490  38.907  -71.412  19.929 0.1000000015
15508  38.650  -71.842  19.544 0.1000000015
21016  40.679  -66.269  16.792 0.1000000015
21033  40.055  -66.992  16.271 0.1000000015
19986  39.826  -68.128  15.740 0.1000000015
17805  38.515  -69.319  15.884 0.1000000015
16728  38.415  -70.196  15.913 0.1000000015
15552  39.197  -72.188  18.281 0.1000000015
14426  38.597  -72.506  19.112 0.1000000015
21032  41.125  -67.063  16.388 0.1000000015
19976  40.451  -67.865  15.874 0.1000000015
18867  39.442  -68.646  15.659 0.1000000015
15553  38.886  -71.831  17.784 0.1000000015
21015  42.133  -66.502  17.092 0.1000000015
21031  41.833  -67.245  16.528 0.1000000015
19975  41.506  -67.799  16.154 0.1000000015
16726  40.155  -70.718  15.244 0.1000000015
16727  39.127  -70.529  15.416 0.1000000015
15575  38.411  -72.036  16.876 0.1000000015
19961  42.907  -67.120  16.977 0.1000000015
18855  41.911  -68.685  15.939 0.1000000015
15591  39.434  -71.648  15.207 0.1000000015
17793  42.278  -69.936  15.808 0.1000000015
18842  44.462  -68.946  17.069 0.1000000015
16724  42.079  -71.191  15.667 0.1000000015
17791  44.322  -70.960  16.865 0.1000000015
15379  42.769  -71.945  27.539 0.1000000015
14327  43.194  -72.586  26.470 0.1000000015
15415  42.860  -72.412  25.873 0.1000000015
15416  42.224  -71.989  25.799 0.1000000015
15431  42.206  -71.847  24.700 0.1000000015
15430  42.887  -72.268  25.172 0.1000000015
16532  41.485  -71.425  24.973 0.1000000015
15453  40.222  -71.515  23.778 0.1000000015
16587  39.720  -70.388  21.574 0.1000000015
16625  39.832  -70.663  19.965 0.1000000015
17755  39.122  -70.056  18.815 0.1000000015
15507  39.268  -71.609  19.412 0.1000000015
21034  39.117  -66.984  16.406 0.1000000015
18859  37.903  -68.402  16.797 0.1000000015
17795  38.109  -69.431  16.494 0.1000000015
16682  38.711  -70.840  17.961 0.1000000015
21017  39.580  -66.277  16.728 0.1000000015
20999  43.418  -66.226  18.071 0.1000000015
21014  43.077  -66.828  17.299 0.1000000015
15380  42.107  -71.388  27.735 0.1000000015
15399  41.343  -71.419  26.482 0.1000000015
15398  41.831  -71.710  26.902 0.1000000015
16519  41.062  -71.272  25.835 0.1000000015
16533  40.866  -71.016  24.692 0.1000000015
16518  41.723  -71.605  25.438 0.1000000015
17654  40.361  -70.482  24.223 0.1000000015
16554  40.556  -70.772  23.693 0.1000000015
16571  40.435  -70.265  22.802 0.1000000015
16624  40.270  -70.216  20.256 0.1000000015
16601  40.240  -70.254  20.788 0.1000000015
17733  39.390  -69.456  19.454 0.1000000015
17754  39.691  -70.400  19.456 0.1000000015
21018  38.819  -66.465  16.787 0.1000000015
19962  38.147  -67.256  16.876 0.1000000015
18843  38.316  -69.188  18.371 0.1000000015
16653  39.539  -70.962  19.094 0.1000000015
22011  40.570  -65.020  17.740 0.1000000015
22029  38.850  -65.746  17.228 0.1000000015
17778  38.112  -69.652  17.549 0.1000000015
22010  41.357  -64.999  18.035 0.1000000015
22027  41.115  -65.622  17.413 0.1000000015
16505  40.953  -71.019  27.040 0.1000000015
16520  40.359  -70.744  25.688 0.1000000015
17670  40.245  -69.895  23.375 0.1000000015
17686  40.689  -69.648  22.368 0.1000000015
16586  40.555  -70.078  21.780 0.1000000015
18805  39.510  -68.910  19.921 0.1000000015
17732  40.088  -69.787  19.929 0.1000000015
18823  38.106  -68.558  18.572 0.1000000015
18822  38.725  -68.953  19.130 0.1000000015
18844  37.805  -68.578  17.774 0.1000000015
22028  39.984  -65.468  17.251 0.1000000015
22009  42.417  -65.222  18.435 0.1000000015
20979  43.674  -65.640  18.916 0.1000000015
16506  40.515  -70.823  26.359 0.1000000015
17639  39.824  -70.391  25.517 0.1000000015
16534  40.260  -70.541  24.925 0.1000000015
17656  38.932  -69.615  24.695 0.1000000015
17655  39.750  -70.099  24.573 0.1000000015
18736  39.850  -69.101  23.130 0.1000000015
18735  40.461  -69.246  22.674 0.1000000015
18751  40.883  -68.986  22.095 0.1000000015
18764  40.806  -69.004  21.280 0.1000000015
18783  40.618  -69.127  20.825 0.1000000015
19915  38.480  -68.047  19.748 0.1000000015
19963  37.796  -67.537  17.393 0.1000000015
19940  37.743  -67.689  18.592 0.1000000015
23124  39.136  -64.953  17.627 0.1000000015
21019  38.215  -66.598  17.239 0.1000000015
21991  42.954  -64.878  19.163 0.1000000015
21990  43.667  -65.078  19.646 0.1000000015
17672  38.842  -69.290  24.097 0.1000000015
17671  39.427  -69.497  23.858 0.1000000015
18753  39.503  -68.616  22.903 0.1000000015
19876  39.642  -68.245  22.179 0.1000000015
18765  40.309  -68.549  21.712 0.1000000015
18784  40.065  -68.664  20.776 0.1000000015
18785  39.275  -68.385  20.344 0.1000000015
23100  41.596  -64.362  18.740 0.1000000015
21020  37.692  -66.685  17.990 0.1000000015
23099  42.375  -64.476  19.166 0.1000000015
18737  38.896  -68.838  23.527 0.1000000015
19867  38.119  -67.352  22.609 0.1000000015
19866  38.885  -68.143  22.841 0.1000000015
19878  38.151  -67.176  21.597 0.1000000015
20962  37.246  -66.283  20.285 0.1000000015
19896  38.998  -67.837  20.900 0.1000000015
23101  40.455  -64.290  18.313 0.1000000015
23123  39.908  -64.778  17.758 0.1000000015
23125  38.541  -65.215  17.724 0.1000000015
22031  37.616  -66.113  18.330 0.1000000015
23076  42.968  -64.365  19.882 0.1000000015
21955  37.033  -65.936  21.006 0.1000000015
19877  38.993  -67.709  21.951 0.1000000015
20980  37.293  -66.185  19.387 0.1000000015
19897  37.919  -67.193  20.564 0.1000000015
23103  38.296  -64.598  18.286 0.1000000015
22013  37.487  -65.567  18.741 0.1000000015
19916  37.579  -67.033  19.550 0.1000000015
22012  37.825  -65.175  18.350 0.1000000015
21001  37.488  -66.548  18.743 0.1000000015
13441  27.834  -73.460  19.869 0.1000000015
15513  28.960  -71.600  19.446 0.1000000015
15533  27.734  -70.626  18.814 0.1000000015
16664  28.489  -70.380  18.591 0.1000000015
13585  33.357  -73.545  12.530 0.1000000015
16691  29.152  -69.973  17.485 0.1000000015
12539  33.712  -74.647  12.478 0.1000000015
15596  31.176  -70.988  15.480 0.1000000015
16716  29.760  -70.186  16.468 0.1000000015
15610  30.819  -70.846  14.641 0.1000000015
15631  30.541  -70.587  13.712 0.1000000015
7249  36.168  -80.555  20.790 0.1000000015
15534  27.116  -70.855  18.857 0.1000000015
14431  28.416  -72.449  19.696 0.1000000015
16717  28.649  -69.955  16.359 0.1000000015
8029  37.489  -79.741  21.188 0.1000000015
9712  35.214  -78.163  19.679 0.1000000015
12393  31.446  -74.706  19.653 0.1000000015
12481  33.409  -74.014  14.411 0.1000000015
15595  31.938  -71.600  15.456 0.1000000015
8859  37.201  -79.225  20.125 0.1000000015
8857  38.271  -78.941  20.868 0.1000000015
9698  36.897  -78.267  20.465 0.1000000015
10539  34.673  -76.672  20.104 0.1000000015
10548  34.010  -76.958  19.607 0.1000000015
11411  34.005  -75.784  20.115 0.1000000015
13432  31.725  -72.927  20.073 0.1000000015
15494  31.723  -71.710  19.962 0.1000000015
16690  30.257  -70.242  17.505 0.1000000015
12479  34.700  -74.893  14.416 0.1000000015
14528  33.063  -72.739  15.321 0.1000000015
11400  35.730  -75.415  21.236 0.1000000015
12382  32.955  -74.173  20.096 0.1000000015
9675  39.895  -77.687  21.907 0.1000000015
16661  31.816  -70.355  18.522 0.1000000015
16688  32.280  -70.371  17.690 0.1000000015
15578  34.157  -71.518  16.338 0.1000000015
10459  39.502  -76.595  25.431 0.1000000015
10503  40.776  -76.819  21.895 0.1000000015
12379  35.281  -75.027  21.146 0.1000000015
16631  33.680  -70.170  19.382 0.1000000015
14500  34.767  -72.275  16.044 0.1000000015
11383  37.722  -75.595  22.240 0.1000000015
11382  39.194  -75.443  22.697 0.1000000015
13420  35.819  -73.627  21.841 0.1000000015
14408  36.169  -72.770  22.274 0.1000000015
14409  35.560  -72.375  21.930 0.1000000015
15482  35.319  -71.301  21.632 0.1000000015
16685  35.260  -70.656  17.555 0.1000000015
11450  37.530  -75.416  15.865 0.1000000015
10595  37.685  -76.530  15.033 0.1000000015
10613  37.368  -77.076  14.336 0.1000000015
11320  41.304  -75.842  26.213 0.1000000015
11349  42.457  -75.524  24.267 0.1000000015
11364  42.017  -75.645  23.500 0.1000000015
13406  37.441  -73.422  22.876 0.1000000015
16606  35.180  -70.110  20.469 0.1000000015
16684  36.170  -71.070  17.845 0.1000000015
13497  37.600  -74.234  16.576 0.1000000015
11468  38.005  -75.784  15.561 0.1000000015
11362  43.620  -75.003  24.125 0.1000000015
13383  40.707  -73.460  24.133 0.1000000015
13385  39.003  -72.973  23.844 0.1000000015
15470  37.550  -71.243  23.035 0.1000000015
12477  39.264  -74.973  14.481 0.1000000015
13357  43.567  -73.172  23.761 0.1000000015
14341  44.394  -73.214  24.925 0.1000000015
16557  38.368  -70.714  22.902 0.1000000015
16626  38.517  -71.321  19.866 0.1000000015
14451  37.542  -72.948  18.235 0.1000000015
14472  38.602  -72.840  17.678 0.1000000015
14523  39.849  -72.613  14.824 0.1000000015
13536  39.816  -74.112  14.516 0.1000000015
14522  40.960  -73.036  14.986 0.1000000015
14377  41.479  -72.073  23.977 0.1000000015
16588  38.647  -70.366  21.418 0.1000000015
15489  39.277  -71.095  20.129 0.1000000015
15592  38.506  -71.564  15.854 0.1000000015
16709  43.049  -71.237  16.138 0.1000000015
15590  40.504  -71.830  15.136 0.1000000015
16725  41.161  -71.006  15.397 0.1000000015
15451  41.753  -71.772  24.077 0.1000000015
16572  39.897  -70.410  22.462 0.1000000015
18857  39.118  -68.303  15.798 0.1000000015
18866  40.465  -68.784  15.599 0.1000000015
16710  38.154  -70.840  16.881 0.1000000015
16654  39.224  -71.025  18.496 0.1000000015
18865  41.245  -68.981  15.668 0.1000000015
17803  39.845  -69.642  15.404 0.1000000015
22026  41.913  -65.615  17.727 0.1000000015
19974  42.545  -67.723  16.558 0.1000000015
17802  41.062  -69.826  15.450 0.1000000015
21000  42.476  -65.874  17.814 0.1000000015
18854  42.905  -68.890  16.318 0.1000000015
17792  43.639  -70.104  16.526 0.1000000015
17776  44.725  -70.185  17.149 0.1000000015
19978  38.481  -67.638  16.443 0.1000000015
19979  37.992  -67.685  16.812 0.1000000015
17779  37.767  -68.930  17.235 0.1000000015
22008  43.233  -65.395  18.831 0.1000000015
17713  40.630  -69.637  20.894 0.1000000015
19895  39.645  -68.193  21.499 0.1000000015
17638  49.966  -69.147  25.401 0.4000000060
17685  49.907  -69.120  22.012 0.3000000119
17684  50.118  -68.984  22.246 0.3000000119
18732  50.510  -68.656  23.765 0.3000000119
17668  50.362  -68.914  24.668 0.4000000060
17652  50.266  -68.958  25.257 0.4000000060
18731  51.070  -68.307  22.862 0.3000000119
19853  50.766  -67.981  24.141 0.4000000060
20030  47.862  -67.533  11.751 0.1000000015
20029  48.916  -67.579  11.860 0.1000000015
20009  50.108  -67.834  12.816 0.2000000030
21040  52.129  -66.656  15.515 0.3000000119
21916  48.997  -65.492  22.835 0.4000000060
17697  49.363  -69.254  21.292 0.3000000119
22005  52.117  -65.818  18.893 0.4000000060
21971  51.705  -65.586  20.042 0.4000000060
19983  51.459  -67.209  15.010 0.2000000030
21029  52.504  -66.317  16.278 0.3000000119
21987  51.678  -65.585  19.311 0.4000000060
23029  51.253  -65.307  20.497 0.4000000060
21915  49.652  -65.808  22.669 0.4000000060
20031  46.854  -67.230  11.908 0.1000000015
19990  51.193  -67.005  14.015 0.3000000119
23053  51.285  -65.366  19.769 0.4000000060
21952  50.457  -65.267  21.440 0.4000000060
23002  49.447  -64.915  21.840 0.4000000060
21074  47.584  -66.626  11.540 0.1000000015
21049  51.012  -67.018  13.160 0.2000000030
21044  51.931  -66.544  14.451 0.3000000119
22023  52.326  -65.720  17.777 0.3000000119
23055  50.082  -64.588  20.466 0.4000000060
22971  48.170  -65.059  24.098 0.4000000060
24147  48.257  -64.129  25.148 0.4000000060
22006  51.815  -65.582  18.524 0.4000000060
23072  50.971  -65.314  19.295 0.4000000060
24233  49.428  -64.192  20.852 0.4000000060
24208  49.338  -64.334  21.251 0.4000000060
23003  48.791  -64.756  22.153 0.5000000000
22090  48.232  -65.869  11.514 0.2000000030
21073  48.618  -66.732  11.621 0.2000000030
21072  49.705  -66.759  11.886 0.2000000030
20028  49.653  -67.544  12.193 0.2000000030
23136  52.373  -65.429  16.495 0.3000000119
22024  51.795  -65.450  17.671 0.3000000119
22091  47.327  -65.811  11.420 0.1000000015
23073  50.208  -64.802  19.565 0.4000000060
22025  51.168  -65.439  17.906 0.4000000060
24253  49.490  -64.160  20.127 0.4000000060
23004  48.036  -64.545  22.491 0.5000000000
22987  47.671  -64.493  23.185 0.5000000000
22951  47.957  -64.490  24.660 0.4000000060
23095  50.680  -65.315  18.679 0.4000000060
24234  48.873  -63.678  20.615 0.4000000060
24188  48.214  -64.171  21.942 0.5000000000
24189  47.504  -63.939  22.274 0.5000000000
22972  47.441  -64.230  23.978 0.4000000060
22089  49.314  -65.871  11.557 0.2000000030
21057  50.816  -66.878  12.687 0.2000000030
21048  51.581  -66.413  13.279 0.2000000030
21039  52.531  -66.050  15.059 0.4000000060
21043  52.254  -65.878  13.926 0.2000000030
22045  52.543  -65.580  15.803 0.3000000119
22048  52.455  -65.224  14.474 0.4000000060
23137  51.890  -65.219  16.635 0.3000000119
25367  48.382  -63.374  21.042 0.5000000000
24179  46.985  -63.836  23.126 0.5000000000
24148  47.576  -63.798  24.634 0.4000000060
25305  48.497  -63.450  25.200 0.4000000060
23147  52.283  -65.067  15.595 0.4000000060
23118  50.602  -65.370  17.896 0.4000000060
23074  49.472  -64.456  19.454 0.4000000060
24211  47.353  -63.239  21.686 0.5000000000
21071  50.495  -66.580  12.138 0.2000000030
22071  51.660  -65.775  12.343 0.2000000030
25324  47.557  -62.886  24.685 0.4000000060
22056  52.386  -65.335  13.018 0.2000000030
22042  51.054  -65.388  17.446 0.3000000119
23096  49.952  -65.042  18.756 0.4000000060
24254  48.688  -63.721  19.790 0.4000000060
23213  47.758  -65.119  11.417 0.2000000030
22088  50.646  -65.750  11.590 0.2000000030
23161  52.096  -64.593  14.514 0.4000000060
23138  50.887  -65.253  16.770 0.3000000119
25392  48.177  -63.148  20.507 0.5000000000
24190  46.812  -63.261  22.268 0.5000000000
25321  50.625  -62.251  25.023 0.4000000060
23232  48.181  -64.494  10.921 0.2000000030
23119  49.827  -65.276  17.779 0.4000000060
24180  46.424  -63.140  23.055 0.5000000000
25318  53.832  -62.257  25.028 0.4000000060
24399  47.758  -63.978  10.371 0.2000000030
22103  51.147  -65.005  11.038 0.2000000030
22070  52.267  -65.087  11.824 0.2000000030
23177  52.372  -64.453  13.308 0.2000000030
23139  49.687  -65.132  16.486 0.4000000060
25393  47.396  -62.448  20.518 0.5000000000
25369  46.807  -62.468  21.407 0.5000000000
24400  46.822  -63.806  10.288 0.2000000030
23148  51.612  -64.768  15.561 0.4000000060
25419  47.944  -62.989  20.010 0.5000000000
25368  47.747  -62.941  21.130 0.5000000000
24162  46.828  -63.405  23.959 0.5000000000
24421  47.545  -63.687  9.533 0.2000000030
26505  51.910  -61.810  24.746 0.4000000060
26504  53.086  -61.922  24.671 0.2000000030
25323  48.622  -62.605  25.017 0.4000000060
23211  49.824  -65.105  11.113 0.2000000030
23178  51.992  -64.068  13.741 0.4000000060
25325  46.549  -62.538  24.017 0.4000000060
26509  47.912  -61.967  24.632 0.4000000060
23231  49.220  -64.490  10.607 0.2000000030
22087  51.702  -65.097  11.295 0.2000000030
23194  52.582  -64.547  12.128 0.2000000030
23230  50.200  -64.640  10.380 0.2000000030
26507  49.785  -61.692  24.670 0.4000000060
27756  48.046  -61.267  24.387 0.4000000060
27757  47.508  -61.495  24.335 0.4000000060
23098  48.238  -64.552  18.587 0.3000000119
25394  46.961  -62.073  20.845 0.5000000000
25351  46.247  -62.663  22.271 0.5000000000
26510  47.108  -61.897  24.275 0.4000000060
23162  51.329  -64.224  14.383 0.4000000060
23120  48.813  -65.138  17.712 0.3000000119
24273  48.271  -64.006  19.210 0.4000000060
23149  50.586  -64.681  15.412 0.4000000060
26598  47.091  -62.209  20.147 0.5000000000
22102  51.495  -64.846  10.788 0.2000000030
27755  48.976  -61.072  24.378 0.4000000060
25341  45.718  -61.948  22.656 0.5000000000
26556  45.535  -61.691  22.320 0.5000000000
24274  47.467  -63.777  18.897 0.4000000060
25420  47.295  -62.710  19.721 0.5000000000
26578  46.655  -61.924  21.031 0.5000000000
25421  46.574  -62.378  19.520 0.5000000000
25442  46.818  -63.002  19.184 0.5000000000
21930  50.693  -65.758  21.918 0.4000000060
26506  50.737  -61.627  24.658 0.4000000060
26508  48.821  -61.821  24.700 0.4000000060
26599  46.639  -61.899  20.497 0.5000000000
17749  50.108  -69.340  19.027 0.3000000119
18780  50.895  -68.507  20.736 0.3000000119
18759  51.303  -68.052  21.094 0.2000000030
19861  51.292  -67.674  22.535 0.2000000030
17773  48.923  -69.905  17.722 0.2000000030
18818  50.523  -68.715  18.948 0.3000000119
19933  51.135  -67.893  18.499 0.3000000119
19911  51.509  -67.650  19.464 0.3000000119
18851  49.275  -68.893  16.927 0.2000000030
19972  50.812  -67.802  16.740 0.2000000030
19957  50.759  -68.074  17.720 0.2000000030
19998  50.148  -67.973  13.626 0.2000000030
24423  45.455  -63.585  8.883 0.1000000015
23272  44.724  -63.726  8.346 0.1000000015
25551  50.206  -62.635  10.401 0.1000000015
16622  48.373  -70.632  19.290 0.1000000015
17710  49.697  -69.497  20.665 0.2000000030
17709  50.358  -69.048  20.836 0.2000000030
17750  49.602  -69.832  18.823 0.2000000030
17726  50.140  -69.403  19.746 0.2000000030
14446  46.939  -72.227  18.103 0.1000000015
16679  48.034  -71.197  17.513 0.1000000015
16648  48.947  -70.494  18.450 0.2000000030
15549  47.585  -71.718  17.718 0.1000000015
16706  47.634  -71.171  16.789 0.1000000015
23233  46.950  -64.598  11.046 0.1000000015
23252  45.441  -63.802  9.642 0.1000000015
23248  52.017  -64.274  9.688 0.1000000015
24396  52.418  -63.834  10.542 0.1000000015
24385  51.492  -63.314  11.693 0.1000000015
24374  50.191  -63.259  12.609 0.1000000015
23269  50.876  -64.406  8.583 0.1000000015
25549  51.899  -63.403  10.214 0.1000000015
25537  50.799  -63.022  11.317 0.1000000015
24354  49.657  -63.306  13.105 0.1000000015
25550  51.094  -62.916  10.266 0.1000000015
25522  48.622  -62.921  12.236 0.1000000015
25486  47.025  -62.921  13.801 0.1000000015
25502  47.519  -62.890  13.196 0.1000000015
25503  46.595  -62.665  13.255 0.1000000015
16621  49.028  -70.502  19.254 0.2000000030
15525  48.096  -71.373  18.359 0.1000000015
23140  48.527  -64.972  16.452 0.3000000119
23251  49.583  -64.333  9.717 0.1000000015
23229  51.097  -64.747  10.347 0.1000000015
23208  52.346  -64.565  11.113 0.1000000015
24352  51.436  -63.693  13.298 0.1000000015
23164  49.653  -63.907  14.230 0.2000000030
23151  48.099  -64.420  15.497 0.3000000119
24295  46.106  -64.067  17.362 0.3000000119
24276  45.775  -63.331  18.335 0.3000000119
24447  45.632  -63.728  7.833 0.1000000015
24443  49.035  -64.198  9.266 0.1000000015
24372  51.865  -63.511  12.367 0.1000000015
24334  49.337  -63.565  13.740 0.1000000015
23142  46.783  -64.426  16.360 0.3000000119
23270  49.731  -64.375  8.502 0.1000000015
24356  48.206  -63.200  13.445 0.1000000015
24324  45.683  -63.341  15.283 0.2000000030
24314  45.362  -63.689  16.364 0.3000000119
25487  46.359  -62.798  14.013 0.1000000015
25482  45.064  -62.902  15.049 0.2000000030
25478  43.972  -62.797  16.434 0.4000000060
25524  46.904  -62.621  12.413 0.1000000015
25489  44.620  -62.463  14.441 0.1000000015
25490  44.031  -62.339  14.847 0.3000000119
20961  45.041  -65.832  19.926 0.1000000015
19914  45.877  -67.453  18.881 0.1000000015
26579  45.933  -61.686  21.435 0.4000000060
26621  46.216  -61.834  19.863 0.4000000060
24275  46.535  -63.542  18.537 0.3000000119
25443  46.169  -62.778  18.963 0.4000000060
25422  45.928  -62.171  19.338 0.4000000060
25445  44.403  -62.296  18.427 0.4000000060
26641  43.852  -61.679  18.637 0.4000000060
24297  44.323  -63.044  17.239 0.4000000060
25461  43.135  -62.026  17.088 0.5000000000
25483  44.423  -62.793  15.476 0.3000000119
25479  43.330  -62.316  16.401 0.5000000000
25526  45.255  -62.347  12.882 0.2000000030
25505  44.995  -62.386  13.565 0.1000000015
26688  43.070  -61.887  15.491 0.4000000060
25555  46.814  -62.214  10.751 0.1000000015
26736  45.397  -62.135  11.406 0.1000000015
26704  44.266  -62.026  13.560 0.2000000030
26693  43.987  -62.083  14.225 0.2000000030
26749  48.058  -61.901  9.928 0.1000000015
26750  47.097  -61.698  10.031 0.1000000015
26723  43.871  -61.584  12.750 0.2000000030
26766  47.629  -61.059  9.343 0.1000000015
27805  45.220  -60.917  22.408 0.4000000060
26534  46.243  -61.679  23.763 0.3000000119
27862  44.815  -60.721  20.222 0.4000000060
26600  45.729  -61.305  20.435 0.4000000060
26623  44.452  -61.417  19.345 0.4000000060
26657  43.279  -61.852  17.789 0.4000000060
26642  43.042  -61.405  18.241 0.4000000060
27908  43.391  -61.189  18.833 0.4000000060
26658  42.669  -61.526  17.274 0.5000000000
26682  42.291  -61.192  16.366 0.4000000060
26706  43.111  -61.445  14.023 0.3000000119
26695  42.816  -61.406  14.646 0.4000000060
27952  41.937  -60.747  15.565 0.4000000060
28013  45.701  -60.321  9.755 0.2000000030
28014  44.618  -60.793  10.479 0.2000000030
27985  43.210  -61.198  12.910 0.2000000030
26768  46.153  -60.714  9.688 0.1000000015
26751  45.920  -61.528  10.319 0.2000000030
25659  47.965  -63.230  4.563 0.1000000015
27781  45.782  -60.811  23.481 0.4000000060
27837  44.574  -60.134  20.881 0.4000000060
29076  43.588  -59.943  20.248 0.4000000060
27863  44.130  -60.097  20.465 0.4000000060
27888  42.633  -60.279  19.300 0.4000000060
26643  42.356  -60.993  17.889 0.4000000060
27910  41.903  -60.264  18.478 0.4000000060
27921  41.755  -60.546  17.367 0.3000000119
27953  41.368  -60.119  15.720 0.4000000060
27946  41.336  -60.064  16.665 0.4000000060
29149  41.990  -60.056  12.974 0.3000000119
27970  41.909  -60.335  13.923 0.3000000119
27958  42.201  -60.853  14.657 0.4000000060
29196  46.055  -59.450  9.517 0.2000000030
29198  44.399  -59.471  10.324 0.2000000030
28001  43.639  -60.942  11.550 0.2000000030
27986  42.693  -60.502  12.372 0.2000000030
28032  47.114  -60.041  9.111 0.2000000030
24496  46.329  -63.232  4.508 0.1000000015
25660  47.209  -63.340  4.313 0.1000000015
25616  47.282  -62.396  6.154 0.1000000015
27779  48.124  -60.440  24.160 0.3000000119
28977  45.355  -59.917  23.091 0.4000000060
28976  46.225  -59.926  23.602 0.3000000119
29001  44.421  -59.489  21.688 0.4000000060
30214  43.604  -58.568  21.371 0.4000000060
29024  44.102  -59.469  21.182 0.4000000060
29051  42.617  -59.301  20.167 0.4000000060
29050  43.157  -59.345  20.488 0.4000000060
29093  41.392  -59.475  18.695 0.4000000060
29079  41.658  -59.357  19.306 0.4000000060
29126  40.915  -59.472  16.896 0.4000000060
29102  41.001  -59.245  17.846 0.3000000119
30370  41.349  -58.200  12.791 0.3000000119
30351  40.631  -58.497  14.047 0.3000000119
30338  40.517  -58.786  14.719 0.3000000119
29141  40.541  -59.134  15.584 0.3000000119
29136  40.862  -59.575  15.999 0.3000000119
30399  44.985  -58.240  10.139 0.2000000030
30400  44.145  -58.676  10.504 0.2000000030
30369  42.082  -58.389  11.994 0.3000000119
29167  41.692  -59.168  12.599 0.2000000030
29150  41.330  -59.466  13.676 0.3000000119
27959  41.544  -60.201  14.732 0.3000000119
29197  45.313  -59.302  9.775 0.2000000030
28002  42.882  -60.029  11.464 0.2000000030
29215  46.632  -59.066  9.177 0.2000000030
27778  49.161  -60.279  24.075 0.3000000119
28974  48.370  -59.610  23.756 0.3000000119
28975  47.273  -59.764  23.795 0.3000000119
31316  43.781  -57.782  21.915 0.3000000119
31295  44.656  -57.792  22.361 0.4000000060
31318  42.449  -57.740  20.958 0.4000000060
31317  43.060  -57.730  21.344 0.4000000060
31331  41.934  -57.778  20.661 0.4000000060
30216  42.325  -58.171  20.668 0.4000000060
31345  40.821  -57.898  19.507 0.3000000119
30253  41.250  -58.684  19.343 0.4000000060
30235  42.004  -58.653  20.194 0.4000000060
32555  39.877  -55.923  14.345 0.3000000119
31446  39.825  -57.013  14.921 0.2000000030
31437  39.761  -57.526  16.043 0.2000000030
31401  40.028  -57.766  17.879 0.2000000030
29103  40.630  -58.684  17.698 0.3000000119
30270  40.767  -58.449  18.654 0.3000000119
31457  40.819  -57.209  13.264 0.3000000119
30352  40.244  -57.597  14.206 0.3000000119
30339  40.269  -58.399  15.225 0.2000000030
30331  40.180  -58.316  16.494 0.2000000030
29127  40.561  -58.860  17.086 0.2000000030
31487  44.579  -56.716  11.002 0.2000000030
32599  43.067  -56.762  11.803 0.3000000119
31473  42.137  -57.371  12.089 0.3000000119
31474  41.566  -57.072  12.545 0.3000000119
27777  50.155  -60.270  23.946 0.3000000119
27754  49.951  -60.982  24.328 0.3000000119
32429  41.573  -56.907  20.803 0.3000000119
33665  39.347  -55.295  17.414 0.2000000030
33629  39.556  -55.577  18.255 0.2000000030
32452  39.958  -56.482  19.141 0.2000000030
32430  40.751  -56.902  20.220 0.2000000030
35015  39.327  -54.318  15.871 0.2000000030
32536  39.263  -55.971  16.626 0.2000000030
32510  39.425  -56.234  17.539 0.2000000030
32481  39.712  -56.492  18.408 0.2000000030
27752  51.721  -61.045  24.102 0.2000000030
28030  48.475  -60.764  8.433 0.1000000015
28031  47.907  -60.215  8.610 0.1000000015
32598  44.028  -56.301  11.615 0.3000000119
30416  45.628  -58.290  9.638 0.2000000030
19852  51.072  -67.911  23.340 0.3000000119
19872  51.637  -67.277  21.498 0.3000000119
18779  51.240  -68.081  20.249 0.3000000119
19956  51.496  -67.470  17.407 0.2000000030
17711  48.997  -69.515  20.679 0.2000000030
18748  50.541  -68.696  22.431 0.2000000030
24351  52.165  -63.822  13.036 0.1000000015
27753  50.931  -61.005  24.265 0.3000000119
24371  52.554  -63.851  12.278 0.1000000015
27780  46.987  -60.872  24.105 0.3000000119
23163  50.327  -64.127  14.410 0.3000000119
23121  47.731  -64.779  17.716 0.2000000030
23150  49.320  -64.415  15.111 0.2000000030
23227  52.270  -64.303  10.324 0.1000000015
18819  50.035  -69.149  18.578 0.2000000030
18800  51.121  -68.128  19.754 0.3000000119
18839  49.665  -69.111  17.933 0.1000000015
19934  50.670  -68.320  18.320 0.2000000030
25538  49.849  -62.843  11.320 0.1000000015
17727  49.404  -69.932  19.883 0.2000000030
23250  50.554  -64.476  9.474 0.1000000015
24441  51.875  -63.861  9.047 0.1000000015
24384  52.149  -63.539  11.341 0.1000000015
24353  50.536  -63.486  13.174 0.1000000015
25521  49.509  -63.083  12.238 0.1000000015
25501  48.336  -63.025  12.904 0.1000000015
24337  46.871  -63.241  14.404 0.1000000015
24332  50.774  -63.839  13.792 0.2000000030
23141  47.562  -64.724  16.475 0.3000000119
24321  48.387  -63.878  14.591 0.2000000030
23152  47.326  -64.382  15.716 0.3000000119
24296  45.047  -63.400  17.577 0.4000000060
25444  45.223  -62.541  18.706 0.4000000060
24322  47.387  -63.877  14.929 0.3000000119
24313  46.125  -64.036  15.936 0.3000000119
24325  45.011  -63.242  15.695 0.3000000119
27836  45.132  -60.581  21.239 0.4000000060
27887  43.762  -60.730  19.572 0.4000000060
26752  45.008  -61.665  10.816 0.2000000030
26737  44.491  -61.662  11.505 0.2000000030
29000  44.807  -59.781  22.133 0.4000000060
27886  44.607  -61.114  19.712 0.4000000060
28015  43.961  -60.250  10.687 0.2000000030
29184  42.938  -59.209  11.235 0.2000000030
30192  45.274  -58.794  22.864 0.4000000060
30165  45.784  -59.378  23.288 0.4000000060
30193  44.281  -58.834  22.023 0.4000000060
31488  43.614  -57.419  11.302 0.2000000030
31489  42.720  -57.658  11.670 0.2000000030
30190  46.959  -58.187  23.073 0.4000000060
31332  41.250  -57.796  20.174 0.4000000060
31369  40.383  -57.757  18.728 0.2000000030
33715  39.783  -54.915  14.449 0.2000000030
32556  39.451  -55.468  14.971 0.2000000030
32550  39.353  -55.707  15.743 0.2000000030
31425  39.832  -57.687  17.042 0.2000000030
30191  46.070  -58.189  23.059 0.3000000119
30163  47.615  -58.943  23.372 0.2000000030
31293  46.341  -57.478  22.807 0.3000000119
28973  49.395  -59.517  23.583 0.2000000030
30161  49.282  -58.984  23.210 0.2000000030
18862  50.013  -68.238  16.242 0.1000000015
18863  49.228  -68.786  15.671 0.1000000015
18871  50.024  -68.189  15.277 0.1000000015
17712  48.512  -69.476  20.250 0.1000000015
18879  49.479  -68.613  13.548 0.1000000015
19984  50.761  -67.702  15.635 0.1000000015
18872  49.580  -68.505  14.538 0.1000000015
26533  52.437  -61.356  24.207 0.1000000015
27774  53.385  -60.465  23.299 0.1000000015
27775  52.228  -60.562  23.694 0.1000000015
27776  51.129  -60.338  23.838 0.1000000015
28971  51.342  -59.652  23.380 0.1000000015
28972  50.370  -59.623  23.499 0.1000000015
28998  50.460  -58.973  23.004 0.1000000015
28999  49.757  -59.104  23.200 0.1000000015
30162  48.666  -58.939  23.273 0.1000000015
30188  49.326  -58.364  22.854 0.1000000015
31291  48.367  -57.382  22.508 0.2000000030
32390  44.988  -56.916  22.431 0.2000000030
31292  47.295  -57.380  22.702 0.2000000030
32388  46.528  -56.705  22.439 0.2000000030
31294  45.492  -57.660  22.716 0.2000000030
32410  48.124  -56.116  21.970 0.2000000030
32387  47.526  -56.401  22.198 0.2000000030
33540  45.294  -56.472  22.348 0.2000000030
32411  44.123  -56.862  22.162 0.2000000030
32412  43.231  -56.893  21.724 0.2000000030
32414  41.893  -56.507  21.141 0.2000000030
33587  40.943  -55.979  20.578 0.1000000015
32386  48.558  -56.621  22.146 0.2000000030
33565  44.722  -55.907  22.149 0.2000000030
33566  43.496  -55.979  21.868 0.2000000030
34868  42.621  -55.244  21.569 0.1000000015
34892  42.827  -54.336  21.172 0.1000000015
33586  41.599  -55.993  21.067 0.1000000015
26503  53.898  -61.790  24.457 0.1000000015
26532  53.206  -61.276  23.987 0.1000000015
28970  52.361  -59.674  23.165 0.1000000015
28997  51.474  -58.925  22.853 0.1000000015
30189  48.024  -58.237  22.892 0.2000000030
33538  46.533  -55.947  22.041 0.2000000030
33751  42.954  -55.113  12.467 0.2000000030
32585  41.459  -56.354  12.746 0.2000000030
32584  42.375  -56.239  12.326 0.2000000030
33750  43.834  -54.938  12.187 0.2000000030
32566  40.910  -55.965  13.291 0.2000000030
35062  42.398  -54.344  12.923 0.2000000030
33729  41.276  -55.073  13.208 0.2000000030
35061  43.354  -54.223  12.331 0.2000000030
32567  40.365  -55.937  13.780 0.2000000030
35042  41.371  -54.221  13.433 0.1000000015
35041  42.146  -53.580  13.279 0.2000000030
36301  40.791  -53.561  13.800 0.2000000030
35043  40.362  -54.247  13.984 0.2000000030
37542  42.112  -52.269  13.301 0.1000000015
37543  41.566  -52.422  13.554 0.1000000015
37544  40.681  -52.738  13.948 0.1000000015
39929  41.590  -50.795  12.307 0.1000000015
31290  49.501  -57.229  22.242 0.1000000015
35027  39.818  -54.162  14.505 0.1000000015
39915  40.945  -51.168  13.622 0.1000000015
36288  40.055  -53.456  14.324 0.1000000015
39914  41.364  -50.707  13.124 0.1000000015
41099  41.612  -49.721  11.383 0.1000000015
41082  41.437  -49.833  12.407 0.1000000015
41119  41.862  -49.607  10.601 0.1000000015
32409  48.704  -56.047  21.800 0.1000000015
32407  50.815  -56.128  20.914 0.1000000015
32408  49.753  -56.349  21.662 0.1000000015
33692  39.283  -54.987  16.424 0.1000000015
35028  39.425  -54.401  15.041 0.1000000015
39900  40.354  -51.104  14.407 0.1000000015
37527  39.929  -52.705  14.475 0.1000000015
42229  41.802  -49.157  11.201 0.1000000015
42213  41.608  -48.765  11.829 0.1000000015
33560  49.937  -55.576  20.819 0.1000000015
33537  47.094  -55.744  21.891 0.1000000015
39883  40.219  -50.765  15.557 0.1000000015
37503  39.483  -52.859  16.645 0.1000000015
41048  40.938  -49.018  14.829 0.1000000015
38708  39.774  -51.632  15.251 0.1000000015
37519  39.364  -53.111  15.844 0.1000000015
42158  41.379  -48.235  14.450 0.1000000015
41049  40.604  -50.108  14.667 0.1000000015
43284  41.841  -47.162  12.828 0.1000000015
43270  41.450  -47.839  13.549 0.1000000015
41067  40.934  -49.616  13.637 0.1000000015
41068  40.750  -50.508  13.854 0.1000000015
44417  43.160  -46.640  10.680 0.1000000015
43303  41.929  -47.476  11.662 0.1000000015
42194  41.275  -48.751  12.940 0.1000000015
42212  41.740  -48.193  11.541 0.1000000015
33561  48.882  -55.343  21.132 0.1000000015
33562  47.717  -55.443  21.656 0.1000000015
37478  39.621  -53.093  17.238 0.1000000015
44376  43.627  -45.986  12.183 0.1000000015
44361  42.426  -46.722  13.213 0.1000000015
44396  43.523  -46.136  11.113 0.1000000015
36210  39.636  -53.905  17.747 0.1000000015
36318  42.747  -53.416  12.758 0.1000000015
38754  42.296  -51.872  12.984 0.1000000015
43304  41.620  -48.072  11.837 0.1000000015
42228  42.052  -48.543  10.966 0.1000000015
38686  39.868  -51.707  16.484 0.1000000015
25619  42.598  -61.900  6.006 0.1000000015
26829  42.208  -61.838  6.885 0.1000000015
25620  42.133  -62.337  6.369 0.1000000015
25664  42.476  -62.984  4.380 0.1000000015
24517  41.863  -63.517  3.936 0.1000000015
23395  41.007  -64.288  2.864 0.1000000015
22257  39.840  -65.636  1.388 0.1000000015
26842  43.246  -61.645  5.726 0.1000000015
26828  42.710  -61.392  6.466 0.1000000015
25665  41.708  -63.439  4.668 0.1000000015
28075  42.555  -60.546  7.543 0.1000000015
29262  42.984  -59.817  7.603 0.1000000015
28073  44.444  -60.488  7.231 0.1000000015
26827  43.669  -61.242  6.199 0.1000000015
25643  42.726  -62.166  5.334 0.1000000015
25601  41.851  -62.207  7.260 0.1000000015
29261  43.930  -59.303  7.786 0.1000000015
26808  42.153  -61.441  7.458 0.1000000015
28057  42.575  -59.986  7.869 0.1000000015
29242  41.774  -59.323  8.883 0.1000000015
26791  41.672  -61.459  8.493 0.1000000015
28058  42.056  -60.355  8.377 0.1000000015
28034  41.359  -60.384  9.226 0.1000000015
28092  43.494  -60.760  6.703 0.1000000015
22243  39.317  -65.857  2.440 0.1000000015
7261  36.414  -80.953  19.922 0.1000000015
7278  36.878  -80.207  19.660 0.1000000015
7279  36.486  -80.626  19.430 0.1000000015
8046  37.970  -79.182  20.681 0.1000000015
8048  37.204  -79.743  19.946 0.1000000015
8066  37.159  -79.985  19.818 0.1000000015
8069  35.520  -79.750  19.047 0.1000000015
8816  38.408  -78.611  22.382 0.1000000015
8835  38.554  -78.532  21.504 0.1000000015
8836  38.308  -78.690  21.018 0.1000000015
8858  37.977  -78.946  20.630 0.1000000015
8965  38.556  -78.549  12.963 0.1000000015
8985  39.268  -78.499  12.978 0.1000000015
8987  38.285  -78.243  12.685 0.1000000015
9629  38.298  -77.450  24.386 0.1000000015
9640  41.028  -77.203  22.729 0.1000000015
9656  41.076  -77.138  22.171 0.1000000015
9674  40.336  -77.494  21.898 0.1000000015
9676  39.181  -77.813  21.699 0.1000000015
9697  37.642  -78.542  20.650 0.1000000015
9699  36.026  -78.247  20.088 0.1000000015
9822  39.459  -78.006  12.695 0.1000000015
9823  38.570  -77.892  12.396 0.1000000015
9825  36.614  -77.302  12.165 0.1000000015
9837  36.784  -77.204  11.938 0.1000000015
9838  36.274  -77.061  11.844 0.1000000015
10443  41.132  -76.133  25.920 0.1000000015
10456  41.649  -75.874  25.015 0.1000000015
10487  40.776  -77.169  23.504 0.1000000015
10505  38.583  -76.421  22.075 0.1000000015
10523  39.924  -77.259  21.711 0.1000000015
10538  35.434  -77.275  20.280 0.1000000015
10594  38.200  -76.430  15.012 0.1000000015
10615  35.294  -75.973  13.660 0.1000000015
10627  35.855  -76.866  12.851 0.1000000015
10629  34.413  -75.980  12.719 0.1000000015
10647  34.556  -76.172  12.411 0.1000000015
10655  36.494  -76.717  11.786 0.1000000015
10656  35.820  -76.552  11.759 0.1000000015
10658  34.678  -76.356  12.101 0.1000000015
11307  41.433  -75.510  26.973 0.1000000015
11319  41.894  -75.331  26.261 0.1000000015
11334  41.515  -75.833  25.647 0.1000000015
11347  43.556  -75.029  24.353 0.1000000015
11348  43.129  -75.150  24.551 0.1000000015
11379  41.598  -76.348  22.878 0.1000000015
11449  37.795  -75.398  15.822 0.1000000015
11471  35.771  -75.285  14.843 0.1000000015
11493  35.910  -75.716  14.545 0.1000000015
11494  35.240  -75.475  14.250 0.1000000015
11495  34.391  -75.244  13.851 0.1000000015
11519  36.745  -75.464  12.126 0.1000000015
11521  33.686  -75.291  12.736 0.1000000015
11524  36.800  -76.422  11.822 0.1000000015
11526  35.225  -75.726  11.795 0.1000000015
11527  34.359  -75.753  12.087 0.1000000015
11528  33.991  -75.392  12.476 0.1000000015
12295  44.827  -74.033  24.737 0.1000000015
12296  44.232  -74.291  25.288 0.1000000015
12298  42.551  -75.143  25.481 0.1000000015
12313  43.784  -74.808  24.507 0.1000000015
12314  43.373  -75.005  24.722 0.1000000015
12330  44.712  -74.194  23.829 0.1000000015
12332  43.029  -74.666  23.696 0.1000000015
12334  41.212  -74.346  23.765 0.1000000015
12336  39.437  -74.056  23.619 0.1000000015
12367  35.823  -74.782  21.505 0.1000000015
12381  33.667  -74.516  20.320 0.1000000015
12391  33.090  -74.870  19.952 0.1000000015
12434  36.594  -74.861  15.878 0.1000000015
12457  35.246  -74.734  14.865 0.1000000015
12459  34.029  -74.114  14.762 0.1000000015
12480  33.849  -74.499  14.243 0.1000000015
12497  33.337  -74.624  13.559 0.1000000015
12498  33.132  -74.087  14.060 0.1000000015
12519  33.124  -74.716  12.980 0.1000000015
13321  43.894  -73.832  26.629 0.1000000015
13337  45.003  -73.724  24.449 0.1000000015
13355  45.213  -73.884  23.996 0.1000000015
13360  41.225  -73.176  24.222 0.1000000015
13378  45.022  -74.039  23.773 0.1000000015
13379  44.588  -73.875  23.676 0.1000000015
13380  43.722  -73.784  23.650 0.1000000015
13382  41.305  -73.633  24.095 0.1000000015
13431  32.290  -73.443  20.111 0.1000000015
13458  37.636  -73.410  17.867 0.1000000015
13481  36.903  -73.450  17.075 0.1000000015
13520  35.033  -73.890  15.245 0.1000000015
13522  33.582  -73.337  15.114 0.1000000015
14312  42.951  -72.426  27.097 0.1000000015
14340  44.856  -73.476  24.296 0.1000000015
14355  45.064  -73.591  24.045 0.1000000015
14356  44.586  -73.335  23.970 0.1000000015
14359  41.380  -72.652  24.160 0.1000000015
14374  44.310  -73.532  23.674 0.1000000015
14375  44.012  -73.222  23.731 0.1000000015
14376  41.815  -71.997  23.944 0.1000000015
14399  36.142  -71.990  22.412 0.1000000015
14410  34.839  -72.315  21.377 0.1000000015
14425  39.025  -72.265  19.309 0.1000000015
14427  38.026  -72.663  18.884 0.1000000015
14432  27.363  -72.407  19.749 0.1000000015
14449  39.079  -72.461  18.672 0.1000000015
14452  37.050  -72.576  17.945 0.1000000015
14466  46.892  -72.241  17.373 0.1000000015
14473  37.373  -73.256  17.756 0.1000000015
14525  35.550  -73.523  15.726 0.1000000015
14527  34.014  -72.748  15.565 0.1000000015
14546  40.180  -73.419  14.655 0.1000000015
14547  39.393  -73.308  14.720 0.1000000015
14548  38.998  -73.284  14.818 0.1000000015
14549  32.536  -72.882  14.644 0.1000000015
14569  32.272  -72.779  13.958 0.1000000015
14580  33.006  -73.076  12.723 0.1000000015
15397  42.576  -72.288  26.643 0.1000000015
15417  41.605  -71.635  26.081 0.1000000015
15432  41.477  -71.525  24.446 0.1000000015
15491  34.079  -71.541  20.736 0.1000000015
15506  47.722  -71.164  18.963 0.1000000015
15510  31.786  -71.124  19.699 0.1000000015
15528  45.958  -71.827  18.221 0.1000000015
15529  39.309  -71.707  18.554 0.1000000015
15530  39.095  -71.387  18.172 0.1000000015
15531  37.586  -72.148  18.725 0.1000000015
15535  26.303  -71.159  18.809 0.1000000015
15548  48.119  -71.374  17.907 0.1000000015
15555  36.237  -71.881  17.354 0.1000000015
15570  47.087  -71.875  16.852 0.1000000015
15576  35.950  -72.164  16.881 0.1000000015
15580  32.317  -71.169  16.224 0.1000000015
16592  34.399  -71.078  20.844 0.1000000015
16609  32.661  -70.868  19.851 0.1000000015
16635  29.344  -70.872  19.125 0.1000000015
16649  48.592  -70.997  18.764 0.2000000030
16650  47.483  -70.850  18.940 0.1000000015
16655  37.630  -71.678  19.057 0.1000000015
16666  26.554  -70.595  18.232 0.1000000015
16677  48.817  -70.462  18.064 0.2000000030
16678  48.544  -70.842  17.926 0.1000000015
16708  43.876  -71.432  16.650 0.1000000015
16741  29.024  -70.275  14.478 0.1000000015
17637  50.091  -68.988  25.636 0.4000000060
17653  50.050  -69.159  24.868 0.4000000060
17669  50.197  -69.010  24.391 0.4000000060
17695  50.250  -68.990  21.753 0.3000000119
17696  49.856  -69.254  21.419 0.3000000119
17698  40.964  -69.497  21.667 0.1000000015
17714  40.387  -69.277  20.537 0.1000000015
17728  48.708  -70.067  19.863 0.1000000015
17731  40.433  -70.003  20.444 0.1000000015
17735  34.812  -69.759  19.321 0.1000000015
17751  47.632  -70.415  19.181 0.1000000015
17756  35.381  -69.782  19.059 0.1000000015
17757  35.042  -69.756  18.883 0.1000000015
17774  48.535  -70.328  17.378 0.2000000030
17777  44.143  -69.500  16.836 0.1000000015
17794  41.627  -69.333  15.689 0.1000000015
17796  37.777  -69.131  16.945 0.1000000015
17799  48.689  -69.309  15.338 0.1000000015
17801  41.644  -70.469  15.561 0.1000000015
17804  38.970  -69.533  15.587 0.1000000015
17810  48.980  -69.073  14.852 0.1000000015
18664  49.774  -68.165  26.974 0.5000000000
18682  49.770  -68.516  26.402 0.5000000000
18683  49.392  -68.667  26.262 0.5000000000
18716  50.475  -68.471  24.896 0.4000000060
18717  49.505  -69.060  25.181 0.4000000060
18718  48.939  -68.771  25.336 0.4000000060
18747  51.165  -68.137  22.015 0.2000000030
18752  40.120  -68.693  22.480 0.1000000015
18760  50.747  -68.587  21.495 0.2000000030
18801  50.779  -68.625  19.947 0.3000000119
18802  47.464  -68.809  19.625 0.2000000030
18804  40.096  -69.159  20.278 0.1000000015
18817  50.981  -68.176  19.331 0.3000000119
18838  50.277  -68.618  18.132 0.2000000030
18841  45.117  -69.316  17.404 0.1000000015
18850  50.103  -68.403  17.286 0.2000000030
18856  41.129  -68.390  15.796 0.1000000015
18858  38.626  -68.526  15.982 0.1000000015
18868  38.848  -68.985  15.732 0.1000000015
19805  50.140  -67.467  25.922 0.5000000000
19806  48.793  -68.400  26.413 0.5000000000
19823  50.400  -68.104  25.517 0.5000000000
19825  48.671  -68.533  25.747 0.4000000060
19864  47.335  -67.002  22.078 0.2000000030
19865  39.564  -68.421  22.585 0.1000000015
19874  47.947  -67.653  21.734 0.2000000030
19891  52.056  -66.801  20.671 0.4000000060
19892  51.736  -67.469  20.450 0.3000000119
19939  38.230  -68.313  19.005 0.1000000015
19955  52.186  -66.845  17.013 0.4000000060
19970  52.202  -66.712  16.405 0.3000000119
19977  39.367  -67.832  15.935 0.1000000015
19985  40.050  -68.323  15.669 0.1000000015
19991  50.456  -67.738  14.429 0.2000000030
19992  49.888  -68.167  14.004 0.2000000030
19996  51.131  -66.962  13.467 0.2000000030
19997  50.682  -67.406  13.484 0.3000000119
20008  50.689  -67.315  13.008 0.2000000030
20831  50.124  -66.550  28.333 0.5000000000
20850  47.224  -66.230  27.001 0.5000000000
20863  51.596  -66.324  27.259 0.5000000000
20883  46.245  -65.913  25.272 0.3000000119
20896  49.378  -66.441  24.041 0.5000000000
20897  47.159  -66.899  24.884 0.2000000030
20908  51.201  -67.449  22.952 0.3000000119
20911  49.344  -66.034  23.299 0.5000000000
20938  52.096  -66.306  20.881 0.4000000060
20941  46.089  -65.982  21.509 0.2000000030
20996  52.353  -66.262  18.614 0.4000000060
21030  52.188  -66.678  16.105 0.3000000119
21035  38.526  -66.961  16.707 0.1000000015
21047  52.089  -65.823  13.302 0.2000000030
21056  51.297  -66.347  12.628 0.2000000030
21058  50.186  -67.149  12.312 0.2000000030
21845  52.196  -65.866  28.251 0.5000000000
21846  51.298  -66.023  28.436 0.5000000000
21851  52.791  -65.742  28.034 0.5000000000
21870  45.653  -65.137  25.925 0.5000000000
21887  45.054  -64.921  25.104 0.3000000119
21906  45.164  -65.074  24.783 0.3000000119
21917  46.335  -65.912  23.298 0.2000000030
21929  51.377  -66.057  21.830 0.4000000060
21931  49.945  -65.422  21.942 0.4000000060
21932  49.362  -65.274  22.280 0.4000000060
21949  52.141  -66.001  20.574 0.4000000060
21953  45.510  -65.515  21.574 0.1000000015
21970  52.047  -65.889  20.157 0.4000000060
21986  51.981  -65.787  19.591 0.4000000060
21988  51.423  -65.507  19.000 0.4000000060
22007  51.316  -65.473  18.512 0.4000000060
22030  37.988  -65.680  17.923 0.1000000015
22040  52.571  -65.753  16.823 0.3000000119
22041  51.417  -65.366  17.269 0.3000000119
22057  51.976  -65.819  12.980 0.2000000030
22072  51.030  -66.301  12.242 0.2000000030
22086  52.146  -64.902  11.298 0.2000000030
22907  52.776  -65.457  28.109 0.5000000000
22908  52.449  -65.362  28.245 0.5000000000
22909  51.666  -65.383  28.435 0.5000000000
22936  50.169  -65.272  26.357 0.5000000000
22939  45.135  -64.381  25.966 0.5000000000
22954  44.308  -64.143  25.239 0.3000000119
22986  48.325  -65.081  23.061 0.5000000000
23030  50.621  -64.995  20.855 0.4000000060
23031  49.838  -64.740  21.276 0.4000000060
23032  49.249  -64.526  21.562 0.4000000060
23054  50.754  -65.014  20.081 0.4000000060
23056  44.307  -64.860  20.773 0.1000000015
23071  51.335  -65.450  19.350 0.4000000060
23097  49.026  -64.653  18.841 0.3000000119
23104  37.708  -64.941  18.588 0.1000000015
23116  52.417  -65.592  17.032 0.3000000119
23117  52.205  -65.477  17.113 0.3000000119
23122  46.988  -64.563  17.225 0.3000000119
23153  46.805  -64.135  15.548 0.3000000119
23209  52.048  -64.801  11.048 0.2000000030
23210  50.622  -64.984  10.942 0.2000000030
23212  48.782  -65.060  11.360 0.2000000030
23228  51.847  -64.641  10.491 0.2000000030
23247  52.269  -64.138  9.957 0.1000000015
23249  51.408  -64.503  9.522 0.1000000015
23267  52.028  -64.093  9.268 0.1000000015
23268  51.589  -64.177  8.879 0.1000000015
23322  50.187  -64.529  6.406 0.1000000015
23346  49.915  -64.414  5.408 0.1000000015
23370  50.196  -64.090  5.047 0.1000000015
23418  39.950  -65.033  2.389 0.1000000015
24134  47.836  -63.766  27.616 0.5000000000
24137  45.339  -63.852  26.252 0.5000000000
24163  46.402  -62.880  23.552 0.5000000000
24191  43.119  -63.439  23.052 0.1000000015
24209  48.814  -64.015  21.376 0.4000000060
24210  47.997  -63.599  21.539 0.5000000000
24255  47.945  -63.390  19.561 0.4000000060
24294  46.934  -64.225  18.033 0.2000000030
24315  44.630  -63.265  16.454 0.3000000119
24320  49.084  -63.826  14.287 0.2000000030
24323  46.497  -63.642  15.072 0.2000000030
24333  50.066  -63.691  13.733 0.2000000030
24335  48.609  -63.493  13.877 0.1000000015
24336  47.722  -63.317  14.029 0.1000000015
24338  46.201  -63.116  14.627 0.1000000015
24355  48.862  -63.280  13.298 0.1000000015
24373  50.961  -63.336  12.377 0.1000000015
24383  52.638  -64.059  11.310 0.1000000015
24395  52.480  -64.172  10.668 0.1000000015
24397  49.105  -64.265  10.096 0.2000000030
24398  48.609  -64.177  10.263 0.2000000030
24417  52.395  -64.079  10.205 0.1000000015
24418  52.233  -63.905  9.726 0.1000000015
24419  48.951  -64.179  9.793 0.3000000119
24446  46.440  -63.633  8.261 0.1000000015
24463  48.104  -64.167  7.966 0.2000000030
24480  49.933  -63.325  6.167 0.1000000015
24510  50.314  -63.893  5.222 0.1000000015
24530  48.521  -64.017  3.678 0.1000000015
25306  47.920  -63.553  24.977 0.4000000060
25310  42.647  -62.242  25.340 0.4000000060
25320  51.257  -62.077  24.970 0.4000000060
25340  46.026  -62.359  23.092 0.5000000000
25352  45.832  -62.149  22.224 0.5000000000
25370  46.146  -62.260  21.783 0.5000000000
25459  44.516  -62.812  17.977 0.4000000060
25460  43.783  -62.444  17.555 0.4000000060
25484  43.688  -62.386  15.523 0.3000000119
25488  45.546  -62.747  14.364 0.1000000015
25500  48.999  -63.134  12.777 0.1000000015
25504  45.787  -62.540  13.448 0.1000000015
25520  50.262  -63.156  11.997 0.1000000015
25525  45.907  -62.439  12.460 0.2000000030
25536  51.544  -63.185  10.977 0.1000000015
25542  46.337  -62.381  11.460 0.1000000015
25566  51.882  -63.557  9.413 0.1000000015
25614  48.722  -62.463  6.435 0.1000000015
25638  47.977  -62.820  5.394 0.1000000015
25639  47.001  -62.939  5.178 0.1000000015
25644  41.921  -62.968  5.406 0.1000000015
26482  52.365  -62.438  25.175 0.5000000000
26512  40.936  -60.922  24.462 0.1000000015
26535  45.653  -61.579  22.988 0.4000000060
26537  40.769  -61.076  24.038 0.1000000015
26620  46.821  -62.118  19.930 0.5000000000
26622  45.244  -61.598  19.590 0.4000000060
26640  44.660  -61.900  18.980 0.4000000060
26659  42.119  -61.040  17.077 0.5000000000
26681  42.785  -61.765  16.348 0.5000000000
26689  42.505  -61.328  15.503 0.4000000060
26694  43.484  -61.866  14.635 0.4000000060
26705  43.579  -61.641  13.671 0.3000000119
26721  45.076  -62.214  12.182 0.1000000015
26722  44.554  -62.006  12.660 0.2000000030
26738  44.104  -61.578  12.118 0.2000000030
26767  46.697  -60.869  9.570 0.1000000015
26769  41.577  -60.934  8.936 0.1000000015
26789  49.614  -61.786  8.166 0.1000000015
26801  49.202  -61.793  7.485 0.1000000015
26807  42.570  -61.023  7.099 0.1000000015
26843  42.811  -61.746  5.866 0.1000000015
27693  55.036  -61.132  25.782 0.2000000030
27734  34.504  -60.093  25.906 0.1000000015
27806  40.161  -60.574  23.446 0.1000000015
27889  42.109  -60.045  19.169 0.4000000060
27909  42.841  -60.858  18.759 0.4000000060
27911  41.378  -59.765  18.154 0.3000000119
27922  41.349  -59.929  17.572 0.3000000119
27945  41.777  -60.650  16.456 0.4000000060
27968  43.113  -61.318  13.556 0.2000000030
27969  42.604  -60.921  13.624 0.3000000119
28000  44.182  -61.196  11.126 0.2000000030
28033  46.407  -60.048  9.443 0.2000000030
28055  48.258  -60.156  8.043 0.2000000030
28069  47.969  -60.164  7.657 0.3000000119
28076  42.163  -60.968  8.000 0.1000000015
28091  44.056  -60.946  6.585 0.1000000015
28093  42.901  -60.751  6.971 0.1000000015
28936  40.816  -59.941  24.907 0.1000000015
28950  56.072  -59.856  23.976 0.1000000015
29003  39.115  -59.758  23.089 0.1000000015
29023  44.575  -59.902  21.420 0.4000000060
29025  43.510  -59.099  20.915 0.4000000060
29049  43.725  -59.596  20.672 0.4000000060
29077  43.008  -59.889  19.936 0.4000000060
29078  42.194  -59.583  19.634 0.4000000060
29092  41.805  -59.803  19.097 0.4000000060
29137  40.472  -59.020  16.215 0.3000000119
29140  40.783  -59.357  14.934 0.3000000119
29166  42.297  -59.457  11.907 0.2000000030
29183  43.526  -59.610  10.799 0.2000000030
29213  47.658  -59.406  8.325 0.3000000119
29216  46.005  -58.758  9.459 0.2000000030
29238  47.740  -59.311  7.996 0.3000000119
29239  47.358  -58.916  7.848 0.2000000030
29240  43.439  -58.993  8.003 0.2000000030
29256  47.738  -59.637  7.753 0.3000000119
29257  47.460  -59.313  7.755 0.2000000030
30164  46.428  -58.991  23.377 0.4000000060
30215  42.874  -58.519  20.793 0.4000000060
30234  42.680  -58.954  20.430 0.4000000060
30236  41.396  -58.351  19.891 0.4000000060
30252  41.762  -59.090  19.645 0.4000000060
30254  40.795  -58.206  19.061 0.3000000119
30269  41.023  -58.935  18.540 0.3000000119
30295  40.786  -58.725  18.155 0.3000000119
30296  40.459  -58.298  18.082 0.3000000119
30323  40.264  -58.290  17.377 0.2000000030
30384  43.517  -58.478  10.901 0.2000000030
30385  42.800  -58.423  11.420 0.3000000119
30413  47.357  -58.885  8.243 0.2000000030
30441  41.813  -58.566  8.974 0.2000000030
30454  46.606  -58.820  7.766 0.2000000030
30457  44.411  -58.616  8.183 0.2000000030
31255  43.618  -57.081  24.588 0.2000000030
31333  40.745  -57.444  19.885 0.4000000060
31344  41.158  -58.197  19.749 0.4000000060
31370  39.913  -57.248  18.315 0.2000000030
31402  39.670  -57.079  17.669 0.2000000030
31426  39.495  -56.879  16.793 0.2000000030
31438  39.478  -56.573  15.864 0.2000000030
31447  39.535  -56.165  15.142 0.2000000030
31458  40.235  -56.631  13.881 0.2000000030
31504  45.156  -57.106  10.410 0.3000000119
31505  44.371  -57.732  10.693 0.2000000030
31519  45.602  -56.960  9.512 0.3000000119
32342  36.797  -56.045  26.096 0.1000000015
32354  43.935  -56.603  24.607 0.2000000030
32358  36.486  -56.366  25.977 0.1000000015
32370  38.300  -56.783  25.049 0.1000000015
32385  49.130  -56.566  21.982 0.2000000030
32389  45.727  -56.889  22.536 0.2000000030
32413  42.373  -56.929  21.246 0.2000000030
32428  42.081  -57.336  20.940 0.4000000060
32451  40.351  -57.098  19.484 0.3000000119
32480  40.022  -57.029  18.831 0.2000000030
32583  43.502  -55.791  12.119 0.2000000030
32617  40.482  -56.049  10.586 0.1000000015
32628  45.513  -56.456  9.856 0.3000000119
32629  45.120  -56.198  9.957 0.3000000119
33451  39.313  -55.568  29.029 0.1000000015
33465  40.839  -55.016  28.649 0.1000000015
33470  36.509  -55.719  28.017 0.1000000015
33479  37.192  -55.348  27.389 0.1000000015
33480  36.676  -55.598  27.622 0.1000000015
33489  36.588  -55.670  27.107 0.1000000015
33516  39.422  -56.084  24.948 0.1000000015
33539  45.750  -56.208  22.248 0.2000000030
33563  46.619  -55.219  21.736 0.1000000015
33567  42.632  -56.135  21.540 0.1000000015
33568  42.089  -56.229  21.308 0.2000000030
33706  39.314  -54.984  15.485 0.2000000030
33716  39.402  -54.956  14.940 0.2000000030
33730  40.510  -55.179  13.705 0.2000000030
33752  41.861  -55.360  12.772 0.2000000030
33768  44.470  -55.081  11.490 0.3000000119
33769  44.223  -55.422  11.810 0.4000000060
33772  40.911  -54.639  11.351 0.1000000015
33792  40.827  -55.199  11.134 0.1000000015
33803  44.536  -55.690  10.254 0.3000000119
33804  39.289  -55.418  10.323 0.1000000015
34770  44.533  -54.124  28.828 0.1000000015
34786  41.844  -54.091  27.939 0.1000000015
34790  38.615  -54.710  27.103 0.1000000015
34812  39.678  -54.854  25.702 0.1000000015
34813  39.122  -54.968  25.836 0.1000000015
34822  40.978  -55.107  24.808 0.1000000015
34869  42.023  -55.647  21.336 0.1000000015
34894  40.632  -55.342  20.193 0.1000000015
34938  39.651  -54.592  18.286 0.2000000030
34973  39.425  -54.424  17.260 0.2000000030
35002  39.375  -54.194  16.574 0.1000000015
35060  44.005  -54.496  12.003 0.3000000119
35063  41.776  -54.739  13.113 0.2000000030
35080  44.260  -54.654  11.630 0.3000000119
35082  42.962  -54.161  11.628 0.3000000119
35084  40.814  -54.061  11.469 0.1000000015
35103  44.447  -54.862  11.340 0.3000000119
36091  41.877  -53.838  26.721 0.1000000015
36238  39.742  -53.360  17.613 0.1000000015
36239  39.491  -53.625  17.056 0.1000000015
36261  39.365  -53.629  16.248 0.1000000015
36276  39.402  -53.710  15.477 0.1000000015
36289  39.578  -53.755  14.843 0.1000000015
36299  42.203  -52.851  13.322 0.1000000015
36300  41.519  -53.211  13.596 0.1000000015
36317  43.195  -53.781  12.367 0.3000000119
36335  43.401  -53.924  12.178 0.3000000119
36356  39.784  -53.286  11.010 0.1000000015
37308  44.802  -52.792  26.428 0.1000000015
37352  47.762  -52.960  24.748 0.1000000015
37502  39.690  -52.347  16.791 0.1000000015
37528  39.510  -53.049  15.054 0.1000000015
37563  42.464  -52.445  12.984 0.1000000015
37585  40.156  -52.598  11.187 0.1000000015
38535  50.226  -52.133  23.921 0.1000000015
38687  39.593  -52.298  16.440 0.1000000015
38709  39.484  -52.382  15.812 0.1000000015
38719  40.123  -52.029  14.411 0.1000000015
38720  39.645  -52.322  14.959 0.1000000015
38734  42.230  -52.054  13.191 0.1000000015
38735  41.725  -51.703  13.297 0.1000000015
38736  40.842  -51.855  13.774 0.1000000015
38755  41.913  -51.516  12.610 0.1000000015
38773  40.800  -51.397  11.278 0.1000000015
38790  40.429  -51.435  10.430 0.1000000015
38807  41.252  -50.788  9.250 0.1000000015
38825  41.507  -50.863  8.731 0.1000000015
39960  41.349  -50.325  10.678 0.1000000015
39977  41.550  -50.423  9.623 0.1000000015
42178  41.105  -48.648  13.877 0.1000000015
43269  42.122  -47.114  13.757 0.1000000015
43285  41.512  -47.967  12.419 0.1000000015
44377  42.508  -46.563  12.404 0.1000000015
44397  42.763  -46.561  11.359 0.1000000015
