#!ascii label  , from subject MOT01 vox2ras=TkReg
685
71274  23.713  -23.726  5.067 0.1428571492
70083  22.668  -24.472  5.119 0.1428571492
71297  23.464  -22.963  3.878 0.1428571492
71273  24.426  -23.479  5.681 0.1428571492
71296  23.915  -23.017  4.095 0.2857142985
71285  23.412  -23.468  4.485 0.1428571492
72378  24.698  -22.813  4.870 0.1428571492
72419  24.652  -22.322  2.778 0.5714285970
72406  25.128  -22.354  3.423 0.1428571492
74688  26.803  -20.753  3.250 0.2857142985
73481  26.251  -21.384  4.192 0.2857142985
74687  27.509  -20.121  3.501 0.1428571492
77158  28.312  -18.046  1.288 0.2857142985
77159  27.672  -18.569  1.032 0.1428571492
77145  27.867  -18.955  2.220 0.2857142985
79569  29.193  -16.356  0.326 0.2857142985
78370  29.252  -17.163  1.732 0.2857142985
80726  30.121  -15.290  -0.158 0.2857142985
80709  29.137  -16.108  -0.172 0.2857142985
82863  30.870  -13.497  -1.224 0.2857142985
85155  31.210  -11.226  -2.435 0.8571428657
83992  31.516  -12.337  -1.866 0.4285714328
81832  30.903  -14.185  -0.422 0.2857142985
87253  33.406  -9.402  -3.690 0.7142857313
86210  33.149  -10.073  -3.100 0.7142857313
86188  32.563  -10.669  -2.634 0.7142857313
84015  30.862  -11.855  -2.386 0.7142857313
87271  34.429  -8.913  -4.447 0.8571428657
87272  33.665  -8.765  -4.363 0.5714285970
88354  33.010  -8.877  -3.916 0.8571428657
86211  32.464  -10.110  -3.222 0.7142857313
86189  31.769  -10.699  -2.794 0.7142857313
88411  34.652  -7.366  -6.740 0.4285714328
88377  34.380  -8.232  -5.076 0.7142857313
88378  33.251  -8.164  -4.439 0.8571428657
91647  34.178  -5.156  -4.850 0.2857142985
91648  33.275  -5.255  -4.794 0.5714285970
89543  33.866  -6.648  -6.249 0.8571428657
90620  34.107  -6.318  -6.411 0.7142857313
89517  33.801  -7.561  -5.381 0.8571428657
92718  33.807  -3.871  -3.930 0.1428571492
92731  34.394  -4.332  -4.432 0.1428571492
92732  33.570  -4.613  -4.336 0.4285714328
91664  33.755  -5.657  -5.498 0.5714285970
90609  33.447  -6.157  -5.951 0.8571428657
94785  32.381  -2.083  -0.715 0.1428571492
93743  33.781  -2.822  -2.649 0.1428571492
93744  32.943  -3.354  -2.542 0.1428571492
93758  32.583  -3.966  -3.065 0.4285714328
91649  32.531  -5.431  -4.529 0.8571428657
95881  31.307  -1.468  0.347 0.1428571492
94768  32.043  -1.765  -0.103 0.1428571492
94810  31.902  -2.741  -1.259 0.1428571492
94811  30.885  -2.954  -1.290 0.4285714328
93745  32.016  -3.608  -2.555 0.5714285970
93759  31.704  -4.058  -3.183 0.7142857313
92735  31.294  -5.001  -3.786 0.8571428657
96983  30.708  -0.697  0.895 0.1428571492
96967  30.124  -0.018  1.180 0.1428571492
95900  30.574  -2.023  -0.186 0.1428571492
94787  30.434  -2.464  -0.815 0.5714285970
93746  31.067  -3.629  -2.693 0.8571428657
93773  31.400  -4.666  -3.667 0.8571428657
93760  30.755  -4.235  -3.444 0.8571428657
98045  30.411  0.821  1.543 0.1428571492
98046  29.536  0.597  1.413 0.2857142985
96984  29.755  -0.740  0.635 0.1428571492
96985  28.827  -0.645  0.260 0.8571428657
94812  29.808  -2.819  -1.591 0.8571428657
93730  30.590  -3.349  -2.009 0.7142857313
94813  29.160  -2.357  -2.025 0.8571428657
100362  29.264  2.417  1.672 0.1428571492
102510  29.780  4.014  0.993 0.1428571492
99211  28.754  1.289  1.573 0.4285714328
98066  27.667  0.116  0.127 0.8571428657
96986  28.158  -0.432  -0.096 0.8571428657
95902  28.830  -1.542  -0.688 0.8571428657
95923  28.644  -1.784  -1.815 0.8571428657
100363  28.263  2.370  1.638 0.4285714328
97003  27.679  -0.740  -0.774 0.8571428657
97002  28.315  -0.959  -0.473 0.8571428657
102511  29.078  4.002  1.042 0.1428571492
102526  28.768  4.663  0.988 0.2857142985
101470  27.812  3.290  1.520 0.8571428657
99212  27.756  1.515  1.360 0.8571428657
99235  27.342  0.975  0.653 0.8571428657
98067  27.031  0.523  0.020 0.8571428657
99236  26.541  1.397  0.267 0.8571428657
98081  27.155  -0.093  -0.421 0.8571428657
103695  28.803  5.403  0.743 0.2857142985
103682  28.275  4.994  1.163 0.7142857313
102512  28.225  4.188  1.284 0.5714285970
102513  27.357  4.125  1.440 0.8571428657
100365  26.558  2.384  1.093 0.8571428657
100378  26.012  2.469  0.392 0.8571428657
98082  26.578  0.341  -0.728 0.8571428657
103684  27.014  4.712  1.310 0.8571428657
103697  26.663  5.394  0.772 0.8571428657
101472  26.239  3.360  0.922 0.8571428657
102528  25.597  4.396  -0.071 0.7142857313
101484  25.697  3.437  0.222 0.7142857313
104812  27.535  6.300  0.542 0.8571428657
102527  26.054  4.321  0.641 0.8571428657
103712  26.320  6.066  0.070 0.8571428657
106907  28.386  8.256  -0.444 0.7142857313
105926  26.784  7.572  0.130 0.8571428657
106908  27.440  8.447  -0.052 0.8571428657
106909  26.400  8.598  0.015 0.8571428657
108759  26.928  10.169  -0.583 0.7142857313
103698  25.965  4.939  0.306 0.8571428657
108802  27.957  10.252  -5.416 0.1428571492
107861  28.046  9.096  -0.440 0.8571428657
108758  27.880  9.926  -0.657 0.7142857313
108766  27.659  10.709  -1.029 0.7142857313
108803  27.341  10.601  -5.845 0.1428571492
109669  28.198  11.180  -2.174 0.5714285970
109679  28.279  11.335  -3.327 0.5714285970
109670  27.443  12.096  -2.514 0.5714285970
109684  27.839  11.453  -4.379 0.1428571492
108812  25.415  10.919  -7.203 0.1428571492
110651  27.198  12.783  -3.334 0.5714285970
109714  24.881  11.546  -7.265 0.1428571492
109715  23.875  11.501  -7.820 0.1428571492
110668  26.700  12.506  -5.158 0.1428571492
109716  23.237  11.994  -8.131 0.1428571492
110656  27.328  12.329  -4.219 0.5714285970
110682  24.341  12.530  -7.285 0.1428571492
110678  24.952  12.881  -6.721 0.1428571492
110686  22.693  12.509  -8.318 0.1428571492
111652  24.269  13.735  -6.874 0.1428571492
70082  23.496  -24.369  5.614 0.1428571492
69015  22.703  -25.030  5.758 0.1428571492
72394  24.527  -22.720  4.122 0.2857142985
72393  25.296  -22.218  4.395 0.1428571492
73482  25.479  -21.832  3.839 0.2857142985
77144  28.576  -18.210  2.000 0.2857142985
75853  27.556  -19.500  2.788 0.1428571492
82864  29.774  -13.813  -1.375 0.2857142985
81833  30.162  -14.570  -0.746 0.2857142985
84014  31.355  -11.743  -2.314 0.4285714328
82881  30.768  -12.880  -1.806 0.5714285970
85156  30.490  -11.154  -2.436 0.7142857313
89541  35.184  -6.944  -7.061 0.1428571492
89519  32.186  -7.169  -4.532 0.8571428657
92733  32.824  -4.951  -4.041 0.7142857313
96966  31.011  0.188  1.323 0.1428571492
95883  29.456  -1.271  -0.038 0.8571428657
95901  29.741  -1.997  -0.612 0.8571428657
94828  29.316  -2.859  -2.366 0.8571428657
95924  27.929  -1.327  -1.798 0.8571428657
103696  27.877  5.608  0.978 0.8571428657
105925  27.807  7.613  0.035 0.8571428657
108765  28.542  10.242  -1.567 0.7142857313
110667  27.354  11.978  -4.762 0.1428571492
109704  25.651  11.570  -6.822 0.1428571492
109722  21.802  11.217  -8.735 0.1428571492
73493  25.650  -21.706  3.386 0.4285714328
73506  25.363  -21.660  2.593 0.2857142985
74702  27.095  -20.124  2.718 0.1428571492
78356  29.077  -17.635  1.937 0.2857142985
79553  29.373  -16.551  1.119 0.2857142985
78384  28.375  -17.281  0.806 0.2857142985
78372  28.210  -17.811  0.962 0.2857142985
79554  28.703  -16.971  0.892 0.2857142985
83993  30.506  -12.484  -2.152 0.7142857313
94809  32.977  -2.504  -1.289 0.1428571492
96982  31.860  -0.194  0.798 0.1428571492
99210  29.840  1.550  1.695 0.1428571492
101468  29.611  3.319  1.296 0.1428571492
98047  28.801  0.288  0.949 0.8571428657
93747  29.982  -3.443  -2.608 0.8571428657
93761  29.429  -3.850  -3.135 1.0000000000
102525  29.444  4.657  0.671 0.1428571492
105911  28.733  6.686  0.174 0.2857142985
100379  25.572  2.549  -0.349 0.8571428657
105912  28.105  6.903  0.286 0.5714285970
107860  28.682  8.899  -0.789 0.5714285970
108757  28.539  9.493  -0.914 0.7142857313
108783  28.758  10.454  -2.784 0.4285714328
107888  29.263  9.563  -2.448 0.2857142985
108793  28.694  10.424  -3.804 0.2857142985
108797  28.315  10.430  -4.684 0.1428571492
108798  27.771  10.856  -5.112 0.1428571492
109692  27.352  11.510  -5.205 0.1428571492
111645  26.073  13.323  -5.128 0.2857142985
108804  26.726  10.916  -6.299 0.1428571492
110681  25.153  12.215  -6.873 0.1428571492
110669  26.049  13.040  -5.549 0.1428571492
111651  25.080  13.389  -6.339 0.1428571492
108823  24.790  10.602  -7.637 0.1428571492
111656  23.620  13.274  -7.422 0.1428571492
111653  23.332  13.978  -7.253 0.1428571492
111663  22.004  13.123  -8.401 0.1428571492
105924  28.696  7.336  -0.208 0.4285714328
106906  29.021  7.842  -0.742 0.4285714328
106922  29.012  8.440  -0.909 0.4285714328
71284  24.099  -23.214  4.702 0.1428571492
70092  23.223  -24.056  4.914 0.1428571492
72407  24.180  -22.752  3.388 0.4285714328
71286  22.797  -23.205  4.336 0.2857142985
73492  26.108  -21.253  3.001 0.1428571492
78371  28.724  -17.468  1.330 0.2857142985
86212  31.660  -10.111  -3.304 0.7142857313
88396  34.558  -7.813  -6.106 0.8571428657
88379  32.348  -7.900  -4.152 0.8571428657
91663  34.678  -5.540  -5.758 0.5714285970
92719  33.109  -4.305  -3.635 0.5714285970
94786  31.352  -2.305  -0.501 0.2857142985
93727  33.380  -2.794  -1.986 0.1428571492
96968  29.394  -0.113  0.911 0.5714285970
99234  28.069  0.652  0.925 0.8571428657
101471  26.948  3.303  1.410 0.8571428657
99213  27.039  1.682  1.082 0.8571428657
99253  26.034  1.114  -0.456 0.8571428657
102514  26.635  4.234  1.219 0.8571428657
104826  26.790  6.523  0.217 0.8571428657
109680  27.682  12.043  -3.557 0.5714285970
108824  24.035  10.529  -8.182 0.1428571492
110657  26.883  13.014  -4.059 0.4285714328
110676  26.460  12.055  -5.913 0.1428571492
109721  22.786  11.403  -8.315 0.1428571492
109720  23.474  10.942  -8.099 0.1428571492
109703  26.327  11.560  -6.373 0.1428571492
110677  25.823  12.575  -6.209 0.1428571492
110683  23.407  12.549  -7.785 0.1428571492
77129  28.379  -18.720  2.884 0.1428571492
73505  25.892  -21.076  2.494 0.4285714328
79570  28.429  -16.612  0.273 0.5714285970
111634  25.654  13.856  -4.793 0.1428571492
78401  27.330  -17.250  0.436 0.5714285970
79572  25.919  -16.874  0.452 0.5714285970
78388  24.802  -17.389  0.561 0.2857142985
80729  27.531  -15.524  -0.848 0.5714285970
79594  26.235  -16.272  0.045 0.5714285970
77180  24.430  -18.080  0.726 0.4285714328
79593  27.317  -16.394  0.030 0.5714285970
79574  24.295  -16.447  0.375 0.2857142985
79596  24.823  -16.267  0.192 0.4285714328
81834  29.085  -14.631  -1.092 0.4285714328
81836  27.442  -14.558  -1.033 0.5714285970
80745  26.372  -14.727  -0.919 0.5714285970
81837  25.739  -14.813  -0.801 0.4285714328
82865  28.997  -13.758  -1.310 0.5714285970
82885  27.471  -13.672  -1.352 0.5714285970
81855  26.751  -14.246  -1.101 0.4285714328
82884  28.455  -13.314  -1.529 0.7142857313
83996  27.825  -12.756  -1.850 0.4285714328
83995  28.780  -12.561  -1.791 0.4285714328
80731  25.534  -15.556  -0.355 0.4285714328
80710  24.208  -15.947  0.254 0.2857142985
80711  23.798  -15.856  0.316 0.2857142985
81856  25.974  -14.161  -1.148 0.4285714328
82883  29.312  -13.133  -1.581 0.7142857313
84017  29.175  -11.865  -2.054 0.7142857313
85159  27.604  -11.211  -2.100 0.4285714328
86192  29.102  -10.346  -2.252 0.7142857313
86193  28.075  -10.421  -2.299 0.5714285970
87234  28.509  -9.665  -2.434 0.7142857313
87235  27.516  -9.613  -2.574 0.2857142985
84016  30.032  -11.871  -2.371 0.5714285970
85157  29.641  -11.111  -2.212 0.5714285970
85158  28.657  -11.134  -1.929 0.7142857313
87257  29.976  -9.394  -3.218 0.7142857313
88358  29.238  -8.493  -2.800 0.7142857313
88359  28.206  -7.910  -2.832 0.7142857313
89490  27.295  -7.926  -2.836 0.4285714328
89503  27.671  -7.152  -3.213 0.4285714328
87254  32.381  -9.455  -3.595 0.5714285970
86214  30.408  -9.824  -3.328 0.5714285970
87255  31.560  -9.389  -3.603 0.5714285970
88357  30.375  -8.472  -3.382 0.5714285970
89501  29.846  -7.482  -3.312 0.7142857313
90580  29.364  -6.408  -3.102 0.7142857313
91636  28.882  -5.278  -3.069 0.7142857313
90581  28.163  -6.219  -3.214 0.7142857313
90582  27.022  -6.228  -3.493 0.5714285970
91637  27.475  -5.019  -3.668 0.5714285970
89531  32.718  -6.867  -5.050 0.7142857313
89520  31.577  -7.099  -4.107 0.5714285970
89500  30.985  -7.483  -3.608 0.5714285970
90578  31.217  -6.618  -3.907 0.7142857313
90579  30.408  -6.579  -3.510 0.7142857313
92722  29.732  -4.678  -3.419 0.8571428657
92723  28.618  -4.263  -3.440 0.7142857313
92724  27.673  -3.772  -3.759 0.7142857313
93762  28.500  -3.202  -3.303 0.7142857313
92736  26.679  -4.094  -4.249 0.5714285970
93774  26.981  -3.354  -3.771 0.7142857313
90596  31.799  -6.514  -4.403 0.5714285970
93763  27.715  -2.864  -3.721 0.7142857313
93764  27.101  -2.705  -3.679 0.5714285970
95953  25.814  -1.546  -3.843 0.2857142985
97027  25.780  -0.398  -2.907 0.7142857313
93748  29.155  -3.162  -2.826 0.7142857313
94834  28.202  -2.265  -3.343 0.8571428657
94835  27.550  -2.162  -3.654 0.8571428657
95938  27.565  -1.296  -2.601 0.8571428657
97026  26.422  -0.647  -2.569 0.5714285970
98096  26.204  0.101  -1.668 0.8571428657
98110  25.410  0.418  -2.743 0.7142857313
95937  28.244  -1.703  -2.664 0.8571428657
97015  27.320  -0.907  -1.686 0.8571428657
98097  25.662  0.708  -1.761 0.8571428657
98083  25.950  0.718  -1.065 0.8571428657
99254  25.504  1.521  -0.915 0.8571428657
99265  25.184  1.591  -1.998 0.7142857313
103713  25.694  5.548  -0.275 0.7142857313
103725  24.903  5.501  -1.329 0.7142857313
104827  25.941  6.836  -0.169 0.5714285970
104840  25.165  6.602  -0.982 0.7142857313
105927  25.877  7.853  -0.119 0.8571428657
106910  25.379  8.616  -0.506 0.7142857313
106924  24.552  8.669  -1.137 0.7142857313
107873  24.804  9.774  -0.911 0.7142857313
106942  23.863  8.679  -1.738 0.5714285970
107863  26.055  9.570  -0.181 0.7142857313
107872  25.509  10.029  -0.550 0.7142857313
107889  24.183  9.553  -1.623 0.5714285970
108768  25.505  10.853  -0.944 0.4285714328
108760  26.128  10.375  -0.547 0.5714285970
107890  23.617  9.446  -2.093 0.5714285970
108769  24.417  10.629  -1.492 0.5714285970
108784  23.898  10.119  -2.030 0.5714285970
107891  23.021  9.576  -2.104 0.5714285970
106943  23.324  8.631  -2.110 0.4285714328
108770  23.684  10.796  -1.923 0.5714285970
108785  23.347  10.127  -2.131 0.5714285970
109655  25.052  11.671  -1.478 0.5714285970
107875  22.800  9.458  -1.492 0.4285714328
105943  22.648  7.652  -1.830 0.4285714328
108771  22.973  10.554  -1.713 0.5714285970
108786  23.045  10.119  -2.112 0.5714285970
109648  22.561  11.234  -1.060 0.4285714328
85153  32.410  -11.204  -2.162 0.2857142985
88380  31.736  -7.622  -3.972 0.5714285970
108761  22.676  10.328  -0.998 0.4285714328
108751  22.701  10.274  -0.255 0.2857142985
78386  26.227  -17.472  0.474 0.5714285970
75898  25.917  -18.711  0.766 0.5714285970
80728  28.576  -15.719  -0.715 0.2857142985
79592  27.968  -16.168  -0.421 0.4285714328
78387  25.687  -17.501  0.514 0.5714285970
80727  29.500  -15.422  -0.507 0.2857142985
81835  28.133  -14.810  -1.081 0.5714285970
81838  24.913  -14.800  -0.589 0.4285714328
82886  26.372  -13.536  -1.448 0.4285714328
80733  23.567  -15.203  -0.055 0.2857142985
84019  27.205  -12.062  -2.166 0.5714285970
86187  33.534  -10.209  -2.540 0.2857142985
86195  25.895  -10.360  -2.742 0.2857142985
88342  28.079  -8.774  -2.532 0.7142857313
94829  28.784  -2.416  -2.697 0.8571428657
95952  26.536  -1.437  -3.413 0.7142857313
101485  25.357  3.509  -0.618 0.7142857313
102542  25.225  4.513  -0.938 0.7142857313
101497  24.993  3.553  -1.470 0.7142857313
106923  24.986  8.116  -0.960 0.7142857313
106944  22.829  8.625  -1.964 0.2857142985
108767  26.691  11.011  -0.916 0.5714285970
109654  26.312  11.910  -1.658 0.5714285970
109656  24.178  11.598  -1.743 0.2857142985
82887  25.487  -13.507  -1.496 0.4285714328
88355  32.334  -8.706  -3.829 0.7142857313
86190  31.009  -10.621  -2.880 0.5714285970
91666  32.462  -5.880  -4.818 0.7142857313
92721  30.653  -5.089  -3.700 0.7142857313
91634  30.982  -5.867  -3.790 0.7142857313
83994  29.652  -12.523  -2.028 0.5714285970
100390  25.109  2.543  -1.154 0.7142857313
87256  30.759  -9.308  -3.518 0.5714285970
78402  26.709  -17.226  0.412 0.4285714328
79573  25.155  -16.760  0.416 0.5714285970
79595  25.359  -16.236  0.089 0.4285714328
77179  25.401  -18.232  0.637 0.5714285970
80730  26.511  -15.492  -0.597 0.5714285970
80744  26.926  -14.885  -0.829 0.5714285970
75899  25.480  -18.876  0.915 0.5714285970
80732  24.505  -15.653  -0.035 0.4285714328
82867  27.841  -14.257  -1.117 0.5714285970
81857  25.205  -14.091  -1.003 0.4285714328
84018  28.214  -11.942  -1.984 0.5714285970
86194  26.994  -10.400  -2.424 0.4285714328
85160  26.549  -11.269  -2.348 0.4285714328
86191  30.086  -10.318  -2.864 0.7142857313
87233  29.348  -9.571  -2.600 0.7142857313
87236  26.455  -9.543  -2.917 0.2857142985
88341  28.856  -9.118  -2.356 0.7142857313
89502  28.738  -7.314  -3.226 0.7142857313
88356  31.448  -8.442  -3.691 0.5714285970
91635  30.031  -5.615  -3.374 0.5714285970
91652  26.529  -4.953  -4.314 0.2857142985
94836  26.776  -2.196  -3.748 0.5714285970
94845  25.718  -2.390  -4.300 0.2857142985
97025  27.017  -0.932  -2.277 0.8571428657
105940  25.327  7.605  -0.696 0.7142857313
107864  25.303  9.422  -0.553 0.8571428657
81858  24.442  -14.044  -0.852 0.1428571492
83999  24.976  -12.910  -1.982 0.4285714328
72408  23.492  -22.355  3.394 0.4285714328
80694  29.974  -15.844  0.938 0.1428571492
80708  29.684  -15.884  0.265 0.1428571492
80707  30.323  -15.390  0.498 0.1428571492
81813  30.655  -14.844  -0.029 0.1428571492
81797  30.796  -14.880  0.675 0.1428571492
83971  32.437  -12.070  -0.912 0.1428571492
82846  31.503  -13.519  -0.212 0.1428571492
81812  31.142  -14.300  0.292 0.1428571492
83991  32.206  -11.904  -1.643 0.1428571492
87252  34.530  -9.300  -3.712 0.2857142985
87270  35.402  -8.944  -4.461 0.1428571492
112631  22.172  14.661  -7.563 0.1428571492
113554  21.621  15.569  -6.410 0.1428571492
111647  24.737  14.037  -6.160 0.1428571492
101503  24.567  3.551  -2.247 0.4285714328
102553  24.823  4.493  -1.849 0.5714285970
103726  24.427  5.315  -2.184 0.4285714328
112586  23.805  14.351  -2.702 0.2857142985
110640  24.380  12.930  -1.966 0.2857142985
110623  25.421  12.339  -1.901 0.2857142985
111614  25.430  13.652  -2.907 0.2857142985
102574  23.367  4.887  -3.342 0.1428571492
104841  24.309  6.481  -1.788 0.5714285970
105941  24.704  7.564  -1.363 0.5714285970
111604  24.051  13.194  -1.863 0.2857142985
104868  23.494  5.734  -2.741 0.4285714328
104842  23.847  7.039  -1.882 0.5714285970
110625  23.906  12.557  -1.694 0.2857142985
104869  23.068  5.927  -2.656 0.4285714328
104858  22.724  6.453  -2.235 0.2857142985
109658  22.848  11.627  -1.396 0.1428571492
109657  23.407  11.630  -1.675 0.1428571492
110627  22.531  12.064  -1.015 0.1428571492
110626  23.161  12.569  -1.183 0.1428571492
104843  22.295  6.765  -1.648 0.2857142985
109640  22.495  11.038  -0.478 0.2857142985
108750  22.989  10.320  0.512 0.1428571492
110620  22.423  11.783  -0.507 0.1428571492
110619  22.670  12.802  -0.373 0.1428571492
110607  22.513  11.486  -0.183 0.1428571492
110606  22.707  11.959  0.066 0.1428571492
110605  23.343  12.734  0.549 0.1428571492
73508  23.782  -21.651  2.842 0.4285714328
74706  23.593  -20.699  2.657 0.2857142985
79552  30.012  -16.020  1.422 0.1428571492
86176  32.951  -10.840  -2.161 0.1428571492
109653  27.463  11.421  -1.559 0.4285714328
111613  26.462  13.267  -2.874 0.2857142985
111605  23.617  13.643  -1.644 0.2857142985
111593  23.059  13.760  -0.785 0.2857142985
74707  22.476  -20.137  2.833 0.2857142985
75852  28.144  -19.326  3.487 0.1428571492
79537  29.574  -16.822  1.881 0.1428571492
103738  22.242  5.677  -2.445 0.1428571492
100398  24.730  2.633  -1.957 0.4285714328
103749  23.169  5.360  -3.170 0.2857142985
105959  23.624  7.712  -1.862 0.5714285970
109671  26.668  12.391  -2.312 0.4285714328
111616  23.779  14.094  -2.182 0.2857142985
112585  24.418  14.102  -2.997 0.2857142985
112600  24.008  14.685  -3.372 0.2857142985
112606  24.174  14.946  -4.231 0.1428571492
113522  23.260  15.436  -4.422 0.1428571492
112625  24.187  14.394  -6.303 0.1428571492
112620  24.371  14.738  -5.441 0.1428571492
112621  23.478  15.178  -5.671 0.1428571492
112619  25.185  14.224  -5.105 0.1428571492
88394  35.747  -8.868  -5.767 0.2857142985
110652  26.857  13.143  -3.534 0.4285714328
111629  25.677  13.949  -3.944 0.2857142985
112605  25.034  14.411  -4.512 0.1428571492
73507  24.371  -21.633  2.599 0.4285714328
72420  23.972  -22.260  2.824 0.4285714328
110637  26.823  12.761  -2.706 0.2857142985
111633  26.269  13.378  -4.440 0.2857142985
105958  24.146  7.998  -1.568 0.5714285970
110638  26.039  12.778  -2.348 0.2857142985
105942  24.109  7.361  -1.702 0.5714285970
110624  24.658  12.340  -1.833 0.2857142985
83972  31.698  -12.906  -0.789 0.1428571492
81796  31.305  -14.417  1.250 0.1428571492
85119  32.987  -11.399  -0.880 0.1428571492
102554  24.289  4.389  -2.553 0.2857142985
111615  24.258  13.585  -2.335 0.2857142985
104867  23.770  5.464  -2.796 0.2857142985
104856  23.924  5.797  -2.462 0.4285714328
104857  23.488  6.607  -2.242 0.4285714328
105960  23.068  7.649  -2.213 0.4285714328
74689  23.254  -21.010  3.053 0.2857142985
85135  33.323  -10.962  -1.099 0.1428571492
100399  24.502  2.679  -2.718 0.2857142985
112599  24.829  14.375  -3.609 0.2857142985
113537  23.575  15.338  -5.158 0.1428571492
94844  26.113  -2.543  -3.817 0.2857142985
113473  23.386  15.302  -0.690 0.1428571492
113483  23.447  15.200  -1.355 0.1428571492
111578  23.408  13.964  0.345 0.1428571492
112575  23.275  14.584  -1.182 0.1428571492
112587  23.586  14.775  -2.115 0.1428571492
112550  23.341  14.947  0.129 0.1428571492
112562  23.182  14.729  -0.482 0.1428571492
139258  23.715  15.631  -0.970 0.1428571492
139264  24.665  15.806  1.252 0.1428571492
139260  23.915  15.929  -0.006 0.1428571492
93783  26.458  -3.519  -4.108 0.2857142985
112549  23.808  14.979  0.930 0.1428571492
139261  24.149  15.908  -0.398 0.1428571492
139256  23.814  15.468  -1.869 0.1428571492
112601  23.444  15.094  -3.149 0.1428571492
112536  24.511  14.658  1.904 0.1428571492
75883  26.186  -19.372  1.172 0.4285714328
75867  27.074  -19.585  1.836 0.1428571492
77178  26.513  -18.228  0.536 0.2857142985
75882  27.017  -19.234  1.099 0.1428571492
77177  27.255  -17.860  0.502 0.2857142985
74720  26.031  -20.187  1.766 0.2857142985
79571  27.733  -16.919  0.407 0.2857142985
75884  24.918  -19.301  1.283 0.4285714328
75868  26.451  -19.953  1.728 0.1428571492
78385  27.872  -17.504  0.591 0.2857142985
103737  24.005  5.084  -2.769 0.2857142985
74722  24.370  -20.009  1.898 0.2857142985
74721  25.342  -20.101  1.727 0.2857142985
75885  23.905  -19.272  1.521 0.2857142985
83997  26.802  -12.818  -1.784 0.2857142985
84020  26.181  -12.133  -2.217 0.2857142985
85161  25.512  -11.381  -2.576 0.2857142985
88343  26.980  -8.774  -2.840 0.1428571492
89491  26.456  -8.063  -3.190 0.1428571492
89504  26.682  -7.224  -3.422 0.2857142985
91638  26.540  -5.578  -3.994 0.1428571492
94851  25.295  -2.513  -5.117 0.1428571492
95960  25.242  -1.596  -4.590 0.1428571492
97041  25.336  -0.627  -3.701 0.1428571492
97055  24.896  -0.845  -4.521 0.1428571492
98120  24.884  0.356  -3.502 0.1428571492
98121  24.312  0.374  -4.006 0.1428571492
101511  23.762  3.317  -3.670 0.1428571492
102565  23.324  3.775  -3.683 0.1428571492
102564  23.688  4.341  -3.221 0.1428571492
106926  22.816  8.596  -1.324 0.1428571492
105928  22.654  7.608  -1.067 0.1428571492
107874  22.804  9.082  -1.246 0.1428571492
106913  22.900  8.572  -0.519 0.1428571492
107866  22.813  9.397  -0.831 0.1428571492
73494  23.291  -21.483  3.246 0.2857142985
74704  25.656  -20.780  2.132 0.1428571492
99297  24.466  1.013  -3.425 0.1428571492
72409  22.916  -21.997  3.860 0.2857142985
83998  25.823  -12.843  -1.841 0.2857142985
84021  25.242  -12.266  -2.311 0.2857142985
89505  25.781  -7.572  -3.599 0.1428571492
91653  25.897  -5.373  -4.476 0.1428571492
92737  25.962  -4.589  -4.525 0.1428571492
92745  25.937  -3.922  -4.470 0.1428571492
94852  24.594  -2.519  -5.567 0.1428571492
95967  24.827  -1.882  -5.244 0.1428571492
95961  24.719  -1.258  -5.034 0.1428571492
97056  24.216  -0.537  -4.790 0.1428571492
99282  24.400  1.797  -3.086 0.1428571492
101512  23.373  3.371  -3.891 0.1428571492
84022  24.651  -12.391  -2.232 0.2857142985
74705  24.786  -20.877  2.180 0.2857142985
97040  26.017  -0.915  -3.334 0.1428571492
82888  24.662  -13.465  -1.465 0.1428571492
99281  24.950  1.250  -2.945 0.1428571492
101504  24.228  3.499  -3.018 0.1428571492
74723  23.578  -19.752  2.035 0.2857142985
85162  24.365  -11.644  -2.409 0.1428571492
97042  24.745  -0.265  -4.134 0.1428571492
73496  22.029  -21.235  3.964 0.1428571492
73495  22.502  -21.322  3.662 0.1428571492
73484  21.728  -21.282  4.471 0.1428571492
74690  22.823  -20.863  3.179 0.1428571492
87300  35.776  -8.477  -6.543 0.1428571492
87299  36.291  -8.792  -6.566 0.1428571492
106921  29.405  7.971  -1.405 0.1428571492
72395  22.507  -22.505  4.326 0.1428571492
75886  23.094  -19.115  1.774 0.1428571492
77162  24.175  -18.668  1.097 0.1428571492
75869  22.888  -19.656  2.310 0.1428571492
78389  23.804  -17.344  0.628 0.1428571492
105923  29.414  7.049  -0.904 0.1428571492
107870  29.567  8.410  -1.819 0.1428571492
79575  23.265  -16.524  0.568 0.1428571492
104810  29.156  6.062  0.167 0.1428571492
71298  23.005  -22.663  3.885 0.1428571492
88409  36.133  -8.182  -6.811 0.1428571492
81839  24.084  -14.695  -0.468 0.1428571492
73483  22.272  -21.744  4.228 0.1428571492
74691  21.900  -20.447  3.691 0.1428571492
77181  23.533  -18.073  0.935 0.1428571492
72421  23.637  -21.985  3.036 0.4285714328
77130  27.948  -19.091  2.860 0.1428571492
77143  29.158  -17.877  2.355 0.2857142985
77160  26.894  -18.941  0.819 0.1428571492
77161  24.891  -18.649  0.897 0.5714285970
77163  23.343  -18.602  1.324 0.1428571492
77193  27.067  -17.553  0.440 0.4285714328
77194  26.909  -17.752  0.452 0.2857142985
82866  28.332  -14.040  -1.166 0.5714285970
82882  30.150  -13.072  -1.745 0.5714285970
83952  31.773  -13.098  -0.359 0.1428571492
85136  32.707  -11.327  -1.583 0.1428571492
85137  32.143  -11.689  -1.985 0.1428571492
85154  31.840  -11.401  -2.351 0.8571428657
86213  30.893  -10.020  -3.367 0.7142857313
87232  33.798  -9.648  -3.139 0.2857142985
87287  35.871  -8.863  -6.241 0.1428571492
88344  26.254  -8.732  -3.268 0.1428571492
88375  35.948  -8.879  -5.234 0.2857142985
88376  35.259  -8.600  -5.155 0.1428571492
88395  35.270  -8.432  -6.001 0.1428571492
88410  35.356  -7.868  -6.736 0.4285714328
89492  26.036  -8.229  -3.443 0.1428571492
89518  32.958  -7.399  -4.858 0.8571428657
89529  34.055  -7.191  -6.240 0.8571428657
89530  33.392  -6.849  -5.586 0.8571428657
89539  36.488  -7.958  -6.805 0.1428571492
89542  34.367  -6.758  -6.746 0.7142857313
90595  32.366  -6.606  -4.790 0.7142857313
90608  34.096  -5.887  -6.189 0.7142857313
90610  32.766  -6.315  -5.238 0.7142857313
90611  32.247  -6.201  -4.711 0.7142857313
90619  34.751  -6.107  -6.662 0.1428571492
91633  31.413  -6.171  -4.145 0.5714285970
91650  31.760  -5.707  -4.245 0.7142857313
91651  31.190  -5.396  -3.869 0.8571428657
91665  32.936  -5.704  -5.290 0.8571428657
92720  32.292  -4.502  -3.524 0.7142857313
92734  31.962  -4.999  -3.864 0.8571428657
92738  25.562  -4.866  -4.609 0.1428571492
92744  26.253  -3.744  -4.316 0.1428571492
93728  32.438  -3.084  -1.916 0.1428571492
93729  31.462  -3.298  -1.944 0.1428571492
93756  34.124  -3.298  -3.364 0.1428571492
93757  33.396  -3.605  -3.202 0.1428571492
93772  31.608  -4.494  -3.542 0.8571428657
93775  26.409  -3.015  -3.751 0.2857142985
93776  25.842  -2.995  -4.060 0.2857142985
93784  26.026  -3.454  -4.209 0.2857142985
94837  26.199  -2.043  -3.837 0.5714285970
95882  30.222  -1.424  0.237 0.1428571492
95903  28.223  -1.336  -1.105 0.8571428657
95922  29.198  -2.117  -1.365 0.8571428657
95939  26.987  -1.203  -2.856 0.8571428657
95950  27.847  -1.714  -3.226 0.8571428657
95951  27.270  -1.599  -3.346 0.7142857313
97004  27.022  -0.468  -0.997 0.8571428657
97016  26.735  -0.468  -1.634 0.8571428657
98065  28.318  0.026  0.411 0.8571428657
98109  25.869  0.005  -2.306 0.8571428657
99237  25.916  1.808  -0.185 0.8571428657
99266  24.686  1.965  -2.494 0.1428571492
100364  27.373  2.418  1.438 0.8571428657
101469  28.710  3.268  1.416 0.1428571492
101520  22.873  3.274  -4.033 0.1428571492
102575  22.896  4.501  -3.606 0.1428571492
103683  27.561  4.887  1.279 0.8571428657
103748  23.595  5.166  -3.042 0.2857142985
104811  28.391  6.209  0.557 0.2857142985
104825  29.151  6.676  -0.241 0.1428571492
105913  27.404  6.985  0.208 0.8571428657
106911  24.974  9.117  -0.774 0.8571428657
106912  22.901  8.884  -1.020 0.1428571492
106925  22.805  8.851  -1.232 0.1428571492
107862  27.133  9.334  -0.242 0.8571428657
107865  22.829  9.109  -1.098 0.1428571492
107871  29.215  9.037  -1.449 0.4285714328
107897  29.173  9.673  -3.454 0.2857142985
108822  25.497  10.288  -7.340 0.1428571492
108836  23.260  10.444  -8.403 0.1428571492
109638  23.178  11.692  0.476 0.1428571492
109652  28.050  10.970  -1.524 0.7142857313
109683  28.344  10.954  -4.068 0.2857142985
109693  26.834  11.527  -5.808 0.1428571492
110639  25.028  12.938  -2.219 0.2857142985
111579  23.207  14.219  -0.202 0.1428571492
111612  26.930  13.100  -2.969 0.2857142985
111627  26.819  13.211  -3.233 0.4285714328
111628  26.386  13.436  -3.551 0.2857142985
111646  25.407  13.660  -5.602 0.1428571492
113465  23.390  15.303  -0.234 0.1428571492
113521  23.913  15.262  -4.793 0.1428571492
139234  23.917  15.986  -0.339 0.1428571492
139257  23.944  15.703  -1.288 0.1428571492
