#!ascii label  , from subject MOT01 vox2ras=TkReg
279
91635  30.031  -5.615  -3.374 0.0000000000
81835  28.133  -14.810  -1.081 0.0000000000
97027  25.780  -0.398  -2.907 0.0000000000
108784  23.898  10.119  -2.030 0.0000000000
79594  26.235  -16.272  0.045 0.0000000000
100365  26.558  2.384  1.093 0.0000000000
103712  26.320  6.066  0.070 0.0000000000
88359  28.206  -7.910  -2.832 0.0000000000
86191  30.086  -10.318  -2.864 0.0000000000
88355  32.334  -8.706  -3.829 0.0000000000
93746  31.067  -3.629  -2.693 0.0000000000
90620  34.107  -6.318  -6.411 0.0000000000
93763  27.715  -2.864  -3.721 0.0000000000
97002  28.315  -0.959  -0.473 0.0000000000
105958  24.146  7.998  -1.568 0.0000000000
106909  26.400  8.598  0.015 0.0000000000
82881  30.768  -12.880  -1.806 0.0000000000
101485  25.357  3.509  -0.618 0.0000000000
103725  24.903  5.501  -1.329 0.0000000000
90580  29.364  -6.408  -3.102 0.0000000000
88357  30.375  -8.472  -3.382 0.0000000000
89520  31.577  -7.099  -4.107 0.0000000000
80729  27.531  -15.524  -0.848 0.0000000000
95952  26.536  -1.437  -3.413 0.0000000000
95937  28.244  -1.703  -2.664 0.0000000000
97015  27.320  -0.907  -1.686 0.0000000000
102513  27.357  4.125  1.440 0.0000000000
99212  27.756  1.515  1.360 0.0000000000
108786  23.045  10.119  -2.112 0.0000000000
105959  23.624  7.712  -1.862 0.0000000000
107889  24.183  9.553  -1.623 0.0000000000
110656  27.328  12.329  -4.219 0.0000000000
109679  28.279  11.335  -3.327 0.0000000000
108759  26.928  10.169  -0.583 0.0000000000
108765  28.542  10.242  -1.567 0.0000000000
107861  28.046  9.096  -0.440 0.0000000000
86189  31.769  -10.699  -2.794 0.0000000000
84016  30.032  -11.871  -2.371 0.0000000000
78387  25.687  -17.501  0.514 0.0000000000
98083  25.950  0.718  -1.065 0.0000000000
100379  25.572  2.549  -0.349 0.0000000000
102527  26.054  4.321  0.641 0.0000000000
104812  27.535  6.300  0.542 0.0000000000
86193  28.075  -10.421  -2.299 0.0000000000
88341  28.856  -9.118  -2.356 0.0000000000
87256  30.759  -9.308  -3.518 0.0000000000
87253  33.406  -9.402  -3.690 0.0000000000
93760  30.755  -4.235  -3.444 0.0000000000
91666  32.462  -5.880  -4.818 0.0000000000
92733  32.824  -4.951  -4.041 0.0000000000
91637  27.475  -5.019  -3.668 0.0000000000
92736  26.679  -4.094  -4.249 0.0000000000
92723  28.618  -4.263  -3.440 0.0000000000
93748  29.155  -3.162  -2.826 0.0000000000
94813  29.160  -2.357  -2.025 0.0000000000
95883  29.456  -1.271  -0.038 0.0000000000
98067  27.031  0.523  0.020 0.0000000000
98047  28.801  0.288  0.949 0.0000000000
104841  24.309  6.481  -1.788 0.0000000000
108768  25.505  10.853  -0.944 0.0000000000
107872  25.509  10.029  -0.550 0.0000000000
106910  25.379  8.616  -0.506 0.0000000000
104840  25.165  6.602  -0.982 0.0000000000
105926  26.784  7.572  0.130 0.0000000000
105925  27.807  7.613  0.035 0.0000000000
82885  27.471  -13.672  -1.352 0.0000000000
85158  28.657  -11.134  -1.929 0.0000000000
89517  33.801  -7.561  -5.381 0.0000000000
87271  34.429  -8.913  -4.447 0.0000000000
102553  24.823  4.493  -1.849 0.0000000000
90579  30.408  -6.579  -3.510 0.0000000000
90578  31.217  -6.618  -3.907 0.0000000000
75899  25.480  -18.876  0.915 0.0000000000
75898  25.917  -18.711  0.766 0.0000000000
97026  26.422  -0.647  -2.569 0.0000000000
97025  27.017  -0.932  -2.277 0.0000000000
103682  28.275  4.994  1.163 0.0000000000
102512  28.225  4.188  1.284 0.0000000000
108785  23.347  10.127  -2.131 0.0000000000
107891  23.021  9.576  -2.104 0.0000000000
107890  23.617  9.446  -2.093 0.0000000000
109669  28.198  11.180  -2.174 0.0000000000
108783  28.758  10.454  -2.784 0.0000000000
86188  32.563  -10.669  -2.634 0.0000000000
85155  31.210  -11.226  -2.435 0.0000000000
80745  26.372  -14.727  -0.919 0.0000000000
99265  25.184  1.591  -1.998 0.0000000000
100390  25.109  2.543  -1.154 0.0000000000
102528  25.597  4.396  -0.071 0.0000000000
103698  25.965  4.939  0.306 0.0000000000
103697  26.663  5.394  0.772 0.0000000000
108771  22.973  10.554  -1.713 0.0000000000
88342  28.079  -8.774  -2.532 0.0000000000
88358  29.238  -8.493  -2.800 0.0000000000
88356  31.448  -8.442  -3.691 0.0000000000
87255  31.560  -9.389  -3.603 0.0000000000
87254  32.381  -9.455  -3.595 0.0000000000
88354  33.010  -8.877  -3.916 0.0000000000
79572  25.919  -16.874  0.452 0.0000000000
78386  26.227  -17.472  0.474 0.0000000000
93773  31.400  -4.666  -3.667 0.0000000000
93759  31.704  -4.058  -3.183 0.0000000000
90582  27.022  -6.228  -3.493 0.0000000000
93764  27.101  -2.705  -3.679 0.0000000000
93774  26.981  -3.354  -3.771 0.0000000000
92724  27.673  -3.772  -3.759 0.0000000000
93762  28.500  -3.202  -3.303 0.0000000000
93761  29.429  -3.850  -3.135 0.0000000000
95924  27.929  -1.327  -1.798 0.0000000000
95923  28.644  -1.784  -1.815 0.0000000000
95902  28.830  -1.542  -0.688 0.0000000000
95901  29.741  -1.997  -0.612 0.0000000000
99253  26.034  1.114  -0.456 0.0000000000
98082  26.578  0.341  -0.728 0.0000000000
99236  26.541  1.397  0.267 0.0000000000
99234  28.069  0.652  0.925 0.0000000000
96968  29.394  -0.113  0.911 0.0000000000
104857  23.488  6.607  -2.242 0.0000000000
104842  23.847  7.039  -1.882 0.0000000000
105942  24.109  7.361  -1.702 0.0000000000
109670  27.443  12.096  -2.514 0.0000000000
110651  27.198  12.783  -3.334 0.0000000000
109654  26.312  11.910  -1.658 0.0000000000
108767  26.691  11.011  -0.916 0.0000000000
107863  26.055  9.570  -0.181 0.0000000000
105940  25.327  7.605  -0.696 0.0000000000
105927  25.877  7.853  -0.119 0.0000000000
104827  25.941  6.836  -0.169 0.0000000000
107860  28.682  8.899  -0.789 0.0000000000
106907  28.386  8.256  -0.444 0.0000000000
105924  28.696  7.336  -0.208 0.0000000000
82886  26.372  -13.536  -1.448 0.0000000000
86192  29.102  -10.346  -2.252 0.0000000000
83993  30.506  -12.484  -2.152 0.0000000000
84017  29.175  -11.865  -2.054 0.0000000000
83994  29.652  -12.523  -2.028 0.0000000000
82883  29.312  -13.133  -1.581 0.0000000000
90609  33.447  -6.157  -5.951 0.0000000000
89531  32.718  -6.867  -5.050 0.0000000000
89543  33.866  -6.648  -6.249 0.0000000000
101497  24.993  3.553  -1.470 0.0000000000
102542  25.225  4.513  -0.938 0.0000000000
103713  25.694  5.548  -0.275 0.0000000000
89502  28.738  -7.314  -3.226 0.0000000000
89501  29.846  -7.482  -3.312 0.0000000000
89500  30.985  -7.483  -3.608 0.0000000000
88380  31.736  -7.622  -3.972 0.0000000000
79593  27.317  -16.394  0.030 0.0000000000
78401  27.330  -17.250  0.436 0.0000000000
79570  28.429  -16.612  0.273 0.0000000000
93730  30.590  -3.349  -2.009 0.0000000000
93745  32.016  -3.608  -2.555 0.0000000000
94836  26.776  -2.196  -3.748 0.0000000000
94835  27.550  -2.162  -3.654 0.0000000000
94834  28.202  -2.265  -3.343 0.0000000000
95938  27.565  -1.296  -2.601 0.0000000000
97003  27.679  -0.740  -0.774 0.0000000000
101471  26.948  3.303  1.410 0.0000000000
99213  27.039  1.682  1.082 0.0000000000
101470  27.812  3.290  1.520 0.0000000000
100363  28.263  2.370  1.638 0.0000000000
106942  23.863  8.679  -1.738 0.0000000000
109680  27.682  12.043  -3.557 0.0000000000
108766  27.659  10.709  -1.029 0.0000000000
108758  27.880  9.926  -0.657 0.0000000000
108757  28.539  9.493  -0.914 0.0000000000
86190  31.009  -10.621  -2.880 0.0000000000
85157  29.641  -11.111  -2.212 0.0000000000
85156  30.490  -11.154  -2.436 0.0000000000
84015  30.862  -11.855  -2.386 0.0000000000
77179  25.401  -18.232  0.637 0.0000000000
79573  25.155  -16.760  0.416 0.0000000000
80730  26.511  -15.492  -0.597 0.0000000000
80744  26.926  -14.885  -0.829 0.0000000000
81836  27.442  -14.558  -1.033 0.0000000000
98110  25.410  0.418  -2.743 0.0000000000
98096  26.204  0.101  -1.668 0.0000000000
98097  25.662  0.708  -1.761 0.0000000000
99254  25.504  1.521  -0.915 0.0000000000
100378  26.012  2.469  0.392 0.0000000000
101484  25.697  3.437  0.222 0.0000000000
101472  26.239  3.360  0.922 0.0000000000
102514  26.635  4.234  1.219 0.0000000000
103684  27.014  4.712  1.310 0.0000000000
103696  27.877  5.608  0.978 0.0000000000
108770  23.684  10.796  -1.923 0.0000000000
87234  28.509  -9.665  -2.434 0.0000000000
87233  29.348  -9.571  -2.600 0.0000000000
87257  29.976  -9.394  -3.218 0.0000000000
86214  30.408  -9.824  -3.328 0.0000000000
86212  31.660  -10.111  -3.304 0.0000000000
86211  32.464  -10.110  -3.222 0.0000000000
86210  33.149  -10.073  -3.100 0.0000000000
92721  30.653  -5.089  -3.700 0.0000000000
91634  30.982  -5.867  -3.790 0.0000000000
92735  31.294  -5.001  -3.786 0.0000000000
91649  32.531  -5.431  -4.529 0.0000000000
91664  33.755  -5.657  -5.498 0.0000000000
92719  33.109  -4.305  -3.635 0.0000000000
91648  33.275  -5.255  -4.794 0.0000000000
91663  34.678  -5.540  -5.758 0.0000000000
90581  28.163  -6.219  -3.214 0.0000000000
91636  28.882  -5.278  -3.069 0.0000000000
92722  29.732  -4.678  -3.419 0.0000000000
93747  29.982  -3.443  -2.608 0.0000000000
94829  28.784  -2.416  -2.697 0.0000000000
94828  29.316  -2.859  -2.366 0.0000000000
94812  29.808  -2.819  -1.591 0.0000000000
94787  30.434  -2.464  -0.815 0.0000000000
98081  27.155  -0.093  -0.421 0.0000000000
99235  27.342  0.975  0.653 0.0000000000
98066  27.667  0.116  0.127 0.0000000000
96986  28.158  -0.432  -0.096 0.0000000000
96985  28.827  -0.645  0.260 0.0000000000
109655  25.052  11.671  -1.478 0.0000000000
108769  24.417  10.629  -1.492 0.0000000000
107873  24.804  9.774  -0.911 0.0000000000
106924  24.552  8.669  -1.137 0.0000000000
108760  26.128  10.375  -0.547 0.0000000000
107864  25.303  9.422  -0.553 0.0000000000
106923  24.986  8.116  -0.960 0.0000000000
105941  24.704  7.564  -1.363 0.0000000000
106908  27.440  8.447  -0.052 0.0000000000
104826  26.790  6.523  0.217 0.0000000000
105912  28.105  6.903  0.286 0.0000000000
81855  26.751  -14.246  -1.101 0.0000000000
82867  27.841  -14.257  -1.117 0.0000000000
84019  27.205  -12.062  -2.166 0.0000000000
84018  28.214  -11.942  -1.984 0.0000000000
83996  27.825  -12.756  -1.850 0.0000000000
82884  28.455  -13.314  -1.529 0.0000000000
82865  28.997  -13.758  -1.310 0.0000000000
90596  31.799  -6.514  -4.403 0.0000000000
89519  32.186  -7.169  -4.532 0.0000000000
88379  32.348  -7.900  -4.152 0.0000000000
88396  34.558  -7.813  -6.106 0.0000000000
88377  34.380  -8.232  -5.076 0.0000000000
88378  33.251  -8.164  -4.439 0.0000000000
87272  33.665  -8.765  -4.363 0.0000000000
77161  24.891  -18.649  0.897 0.0000000000
81837  25.739  -14.813  -0.801 0.0000000000
82866  28.332  -14.040  -1.166 0.0000000000
82882  30.150  -13.072  -1.745 0.0000000000
84014  31.355  -11.743  -2.314 0.0000000000
85154  31.840  -11.401  -2.351 0.0000000000
86213  30.893  -10.020  -3.367 0.0000000000
89518  32.958  -7.399  -4.858 0.0000000000
89529  34.055  -7.191  -6.240 0.0000000000
89530  33.392  -6.849  -5.586 0.0000000000
89542  34.367  -6.758  -6.746 0.0000000000
90595  32.366  -6.606  -4.790 0.0000000000
90608  34.096  -5.887  -6.189 0.0000000000
90610  32.766  -6.315  -5.238 0.0000000000
90611  32.247  -6.201  -4.711 0.0000000000
91633  31.413  -6.171  -4.145 0.0000000000
91650  31.760  -5.707  -4.245 0.0000000000
91651  31.190  -5.396  -3.869 0.0000000000
91665  32.936  -5.704  -5.290 0.0000000000
92720  32.292  -4.502  -3.524 0.0000000000
92734  31.962  -4.999  -3.864 0.0000000000
93772  31.608  -4.494  -3.542 0.0000000000
94837  26.199  -2.043  -3.837 0.0000000000
95903  28.223  -1.336  -1.105 0.0000000000
95922  29.198  -2.117  -1.365 0.0000000000
95939  26.987  -1.203  -2.856 0.0000000000
95950  27.847  -1.714  -3.226 0.0000000000
95951  27.270  -1.599  -3.346 0.0000000000
97004  27.022  -0.468  -0.997 0.0000000000
97016  26.735  -0.468  -1.634 0.0000000000
98065  28.318  0.026  0.411 0.0000000000
98109  25.869  0.005  -2.306 0.0000000000
99237  25.916  1.808  -0.185 0.0000000000
100364  27.373  2.418  1.438 0.0000000000
103683  27.561  4.887  1.279 0.0000000000
105913  27.404  6.985  0.208 0.0000000000
106911  24.974  9.117  -0.774 0.0000000000
107862  27.133  9.334  -0.242 0.0000000000
109652  28.050  10.970  -1.524 0.0000000000
109653  27.463  11.421  -1.559 0.0000000000
